/*--------------------------------*- C++ -*----------------------------------*\
  =========                 |
  \\      /  F ield         | OpenFOAM: The Open Source CFD Toolbox
   \\    /   O peration     | Website:  https://openfoam.org
    \\  /    A nd           | Version:  dev
     \\/     M anipulation  |

   OpenFOAM for Windows 20.09 (v1)
   Built by CFD Support, www.cfdsupport.com (based on Symscape).
\*---------------------------------------------------------------------------*/
FoamFile
{
    version     2.0;
    format      ascii;
    class       vectorField;
    location    "constant/polyMesh";
    object      points;
}
// * * * * * * * * * * * * * * * * * * * * * * * * * * * * * * * * * * * * * //


288
(
(0 0.0875 0)
(0.05 0.0875 0)
(0.1 0.0875 0)
(0.15 0.0875 0)
(0.2 0.0875 0)
(0 0.08833333333 0)
(0.05 0.08833333333 0)
(0.1 0.08833333333 0)
(0.15 0.08833333333 0)
(0.2 0.08833333333 0)
(0 0.08916666667 0)
(0.05 0.08916666667 0)
(0.1 0.08916666667 0)
(0.15 0.08916666667 0)
(0.2 0.08916666667 0)
(0 0.09 0)
(0.05 0.09 0)
(0.1 0.09 0)
(0.15 0.09 0)
(0.2 0.09 0)
(0 0.09083333333 0)
(0.05 0.09083333333 0)
(0.1 0.09083333333 0)
(0.15 0.09083333333 0)
(0.2 0.09083333333 0)
(0 0.09166666667 0)
(0.05 0.09166666667 0)
(0.1 0.09166666667 0)
(0.15 0.09166666667 0)
(0.2 0.09166666667 0)
(0 0.0925 0)
(0.05 0.0925 0)
(0.1 0.0925 0)
(0.15 0.0925 0)
(0.2 0.0925 0)
(0 0.09333333333 0)
(0.05 0.09333333333 0)
(0.1 0.09333333333 0)
(0.15 0.09333333333 0)
(0.2 0.09333333333 0)
(0 0.09416666667 0)
(0.05 0.09416666667 0)
(0.1 0.09416666667 0)
(0.15 0.09416666667 0)
(0.2 0.09416666667 0)
(0 0.095 0)
(0.05 0.095 0)
(0.1 0.095 0)
(0.15 0.095 0)
(0.2 0.095 0)
(0 0.09583333333 0)
(0.05 0.09583333333 0)
(0.1 0.09583333333 0)
(0.15 0.09583333333 0)
(0.2 0.09583333333 0)
(0 0.09666666667 0)
(0.05 0.09666666667 0)
(0.1 0.09666666667 0)
(0.15 0.09666666667 0)
(0.2 0.09666666667 0)
(0 0.0975 0)
(0.05 0.0975 0)
(0.1 0.0975 0)
(0.15 0.0975 0)
(0.2 0.0975 0)
(0 0.09833333333 0)
(0.05 0.09833333333 0)
(0.1 0.09833333333 0)
(0.15 0.09833333333 0)
(0.2 0.09833333333 0)
(0 0.09916666667 0)
(0.05 0.09916666667 0)
(0.1 0.09916666667 0)
(0.15 0.09916666667 0)
(0.2 0.09916666667 0)
(0 0.1 0)
(0.05 0.1 0)
(0.1 0.1 0)
(0.15 0.1 0)
(0.2 0.1 0)
(0 0.0875 0.001)
(0.05 0.0875 0.001)
(0.1 0.0875 0.001)
(0.15 0.0875 0.001)
(0.2 0.0875 0.001)
(0 0.08833333333 0.001)
(0.05 0.08833333333 0.001)
(0.1 0.08833333333 0.001)
(0.15 0.08833333333 0.001)
(0.2 0.08833333333 0.001)
(0 0.08916666667 0.001)
(0.05 0.08916666667 0.001)
(0.1 0.08916666667 0.001)
(0.15 0.08916666667 0.001)
(0.2 0.08916666667 0.001)
(0 0.09 0.001)
(0.05 0.09 0.001)
(0.1 0.09 0.001)
(0.15 0.09 0.001)
(0.2 0.09 0.001)
(0 0.09083333333 0.001)
(0.05 0.09083333333 0.001)
(0.1 0.09083333333 0.001)
(0.15 0.09083333333 0.001)
(0.2 0.09083333333 0.001)
(0 0.09166666667 0.001)
(0.05 0.09166666667 0.001)
(0.1 0.09166666667 0.001)
(0.15 0.09166666667 0.001)
(0.2 0.09166666667 0.001)
(0 0.0925 0.001)
(0.05 0.0925 0.001)
(0.1 0.0925 0.001)
(0.15 0.0925 0.001)
(0.2 0.0925 0.001)
(0 0.09333333333 0.001)
(0.05 0.09333333333 0.001)
(0.1 0.09333333333 0.001)
(0.15 0.09333333333 0.001)
(0.2 0.09333333333 0.001)
(0 0.09416666667 0.001)
(0.05 0.09416666667 0.001)
(0.1 0.09416666667 0.001)
(0.15 0.09416666667 0.001)
(0.2 0.09416666667 0.001)
(0 0.095 0.001)
(0.05 0.095 0.001)
(0.1 0.095 0.001)
(0.15 0.095 0.001)
(0.2 0.095 0.001)
(0 0.09583333333 0.001)
(0.05 0.09583333333 0.001)
(0.1 0.09583333333 0.001)
(0.15 0.09583333333 0.001)
(0.2 0.09583333333 0.001)
(0 0.09666666667 0.001)
(0.05 0.09666666667 0.001)
(0.1 0.09666666667 0.001)
(0.15 0.09666666667 0.001)
(0.2 0.09666666667 0.001)
(0 0.0975 0.001)
(0.05 0.0975 0.001)
(0.1 0.0975 0.001)
(0.15 0.0975 0.001)
(0.2 0.0975 0.001)
(0 0.09833333333 0.001)
(0.05 0.09833333333 0.001)
(0.1 0.09833333333 0.001)
(0.15 0.09833333333 0.001)
(0.2 0.09833333333 0.001)
(0 0.09916666667 0.001)
(0.05 0.09916666667 0.001)
(0.1 0.09916666667 0.001)
(0.15 0.09916666667 0.001)
(0.2 0.09916666667 0.001)
(0 0.1 0.001)
(0.05 0.1 0.001)
(0.1 0.1 0.001)
(0.15 0.1 0.001)
(0.2 0.1 0.001)
(0.25 0.0875 0)
(0.3 0.0875 0)
(0.35 0.0875 0)
(0.4 0.0875 0)
(0.25 0.08833333333 0)
(0.3 0.08833333333 0)
(0.35 0.08833333333 0)
(0.4 0.08833333333 0)
(0.25 0.08916666667 0)
(0.3 0.08916666667 0)
(0.35 0.08916666667 0)
(0.4 0.08916666667 0)
(0.25 0.09 0)
(0.3 0.09 0)
(0.35 0.09 0)
(0.4 0.09 0)
(0.25 0.09083333333 0)
(0.3 0.09083333333 0)
(0.35 0.09083333333 0)
(0.4 0.09083333333 0)
(0.25 0.09166666667 0)
(0.3 0.09166666667 0)
(0.35 0.09166666667 0)
(0.4 0.09166666667 0)
(0.25 0.0925 0)
(0.3 0.0925 0)
(0.35 0.0925 0)
(0.4 0.0925 0)
(0.25 0.09333333333 0)
(0.3 0.09333333333 0)
(0.35 0.09333333333 0)
(0.4 0.09333333333 0)
(0.25 0.09416666667 0)
(0.3 0.09416666667 0)
(0.35 0.09416666667 0)
(0.4 0.09416666667 0)
(0.25 0.095 0)
(0.3 0.095 0)
(0.35 0.095 0)
(0.4 0.095 0)
(0.25 0.09583333333 0)
(0.3 0.09583333333 0)
(0.35 0.09583333333 0)
(0.4 0.09583333333 0)
(0.25 0.09666666667 0)
(0.3 0.09666666667 0)
(0.35 0.09666666667 0)
(0.4 0.09666666667 0)
(0.25 0.0975 0)
(0.3 0.0975 0)
(0.35 0.0975 0)
(0.4 0.0975 0)
(0.25 0.09833333333 0)
(0.3 0.09833333333 0)
(0.35 0.09833333333 0)
(0.4 0.09833333333 0)
(0.25 0.09916666667 0)
(0.3 0.09916666667 0)
(0.35 0.09916666667 0)
(0.4 0.09916666667 0)
(0.25 0.1 0)
(0.3 0.1 0)
(0.35 0.1 0)
(0.4 0.1 0)
(0.25 0.0875 0.001)
(0.3 0.0875 0.001)
(0.35 0.0875 0.001)
(0.4 0.0875 0.001)
(0.25 0.08833333333 0.001)
(0.3 0.08833333333 0.001)
(0.35 0.08833333333 0.001)
(0.4 0.08833333333 0.001)
(0.25 0.08916666667 0.001)
(0.3 0.08916666667 0.001)
(0.35 0.08916666667 0.001)
(0.4 0.08916666667 0.001)
(0.25 0.09 0.001)
(0.3 0.09 0.001)
(0.35 0.09 0.001)
(0.4 0.09 0.001)
(0.25 0.09083333333 0.001)
(0.3 0.09083333333 0.001)
(0.35 0.09083333333 0.001)
(0.4 0.09083333333 0.001)
(0.25 0.09166666667 0.001)
(0.3 0.09166666667 0.001)
(0.35 0.09166666667 0.001)
(0.4 0.09166666667 0.001)
(0.25 0.0925 0.001)
(0.3 0.0925 0.001)
(0.35 0.0925 0.001)
(0.4 0.0925 0.001)
(0.25 0.09333333333 0.001)
(0.3 0.09333333333 0.001)
(0.35 0.09333333333 0.001)
(0.4 0.09333333333 0.001)
(0.25 0.09416666667 0.001)
(0.3 0.09416666667 0.001)
(0.35 0.09416666667 0.001)
(0.4 0.09416666667 0.001)
(0.25 0.095 0.001)
(0.3 0.095 0.001)
(0.35 0.095 0.001)
(0.4 0.095 0.001)
(0.25 0.09583333333 0.001)
(0.3 0.09583333333 0.001)
(0.35 0.09583333333 0.001)
(0.4 0.09583333333 0.001)
(0.25 0.09666666667 0.001)
(0.3 0.09666666667 0.001)
(0.35 0.09666666667 0.001)
(0.4 0.09666666667 0.001)
(0.25 0.0975 0.001)
(0.3 0.0975 0.001)
(0.35 0.0975 0.001)
(0.4 0.0975 0.001)
(0.25 0.09833333333 0.001)
(0.3 0.09833333333 0.001)
(0.35 0.09833333333 0.001)
(0.4 0.09833333333 0.001)
(0.25 0.09916666667 0.001)
(0.3 0.09916666667 0.001)
(0.35 0.09916666667 0.001)
(0.4 0.09916666667 0.001)
(0.25 0.1 0.001)
(0.3 0.1 0.001)
(0.35 0.1 0.001)
(0.4 0.1 0.001)
)


// ************************************************************************* //
