/*--------------------------------*- C++ -*----------------------------------*\
  =========                 |
  \\      /  F ield         | OpenFOAM: The Open Source CFD Toolbox
   \\    /   O peration     | Website:  https://openfoam.org
    \\  /    A nd           | Version:  dev
     \\/     M anipulation  |

   OpenFOAM for Windows 20.09 (v1)
   Built by CFD Support, www.cfdsupport.com (based on Symscape).
\*---------------------------------------------------------------------------*/
FoamFile
{
    version     2.0;
    format      ascii;
    class       volVectorField;
    location    "100";
    object      U;
}
// * * * * * * * * * * * * * * * * * * * * * * * * * * * * * * * * * * * * * //

dimensions      [0 1 -1 0 0 0 0];

internalField   nonuniform List<vector> 
1600
(
(0.0850564 -3.48473e-08 0)
(0.0850563 -1.79217e-08 0)
(0.0850563 1.85692e-08 0)
(0.0850563 1.26106e-08 0)
(0.0850563 -2.47764e-09 0)
(0.0850563 -4.49496e-09 0)
(0.0850563 -1.15973e-09 0)
(0.0850563 4.13773e-10 0)
(0.0850563 1.56149e-09 0)
(0.0850564 3.61866e-09 0)
(0.0850564 5.09678e-09 0)
(0.0850564 3.77331e-09 0)
(0.0850565 7.57404e-10 0)
(0.0850566 -1.75033e-09 0)
(0.0850566 -3.32501e-09 0)
(0.0850567 -4.28686e-09 0)
(0.0850568 -4.73646e-09 0)
(0.0850568 -4.99765e-09 0)
(0.0850569 -5.08879e-09 0)
(0.0850569 -4.84498e-09 0)
(0.0850569 -4.72624e-09 0)
(0.085057 -3.84706e-09 0)
(0.085057 -3.8809e-09 0)
(0.085057 -2.69256e-09 0)
(0.085057 -3.17122e-09 0)
(0.085057 -1.3183e-09 0)
(0.0850571 -1.34038e-09 0)
(0.085057 2.73533e-09 0)
(0.0850571 1.88525e-09 0)
(0.085057 5.40556e-09 0)
(0.085057 -3.73308e-10 0)
(0.0850569 -3.08399e-10 0)
(0.0850568 -4.96633e-09 0)
(0.0850567 -4.18947e-09 0)
(0.0850566 -3.73299e-10 0)
(0.0850566 -2.46347e-09 0)
(0.0850565 1.69237e-08 0)
(0.0850564 -2.4479e-09 0)
(0.0850563 2.70934e-08 0)
(0.0850563 2.65108e-08 0)
(0.0983727 -7.18324e-08 0)
(0.0983726 -6.36683e-09 0)
(0.0983726 4.71662e-08 0)
(0.0983725 2.39654e-08 0)
(0.0983725 -9.48171e-10 0)
(0.0983725 -6.06157e-09 0)
(0.0983725 -5.93941e-09 0)
(0.0983725 -8.05748e-09 0)
(0.0983725 -1.11511e-08 0)
(0.0983725 -1.43948e-08 0)
(0.0983725 -1.98082e-08 0)
(0.0983726 -2.83275e-08 0)
(0.0983726 -3.59971e-08 0)
(0.0983726 -3.92507e-08 0)
(0.0983727 -3.84245e-08 0)
(0.0983727 -3.55228e-08 0)
(0.0983728 -3.14415e-08 0)
(0.0983728 -2.76477e-08 0)
(0.0983728 -2.40275e-08 0)
(0.0983729 -2.10259e-08 0)
(0.0983729 -1.79793e-08 0)
(0.0983729 -1.50713e-08 0)
(0.0983729 -1.30856e-08 0)
(0.098373 -1.07633e-08 0)
(0.098373 -9.24138e-09 0)
(0.098373 -5.83264e-09 0)
(0.098373 -3.1296e-09 0)
(0.098373 3.64283e-09 0)
(0.098373 8.29924e-09 0)
(0.098373 2.05049e-08 0)
(0.098373 2.71958e-08 0)
(0.0983729 4.32426e-08 0)
(0.0983729 4.58297e-08 0)
(0.0983728 5.38155e-08 0)
(0.0983728 4.61419e-08 0)
(0.0983727 4.35479e-08 0)
(0.0983727 4.52505e-08 0)
(0.0983727 1.94963e-08 0)
(0.0983725 6.29773e-08 0)
(0.0983727 1.00673e-08 0)
(0.105024 -5.98067e-08 0)
(0.105024 2.72387e-08 0)
(0.105024 6.62474e-08 0)
(0.105024 3.2653e-08 0)
(0.105024 4.81118e-09 0)
(0.105024 -4.9113e-09 0)
(0.105024 -9.15137e-09 0)
(0.105024 -1.36472e-08 0)
(0.105024 -1.62757e-08 0)
(0.105024 -1.73838e-08 0)
(0.105024 -2.08862e-08 0)
(0.105024 -3.01417e-08 0)
(0.105024 -4.06519e-08 0)
(0.105024 -4.60517e-08 0)
(0.105024 -4.64985e-08 0)
(0.105024 -4.43779e-08 0)
(0.105024 -4.05033e-08 0)
(0.105024 -3.66282e-08 0)
(0.105024 -3.27235e-08 0)
(0.105024 -2.93944e-08 0)
(0.105024 -2.55098e-08 0)
(0.105024 -2.17464e-08 0)
(0.105024 -1.8925e-08 0)
(0.105024 -1.59196e-08 0)
(0.105024 -1.33931e-08 0)
(0.105024 -8.89902e-09 0)
(0.105024 -4.14886e-09 0)
(0.105024 4.57678e-09 0)
(0.105024 1.20341e-08 0)
(0.105024 2.55444e-08 0)
(0.105024 3.19965e-08 0)
(0.105024 4.5556e-08 0)
(0.105024 4.59407e-08 0)
(0.105024 5.29209e-08 0)
(0.105024 4.55109e-08 0)
(0.105024 4.89696e-08 0)
(0.105024 5.01366e-08 0)
(0.105024 3.61366e-08 0)
(0.105024 7.12705e-08 0)
(0.105024 -5.14864e-09 0)
(0.109481 -2.79773e-08 0)
(0.109481 5.5468e-08 0)
(0.109481 7.50357e-08 0)
(0.109481 3.8423e-08 0)
(0.109481 1.04908e-08 0)
(0.109481 -3.56169e-09 0)
(0.109481 -1.25105e-08 0)
(0.109481 -1.92916e-08 0)
(0.109481 -2.25463e-08 0)
(0.109481 -2.35815e-08 0)
(0.109481 -2.67199e-08 0)
(0.109481 -3.62077e-08 0)
(0.109481 -4.80233e-08 0)
(0.109481 -5.45145e-08 0)
(0.109481 -5.54434e-08 0)
(0.109481 -5.35914e-08 0)
(0.109481 -4.97331e-08 0)
(0.109481 -4.56054e-08 0)
(0.109481 -4.12869e-08 0)
(0.109481 -3.76623e-08 0)
(0.109481 -3.30258e-08 0)
(0.109481 -2.84817e-08 0)
(0.109481 -2.49461e-08 0)
(0.109481 -2.12913e-08 0)
(0.109481 -1.7523e-08 0)
(0.109481 -1.19307e-08 0)
(0.109481 -5.28869e-09 0)
(0.109481 4.78662e-09 0)
(0.109481 1.48247e-08 0)
(0.109481 2.91098e-08 0)
(0.109481 3.7138e-08 0)
(0.109481 4.94855e-08 0)
(0.109481 5.0266e-08 0)
(0.109481 5.57058e-08 0)
(0.109481 4.91712e-08 0)
(0.109481 5.59424e-08 0)
(0.109481 5.64649e-08 0)
(0.109481 5.23476e-08 0)
(0.109481 7.15015e-08 0)
(0.109481 -5.88849e-09 0)
(0.112759 7.73077e-09 0)
(0.112758 7.66067e-08 0)
(0.112759 7.86066e-08 0)
(0.112759 4.25562e-08 0)
(0.112758 1.48133e-08 0)
(0.112758 -2.54376e-09 0)
(0.112758 -1.49634e-08 0)
(0.112758 -2.42885e-08 0)
(0.112759 -2.89926e-08 0)
(0.112759 -3.04141e-08 0)
(0.112759 -3.28602e-08 0)
(0.112759 -4.22197e-08 0)
(0.112759 -5.44728e-08 0)
(0.112759 -6.10638e-08 0)
(0.112759 -6.23649e-08 0)
(0.112759 -6.07795e-08 0)
(0.112759 -5.683e-08 0)
(0.112759 -5.23772e-08 0)
(0.112759 -4.8123e-08 0)
(0.112759 -4.44134e-08 0)
(0.112759 -3.93811e-08 0)
(0.112759 -3.43932e-08 0)
(0.112759 -3.01661e-08 0)
(0.112759 -2.58338e-08 0)
(0.112759 -2.11883e-08 0)
(0.112759 -1.46692e-08 0)
(0.112759 -6.39735e-09 0)
(0.112759 4.86966e-09 0)
(0.112759 1.70162e-08 0)
(0.112759 3.15439e-08 0)
(0.112759 4.12064e-08 0)
(0.112759 5.26166e-08 0)
(0.112759 5.39291e-08 0)
(0.112759 5.68138e-08 0)
(0.112759 5.16093e-08 0)
(0.112759 5.99899e-08 0)
(0.112759 6.10251e-08 0)
(0.112759 6.33838e-08 0)
(0.112759 6.9789e-08 0)
(0.112759 4.49147e-09 0)
(0.115307 3.87821e-08 0)
(0.115307 9.12493e-08 0)
(0.115307 8.05374e-08 0)
(0.115307 4.54645e-08 0)
(0.115307 1.80079e-08 0)
(0.115307 -1.81686e-09 0)
(0.115307 -1.71253e-08 0)
(0.115307 -2.8262e-08 0)
(0.115307 -3.40031e-08 0)
(0.115307 -3.59158e-08 0)
(0.115307 -3.79825e-08 0)
(0.115307 -4.66417e-08 0)
(0.115307 -5.9013e-08 0)
(0.115307 -6.57924e-08 0)
(0.115307 -6.69669e-08 0)
(0.115307 -6.54097e-08 0)
(0.115307 -6.16164e-08 0)
(0.115307 -5.72827e-08 0)
(0.115307 -5.3096e-08 0)
(0.115307 -4.92234e-08 0)
(0.115307 -4.41527e-08 0)
(0.115307 -3.93541e-08 0)
(0.115307 -3.44638e-08 0)
(0.115307 -2.96141e-08 0)
(0.115307 -2.44054e-08 0)
(0.115307 -1.66572e-08 0)
(0.115307 -7.10215e-09 0)
(0.115307 4.61432e-09 0)
(0.115307 1.82941e-08 0)
(0.115307 3.30693e-08 0)
(0.115307 4.43021e-08 0)
(0.115307 5.44815e-08 0)
(0.115307 5.59915e-08 0)
(0.115307 5.63115e-08 0)
(0.115307 5.27781e-08 0)
(0.115307 6.10658e-08 0)
(0.115307 6.3229e-08 0)
(0.115307 6.973e-08 0)
(0.115307 6.80237e-08 0)
(0.115307 2.00468e-08 0)
(0.117367 6.10271e-08 0)
(0.117367 9.69479e-08 0)
(0.117367 8.05507e-08 0)
(0.117367 4.75551e-08 0)
(0.117367 2.03591e-08 0)
(0.117367 -1.34175e-09 0)
(0.117367 -1.84292e-08 0)
(0.117367 -3.08284e-08 0)
(0.117367 -3.76352e-08 0)
(0.117367 -3.97426e-08 0)
(0.117367 -4.08811e-08 0)
(0.117367 -4.92226e-08 0)
(0.117367 -6.1322e-08 0)
(0.117367 -6.79183e-08 0)
(0.117367 -6.96668e-08 0)
(0.117367 -6.83341e-08 0)
(0.117367 -6.45742e-08 0)
(0.117367 -6.02363e-08 0)
(0.117367 -5.61759e-08 0)
(0.117367 -5.26587e-08 0)
(0.117367 -4.80559e-08 0)
(0.117367 -4.3027e-08 0)
(0.117367 -3.77098e-08 0)
(0.117367 -3.24731e-08 0)
(0.117367 -2.63879e-08 0)
(0.117367 -1.82465e-08 0)
(0.117367 -8.08674e-09 0)
(0.117367 4.70139e-09 0)
(0.117367 1.94519e-08 0)
(0.117367 3.4045e-08 0)
(0.117367 4.61135e-08 0)
(0.117367 5.50725e-08 0)
(0.117367 5.67538e-08 0)
(0.117367 5.50429e-08 0)
(0.117367 5.25857e-08 0)
(0.117367 5.91423e-08 0)
(0.117367 6.37774e-08 0)
(0.117367 7.27827e-08 0)
(0.117367 6.82959e-08 0)
(0.117367 3.87852e-08 0)
(0.119081 7.51005e-08 0)
(0.119081 9.74186e-08 0)
(0.119081 7.87107e-08 0)
(0.119081 4.89265e-08 0)
(0.119081 2.22114e-08 0)
(0.119081 -6.84366e-10 0)
(0.119081 -1.9339e-08 0)
(0.119081 -3.27463e-08 0)
(0.119081 -4.01175e-08 0)
(0.119081 -4.16442e-08 0)
(0.119081 -4.16958e-08 0)
(0.119081 -4.92323e-08 0)
(0.119081 -6.12447e-08 0)
(0.119081 -6.8436e-08 0)
(0.119081 -7.05171e-08 0)
(0.119081 -6.93675e-08 0)
(0.119081 -6.58724e-08 0)
(0.119081 -6.16013e-08 0)
(0.119081 -5.80767e-08 0)
(0.119081 -5.47644e-08 0)
(0.119081 -5.03602e-08 0)
(0.119081 -4.54389e-08 0)
(0.119081 -3.96429e-08 0)
(0.119081 -3.41838e-08 0)
(0.119081 -2.80148e-08 0)
(0.119081 -1.92552e-08 0)
(0.119081 -8.00867e-09 0)
(0.119081 5.09447e-09 0)
(0.119081 2.0176e-08 0)
(0.119081 3.44944e-08 0)
(0.119081 4.68603e-08 0)
(0.119081 5.47415e-08 0)
(0.119081 5.65516e-08 0)
(0.119081 5.26391e-08 0)
(0.119081 5.06643e-08 0)
(0.119081 5.626e-08 0)
(0.119081 6.28948e-08 0)
(0.119081 7.31589e-08 0)
(0.119081 6.96957e-08 0)
(0.119081 5.46278e-08 0)
(0.120538 8.17931e-08 0)
(0.120538 9.37726e-08 0)
(0.120538 7.55377e-08 0)
(0.120538 4.89373e-08 0)
(0.120538 2.29571e-08 0)
(0.120538 -4.996e-10 0)
(0.120538 -2.00029e-08 0)
(0.120538 -3.39933e-08 0)
(0.120538 -4.11864e-08 0)
(0.120538 -4.17698e-08 0)
(0.120538 -4.05338e-08 0)
(0.120538 -4.71822e-08 0)
(0.120538 -5.92289e-08 0)
(0.120538 -6.68738e-08 0)
(0.120538 -6.95742e-08 0)
(0.120538 -6.89103e-08 0)
(0.120538 -6.54878e-08 0)
(0.120538 -6.17738e-08 0)
(0.120538 -5.84236e-08 0)
(0.120538 -5.54254e-08 0)
(0.120538 -5.14324e-08 0)
(0.120538 -4.63482e-08 0)
(0.120538 -4.07945e-08 0)
(0.120538 -3.50805e-08 0)
(0.120538 -2.81317e-08 0)
(0.120538 -1.87733e-08 0)
(0.120538 -7.59852e-09 0)
(0.120538 5.32229e-09 0)
(0.120538 2.05113e-08 0)
(0.120538 3.48027e-08 0)
(0.120538 4.68333e-08 0)
(0.120538 5.33027e-08 0)
(0.120538 5.4873e-08 0)
(0.120538 4.96805e-08 0)
(0.120538 4.7732e-08 0)
(0.120538 5.15138e-08 0)
(0.120538 6.08238e-08 0)
(0.120538 7.20296e-08 0)
(0.120538 7.13409e-08 0)
(0.120538 6.72785e-08 0)
(0.121794 8.3192e-08 0)
(0.121794 8.69695e-08 0)
(0.121794 7.02999e-08 0)
(0.121794 4.7257e-08 0)
(0.121794 2.27905e-08 0)
(0.121794 -4.97249e-10 0)
(0.121794 -2.04524e-08 0)
(0.121794 -3.43813e-08 0)
(0.121794 -4.10142e-08 0)
(0.121794 -4.0552e-08 0)
(0.121794 -3.78449e-08 0)
(0.121794 -4.34965e-08 0)
(0.121794 -5.53177e-08 0)
(0.121794 -6.35579e-08 0)
(0.121794 -6.668e-08 0)
(0.121794 -6.64927e-08 0)
(0.121794 -6.42191e-08 0)
(0.121794 -6.07029e-08 0)
(0.121794 -5.77032e-08 0)
(0.121794 -5.50006e-08 0)
(0.121794 -5.10615e-08 0)
(0.121794 -4.60321e-08 0)
(0.121794 -3.99952e-08 0)
(0.121794 -3.44942e-08 0)
(0.121794 -2.75908e-08 0)
(0.121794 -1.81895e-08 0)
(0.121794 -6.89123e-09 0)
(0.121794 6.14177e-09 0)
(0.121794 2.07598e-08 0)
(0.121794 3.40769e-08 0)
(0.121794 4.53996e-08 0)
(0.121794 5.12215e-08 0)
(0.121794 5.28888e-08 0)
(0.121794 4.58079e-08 0)
(0.121794 4.33255e-08 0)
(0.121794 4.64128e-08 0)
(0.121794 5.74888e-08 0)
(0.121794 6.94347e-08 0)
(0.121794 7.26509e-08 0)
(0.121794 7.60909e-08 0)
(0.122887 8.07361e-08 0)
(0.122887 7.82128e-08 0)
(0.122887 6.36789e-08 0)
(0.122887 4.43475e-08 0)
(0.122887 2.1826e-08 0)
(0.122887 -7.91201e-10 0)
(0.122887 -2.04934e-08 0)
(0.122887 -3.38201e-08 0)
(0.122887 -3.94358e-08 0)
(0.122887 -3.78078e-08 0)
(0.122887 -3.4053e-08 0)
(0.122887 -3.82987e-08 0)
(0.122887 -4.98205e-08 0)
(0.122887 -5.87959e-08 0)
(0.122887 -6.24729e-08 0)
(0.122887 -6.31584e-08 0)
(0.122887 -6.12701e-08 0)
(0.122887 -5.83923e-08 0)
(0.122887 -5.58789e-08 0)
(0.122887 -5.31995e-08 0)
(0.122887 -4.93123e-08 0)
(0.122887 -4.40355e-08 0)
(0.122887 -3.87943e-08 0)
(0.122887 -3.30362e-08 0)
(0.122887 -2.56459e-08 0)
(0.122887 -1.66081e-08 0)
(0.122887 -5.88759e-09 0)
(0.122887 6.04583e-09 0)
(0.122887 1.99891e-08 0)
(0.122887 3.27922e-08 0)
(0.122887 4.31619e-08 0)
(0.122887 4.82622e-08 0)
(0.122887 4.91759e-08 0)
(0.122887 4.13465e-08 0)
(0.122887 3.86609e-08 0)
(0.122887 4.11483e-08 0)
(0.122887 5.34468e-08 0)
(0.122887 6.52098e-08 0)
(0.122887 7.23871e-08 0)
(0.122887 8.05796e-08 0)
(0.123845 7.48424e-08 0)
(0.123845 6.76354e-08 0)
(0.123845 5.60012e-08 0)
(0.123845 4.04572e-08 0)
(0.123845 2.01615e-08 0)
(0.123845 -1.16237e-09 0)
(0.123845 -1.98114e-08 0)
(0.123845 -3.18146e-08 0)
(0.123845 -3.6241e-08 0)
(0.123845 -3.3983e-08 0)
(0.123845 -2.92873e-08 0)
(0.123845 -3.23544e-08 0)
(0.123845 -4.34609e-08 0)
(0.123845 -5.24324e-08 0)
(0.123845 -5.69232e-08 0)
(0.123845 -5.85532e-08 0)
(0.123845 -5.72513e-08 0)
(0.123845 -5.50711e-08 0)
(0.123845 -5.31208e-08 0)
(0.123845 -5.04257e-08 0)
(0.123845 -4.63336e-08 0)
(0.123845 -4.14974e-08 0)
(0.123845 -3.60423e-08 0)
(0.123845 -3.01621e-08 0)
(0.123845 -2.35196e-08 0)
(0.123845 -1.53883e-08 0)
(0.123845 -5.22182e-09 0)
(0.123845 6.09433e-09 0)
(0.123845 1.88526e-08 0)
(0.123845 3.03952e-08 0)
(0.123845 3.99213e-08 0)
(0.123845 4.45945e-08 0)
(0.123845 4.47693e-08 0)
(0.123845 3.63767e-08 0)
(0.123845 3.38189e-08 0)
(0.123845 3.56462e-08 0)
(0.123845 4.83542e-08 0)
(0.123845 6.0194e-08 0)
(0.123845 7.04617e-08 0)
(0.123845 8.14338e-08 0)
(0.124683 6.68696e-08 0)
(0.124683 5.70401e-08 0)
(0.124683 4.81079e-08 0)
(0.124683 3.58874e-08 0)
(0.124683 1.81249e-08 0)
(0.124683 -1.13558e-09 0)
(0.124683 -1.79479e-08 0)
(0.124683 -2.83903e-08 0)
(0.124683 -3.18688e-08 0)
(0.124683 -2.92079e-08 0)
(0.124683 -2.4054e-08 0)
(0.124683 -2.59243e-08 0)
(0.124683 -3.60891e-08 0)
(0.124683 -4.55142e-08 0)
(0.124683 -5.07579e-08 0)
(0.124683 -5.26234e-08 0)
(0.124683 -5.22452e-08 0)
(0.124683 -5.10102e-08 0)
(0.124683 -4.9008e-08 0)
(0.124683 -4.63043e-08 0)
(0.124683 -4.27668e-08 0)
(0.124683 -3.82255e-08 0)
(0.124683 -3.28894e-08 0)
(0.124683 -2.74912e-08 0)
(0.124683 -2.15313e-08 0)
(0.124683 -1.36098e-08 0)
(0.124683 -4.40078e-09 0)
(0.124683 5.69487e-09 0)
(0.124683 1.73093e-08 0)
(0.124683 2.77983e-08 0)
(0.124683 3.58356e-08 0)
(0.124683 3.9417e-08 0)
(0.124683 3.96914e-08 0)
(0.124683 3.14229e-08 0)
(0.124683 2.85991e-08 0)
(0.124683 3.00965e-08 0)
(0.124683 4.26264e-08 0)
(0.124683 5.3973e-08 0)
(0.124683 6.63685e-08 0)
(0.124683 7.80896e-08 0)
(0.125413 5.76186e-08 0)
(0.125413 4.58964e-08 0)
(0.125413 3.97634e-08 0)
(0.125413 3.10318e-08 0)
(0.125413 1.62836e-08 0)
(0.125413 -3.37291e-10 0)
(0.125413 -1.49143e-08 0)
(0.125413 -2.38778e-08 0)
(0.125413 -2.66518e-08 0)
(0.125413 -2.38905e-08 0)
(0.125413 -1.85556e-08 0)
(0.125413 -1.94981e-08 0)
(0.125413 -2.87202e-08 0)
(0.125413 -3.79043e-08 0)
(0.125413 -4.36058e-08 0)
(0.125413 -4.63817e-08 0)
(0.125413 -4.62831e-08 0)
(0.125413 -4.55418e-08 0)
(0.125413 -4.42972e-08 0)
(0.125413 -4.18528e-08 0)
(0.125413 -3.85949e-08 0)
(0.125413 -3.43946e-08 0)
(0.125413 -2.9675e-08 0)
(0.125413 -2.46092e-08 0)
(0.125413 -1.8719e-08 0)
(0.125413 -1.22045e-08 0)
(0.125413 -4.14589e-09 0)
(0.125413 5.15953e-09 0)
(0.125413 1.54529e-08 0)
(0.125413 2.43038e-08 0)
(0.125413 3.10396e-08 0)
(0.125413 3.45168e-08 0)
(0.125413 3.35732e-08 0)
(0.125413 2.56235e-08 0)
(0.125413 2.34073e-08 0)
(0.125413 2.45629e-08 0)
(0.125413 3.64777e-08 0)
(0.125413 4.7071e-08 0)
(0.125413 6.05455e-08 0)
(0.125413 7.23258e-08 0)
(0.126043 4.84175e-08 0)
(0.126043 3.50174e-08 0)
(0.126043 3.14777e-08 0)
(0.126043 2.62163e-08 0)
(0.126043 1.4804e-08 0)
(0.126043 1.21582e-09 0)
(0.126043 -1.10443e-08 0)
(0.126043 -1.86973e-08 0)
(0.126043 -2.09478e-08 0)
(0.126043 -1.8276e-08 0)
(0.126043 -1.32536e-08 0)
(0.126043 -1.35218e-08 0)
(0.126043 -2.12934e-08 0)
(0.126043 -3.0354e-08 0)
(0.126043 -3.64453e-08 0)
(0.126043 -3.89171e-08 0)
(0.126043 -3.97117e-08 0)
(0.126043 -3.96124e-08 0)
(0.126043 -3.85619e-08 0)
(0.126043 -3.67689e-08 0)
(0.126043 -3.38746e-08 0)
(0.126043 -3.03659e-08 0)
(0.126043 -2.62191e-08 0)
(0.126043 -2.1527e-08 0)
(0.126043 -1.67822e-08 0)
(0.126043 -1.07843e-08 0)
(0.126043 -3.47177e-09 0)
(0.126043 4.40225e-09 0)
(0.126043 1.30997e-08 0)
(0.126043 2.05957e-08 0)
(0.126043 2.6117e-08 0)
(0.126043 2.81902e-08 0)
(0.126043 2.69588e-08 0)
(0.126043 2.01967e-08 0)
(0.126043 1.82342e-08 0)
(0.126043 1.88988e-08 0)
(0.126043 3.00234e-08 0)
(0.126043 3.92825e-08 0)
(0.126043 5.24833e-08 0)
(0.126043 6.48178e-08 0)
(0.126575 3.9087e-08 0)
(0.126575 2.53845e-08 0)
(0.126575 2.36421e-08 0)
(0.126575 2.16587e-08 0)
(0.126575 1.3688e-08 0)
(0.126575 3.14468e-09 0)
(0.126575 -6.83515e-09 0)
(0.126575 -1.32203e-08 0)
(0.126575 -1.50656e-08 0)
(0.126575 -1.2763e-08 0)
(0.126575 -8.36173e-09 0)
(0.126575 -8.12993e-09 0)
(0.126575 -1.4908e-08 0)
(0.126575 -2.29336e-08 0)
(0.126575 -2.85627e-08 0)
(0.126575 -3.1611e-08 0)
(0.126575 -3.25932e-08 0)
(0.126575 -3.29023e-08 0)
(0.126575 -3.24746e-08 0)
(0.126575 -3.09373e-08 0)
(0.126575 -2.86181e-08 0)
(0.126575 -2.60849e-08 0)
(0.126575 -2.26959e-08 0)
(0.126575 -1.86438e-08 0)
(0.126575 -1.41876e-08 0)
(0.126575 -9.12455e-09 0)
(0.126575 -3.36928e-09 0)
(0.126575 3.17756e-09 0)
(0.126575 1.036e-08 0)
(0.126575 1.61548e-08 0)
(0.126575 2.02648e-08 0)
(0.126575 2.19344e-08 0)
(0.126575 2.04934e-08 0)
(0.126575 1.45459e-08 0)
(0.126575 1.28499e-08 0)
(0.126575 1.35254e-08 0)
(0.126575 2.31528e-08 0)
(0.126575 3.12748e-08 0)
(0.126575 4.41445e-08 0)
(0.126575 5.55579e-08 0)
(0.12701 3.06029e-08 0)
(0.12701 1.68935e-08 0)
(0.12701 1.66301e-08 0)
(0.12701 1.74832e-08 0)
(0.12701 1.26686e-08 0)
(0.12701 4.94167e-09 0)
(0.12701 -2.77754e-09 0)
(0.12701 -7.85374e-09 0)
(0.12701 -9.3508e-09 0)
(0.12701 -7.5197e-09 0)
(0.12701 -3.99462e-09 0)
(0.12701 -3.67913e-09 0)
(0.12701 -8.87691e-09 0)
(0.12701 -1.597e-08 0)
(0.12701 -2.11893e-08 0)
(0.12701 -2.38834e-08 0)
(0.12701 -2.51641e-08 0)
(0.12701 -2.58437e-08 0)
(0.12701 -2.57999e-08 0)
(0.12701 -2.48158e-08 0)
(0.12701 -2.32841e-08 0)
(0.12701 -2.13906e-08 0)
(0.12701 -1.8673e-08 0)
(0.12701 -1.52936e-08 0)
(0.12701 -1.18843e-08 0)
(0.12701 -8.00216e-09 0)
(0.12701 -3.54563e-09 0)
(0.12701 1.59434e-09 0)
(0.12701 7.07399e-09 0)
(0.12701 1.14893e-08 0)
(0.12701 1.45408e-08 0)
(0.12701 1.51979e-08 0)
(0.12701 1.36271e-08 0)
(0.12701 9.0419e-09 0)
(0.12701 7.85173e-09 0)
(0.12701 8.48062e-09 0)
(0.12701 1.68264e-08 0)
(0.12701 2.32906e-08 0)
(0.12701 3.47257e-08 0)
(0.12701 4.58432e-08 0)
(0.127346 2.25946e-08 0)
(0.127346 1.0151e-08 0)
(0.127346 1.10257e-08 0)
(0.127346 1.37813e-08 0)
(0.127346 1.13996e-08 0)
(0.127346 6.24258e-09 0)
(0.127346 7.93482e-10 0)
(0.127346 -2.89588e-09 0)
(0.127346 -4.03289e-09 0)
(0.127346 -2.74821e-09 0)
(0.127346 -2.21329e-10 0)
(0.127346 1.48181e-10 0)
(0.127346 -3.86677e-09 0)
(0.127346 -9.45272e-09 0)
(0.127346 -1.3699e-08 0)
(0.127346 -1.61041e-08 0)
(0.127346 -1.75437e-08 0)
(0.127346 -1.8541e-08 0)
(0.127346 -1.88643e-08 0)
(0.127346 -1.84787e-08 0)
(0.127346 -1.748e-08 0)
(0.127346 -1.63448e-08 0)
(0.127346 -1.45593e-08 0)
(0.127346 -1.2233e-08 0)
(0.127346 -9.77422e-09 0)
(0.127346 -7.07799e-09 0)
(0.127346 -3.87319e-09 0)
(0.127346 -2.73759e-10 0)
(0.127346 3.61955e-09 0)
(0.127346 6.50983e-09 0)
(0.127346 8.18736e-09 0)
(0.127346 8.44426e-09 0)
(0.127346 7.16935e-09 0)
(0.127346 3.85419e-09 0)
(0.127346 3.24663e-09 0)
(0.127346 4.02571e-09 0)
(0.127346 1.06986e-08 0)
(0.127346 1.5787e-08 0)
(0.127346 2.51729e-08 0)
(0.127346 3.51918e-08 0)
(0.127578 1.5162e-08 0)
(0.127578 5.94713e-09 0)
(0.127578 7.19685e-09 0)
(0.127578 1.03412e-08 0)
(0.127578 9.64664e-09 0)
(0.127578 6.869e-09 0)
(0.127578 3.70608e-09 0)
(0.127578 1.48587e-09 0)
(0.127578 7.79155e-10 0)
(0.127578 1.55832e-09 0)
(0.127578 3.0707e-09 0)
(0.127578 3.26106e-09 0)
(0.127578 6.41255e-10 0)
(0.127578 -3.23876e-09 0)
(0.127578 -6.40389e-09 0)
(0.127578 -8.47458e-09 0)
(0.127578 -9.7672e-09 0)
(0.127578 -1.09056e-08 0)
(0.127578 -1.1675e-08 0)
(0.127578 -1.18531e-08 0)
(0.127578 -1.16719e-08 0)
(0.127578 -1.13021e-08 0)
(0.127578 -1.04752e-08 0)
(0.127578 -9.25456e-09 0)
(0.127578 -7.84928e-09 0)
(0.127578 -6.31077e-09 0)
(0.127578 -4.56387e-09 0)
(0.127578 -2.4838e-09 0)
(0.127578 -2.5871e-10 0)
(0.127578 1.28078e-09 0)
(0.127578 1.9524e-09 0)
(0.127578 1.79938e-09 0)
(0.127578 7.27722e-10 0)
(0.127578 -1.13605e-09 0)
(0.127578 -8.00282e-10 0)
(0.127578 3.64993e-10 0)
(0.127578 5.39117e-09 0)
(0.127578 8.67575e-09 0)
(0.127578 1.51739e-08 0)
(0.127578 2.33293e-08 0)
(0.1277 7.66746e-09 0)
(0.1277 4.21031e-09 0)
(0.1277 5.19391e-09 0)
(0.1277 7.06875e-09 0)
(0.1277 7.36595e-09 0)
(0.1277 6.81304e-09 0)
(0.1277 5.97355e-09 0)
(0.1277 5.34388e-09 0)
(0.1277 5.16293e-09 0)
(0.1277 5.50474e-09 0)
(0.1277 6.00709e-09 0)
(0.1277 5.97368e-09 0)
(0.1277 4.71548e-09 0)
(0.1277 2.68253e-09 0)
(0.1277 7.67139e-10 0)
(0.1277 -6.61558e-10 0)
(0.1277 -1.88797e-09 0)
(0.1277 -3.21313e-09 0)
(0.1277 -4.35215e-09 0)
(0.1277 -5.2141e-09 0)
(0.1277 -5.86406e-09 0)
(0.1277 -6.31629e-09 0)
(0.1277 -6.39054e-09 0)
(0.1277 -6.21856e-09 0)
(0.1277 -6.02327e-09 0)
(0.1277 -5.81701e-09 0)
(0.1277 -5.49994e-09 0)
(0.1277 -4.96918e-09 0)
(0.1277 -4.31838e-09 0)
(0.1277 -4.16156e-09 0)
(0.1277 -4.48169e-09 0)
(0.1277 -5.04841e-09 0)
(0.1277 -5.57747e-09 0)
(0.1277 -5.71344e-09 0)
(0.1277 -4.38415e-09 0)
(0.1277 -2.47574e-09 0)
(0.1277 5.76598e-10 0)
(0.1277 2.34252e-09 0)
(0.1277 5.37274e-09 0)
(0.1277 9.84964e-09 0)
(0.1277 8.20276e-11 0)
(0.1277 4.21428e-09 0)
(0.1277 4.50957e-09 0)
(0.1277 3.96825e-09 0)
(0.1277 4.7721e-09 0)
(0.1277 6.29931e-09 0)
(0.1277 7.78505e-09 0)
(0.1277 8.79462e-09 0)
(0.1277 9.25691e-09 0)
(0.1277 9.27313e-09 0)
(0.1277 8.78083e-09 0)
(0.1277 8.46711e-09 0)
(0.1277 8.53793e-09 0)
(0.1277 8.36625e-09 0)
(0.1277 7.77014e-09 0)
(0.1277 6.98268e-09 0)
(0.1277 5.98146e-09 0)
(0.1277 4.56047e-09 0)
(0.1277 2.95195e-09 0)
(0.1277 1.31653e-09 0)
(0.1277 -1.44509e-10 0)
(0.1277 -1.32364e-09 0)
(0.1277 -2.29149e-09 0)
(0.1277 -3.27752e-09 0)
(0.1277 -4.34141e-09 0)
(0.1277 -5.47616e-09 0)
(0.1277 -6.63091e-09 0)
(0.1277 -7.71422e-09 0)
(0.1277 -8.67031e-09 0)
(0.1277 -9.75925e-09 0)
(0.1277 -1.10859e-08 0)
(0.1277 -1.18659e-08 0)
(0.1277 -1.18283e-08 0)
(0.1277 -1.03274e-08 0)
(0.1277 -7.81942e-09 0)
(0.1277 -4.78977e-09 0)
(0.1277 -3.59438e-09 0)
(0.1277 -3.32325e-09 0)
(0.1277 -3.96667e-09 0)
(0.1277 -4.39832e-09 0)
(0.127578 -6.03984e-09 0)
(0.127578 4.03934e-09 0)
(0.127578 3.39126e-09 0)
(0.127578 7.95135e-10 0)
(0.127578 2.18119e-09 0)
(0.127578 5.64176e-09 0)
(0.127578 9.3193e-09 0)
(0.127578 1.20249e-08 0)
(0.127578 1.32893e-08 0)
(0.127578 1.30894e-08 0)
(0.127578 1.15932e-08 0)
(0.127578 1.09446e-08 0)
(0.127578 1.22348e-08 0)
(0.127578 1.37902e-08 0)
(0.127578 1.44624e-08 0)
(0.127578 1.43913e-08 0)
(0.127578 1.35546e-08 0)
(0.127578 1.20127e-08 0)
(0.127578 9.97538e-09 0)
(0.127578 7.5988e-09 0)
(0.127578 5.38132e-09 0)
(0.127578 3.49924e-09 0)
(0.127578 1.66669e-09 0)
(0.127578 -4.98682e-10 0)
(0.127578 -2.81292e-09 0)
(0.127578 -5.19726e-09 0)
(0.127578 -7.94746e-09 0)
(0.127578 -1.05901e-08 0)
(0.127578 -1.29128e-08 0)
(0.127578 -1.52924e-08 0)
(0.127578 -1.75646e-08 0)
(0.127578 -1.86613e-08 0)
(0.127578 -1.82141e-08 0)
(0.127578 -1.50931e-08 0)
(0.127578 -1.13471e-08 0)
(0.127578 -7.12267e-09 0)
(0.127578 -7.46898e-09 0)
(0.127578 -8.53988e-09 0)
(0.127578 -1.26768e-08 0)
(0.127578 -1.69012e-08 0)
(0.127346 -1.07629e-08 0)
(0.127346 2.42275e-09 0)
(0.127346 6.98772e-10 0)
(0.127346 -2.55359e-09 0)
(0.127346 -2.33725e-10 0)
(0.127346 5.04418e-09 0)
(0.127346 1.08194e-08 0)
(0.127346 1.52445e-08 0)
(0.127346 1.74529e-08 0)
(0.127346 1.70879e-08 0)
(0.127346 1.45582e-08 0)
(0.127346 1.35326e-08 0)
(0.127346 1.5962e-08 0)
(0.127346 1.91224e-08 0)
(0.127346 2.08779e-08 0)
(0.127346 2.13977e-08 0)
(0.127346 2.07719e-08 0)
(0.127346 1.90787e-08 0)
(0.127346 1.66749e-08 0)
(0.127346 1.36173e-08 0)
(0.127346 1.07876e-08 0)
(0.127346 8.17011e-09 0)
(0.127346 5.273e-09 0)
(0.127346 2.18353e-09 0)
(0.127346 -1.28377e-09 0)
(0.127346 -5.16453e-09 0)
(0.127346 -9.22254e-09 0)
(0.127346 -1.31413e-08 0)
(0.127346 -1.70039e-08 0)
(0.127346 -2.05812e-08 0)
(0.127346 -2.39068e-08 0)
(0.127346 -2.53857e-08 0)
(0.127346 -2.46201e-08 0)
(0.127346 -2.01753e-08 0)
(0.127346 -1.52207e-08 0)
(0.127346 -9.65158e-09 0)
(0.127346 -1.09611e-08 0)
(0.127346 -1.34012e-08 0)
(0.127346 -2.05672e-08 0)
(0.127346 -2.69354e-08 0)
(0.12701 -1.55434e-08 0)
(0.12701 -1.61102e-09 0)
(0.12701 -3.47142e-09 0)
(0.12701 -6.25524e-09 0)
(0.12701 -2.59129e-09 0)
(0.12701 4.52263e-09 0)
(0.12701 1.23979e-08 0)
(0.12701 1.869e-08 0)
(0.12701 2.19441e-08 0)
(0.12701 2.13822e-08 0)
(0.12701 1.77016e-08 0)
(0.12701 1.63068e-08 0)
(0.12701 1.98875e-08 0)
(0.12701 2.43654e-08 0)
(0.12701 2.71466e-08 0)
(0.12701 2.83207e-08 0)
(0.12701 2.77928e-08 0)
(0.12701 2.5971e-08 0)
(0.12701 2.30201e-08 0)
(0.12701 1.94993e-08 0)
(0.12701 1.5947e-08 0)
(0.12701 1.24926e-08 0)
(0.12701 9.04449e-09 0)
(0.12701 4.83247e-09 0)
(0.12701 -5.44971e-11 0)
(0.12701 -4.95455e-09 0)
(0.12701 -1.01908e-08 0)
(0.12701 -1.56127e-08 0)
(0.12701 -2.0764e-08 0)
(0.12701 -2.55122e-08 0)
(0.12701 -3.00881e-08 0)
(0.12701 -3.20769e-08 0)
(0.12701 -3.11673e-08 0)
(0.12701 -2.553e-08 0)
(0.12701 -1.93106e-08 0)
(0.12701 -1.23101e-08 0)
(0.12701 -1.42751e-08 0)
(0.12701 -1.78374e-08 0)
(0.12701 -2.74898e-08 0)
(0.12701 -3.52344e-08 0)
(0.126575 -2.07727e-08 0)
(0.126575 -6.5162e-09 0)
(0.126575 -9.33466e-09 0)
(0.126575 -1.05584e-08 0)
(0.126575 -5.01676e-09 0)
(0.126575 4.10074e-09 0)
(0.126575 1.42746e-08 0)
(0.126575 2.2484e-08 0)
(0.126575 2.67213e-08 0)
(0.126575 2.58745e-08 0)
(0.126575 2.10695e-08 0)
(0.126575 1.93483e-08 0)
(0.126575 2.40144e-08 0)
(0.126575 2.97917e-08 0)
(0.126575 3.34476e-08 0)
(0.126575 3.51563e-08 0)
(0.126575 3.46587e-08 0)
(0.126575 3.26564e-08 0)
(0.126575 2.92446e-08 0)
(0.126575 2.49479e-08 0)
(0.126575 2.09138e-08 0)
(0.126575 1.70851e-08 0)
(0.126575 1.26146e-08 0)
(0.126575 7.19371e-09 0)
(0.126575 1.47786e-09 0)
(0.126575 -4.55051e-09 0)
(0.126575 -1.11619e-08 0)
(0.126575 -1.77068e-08 0)
(0.126575 -2.40434e-08 0)
(0.126575 -3.01512e-08 0)
(0.126575 -3.60773e-08 0)
(0.126575 -3.84574e-08 0)
(0.126575 -3.7486e-08 0)
(0.126575 -3.07787e-08 0)
(0.126575 -2.34802e-08 0)
(0.126575 -1.50291e-08 0)
(0.126575 -1.72987e-08 0)
(0.126575 -2.21113e-08 0)
(0.126575 -3.41253e-08 0)
(0.126575 -4.29764e-08 0)
(0.126043 -2.76347e-08 0)
(0.126043 -1.3554e-08 0)
(0.126043 -1.49914e-08 0)
(0.126043 -1.49125e-08 0)
(0.126043 -7.31144e-09 0)
(0.126043 3.92486e-09 0)
(0.126043 1.63874e-08 0)
(0.126043 2.64421e-08 0)
(0.126043 3.16294e-08 0)
(0.126043 3.05225e-08 0)
(0.126043 2.45407e-08 0)
(0.126043 2.26514e-08 0)
(0.126043 2.84113e-08 0)
(0.126043 3.53383e-08 0)
(0.126043 3.99719e-08 0)
(0.126043 4.19412e-08 0)
(0.126043 4.1512e-08 0)
(0.126043 3.90924e-08 0)
(0.126043 3.50935e-08 0)
(0.126043 3.05375e-08 0)
(0.126043 2.59431e-08 0)
(0.126043 2.11104e-08 0)
(0.126043 1.57907e-08 0)
(0.126043 9.90711e-09 0)
(0.126043 2.93221e-09 0)
(0.126043 -4.08918e-09 0)
(0.126043 -1.15352e-08 0)
(0.126043 -1.90989e-08 0)
(0.126043 -2.68678e-08 0)
(0.126043 -3.44624e-08 0)
(0.126043 -4.13442e-08 0)
(0.126043 -4.42951e-08 0)
(0.126043 -4.35436e-08 0)
(0.126043 -3.5808e-08 0)
(0.126043 -2.74921e-08 0)
(0.126043 -1.78573e-08 0)
(0.126043 -2.05443e-08 0)
(0.126043 -2.68235e-08 0)
(0.126043 -4.10262e-08 0)
(0.126043 -5.05804e-08 0)
(0.125414 -3.50975e-08 0)
(0.125414 -2.17359e-08 0)
(0.125414 -2.15442e-08 0)
(0.125414 -1.93933e-08 0)
(0.125414 -9.47173e-09 0)
(0.125414 3.85387e-09 0)
(0.125414 1.84915e-08 0)
(0.125414 3.02716e-08 0)
(0.125414 3.63531e-08 0)
(0.125414 3.49662e-08 0)
(0.125414 2.80609e-08 0)
(0.125414 2.61724e-08 0)
(0.125414 3.29769e-08 0)
(0.125414 4.10768e-08 0)
(0.125414 4.64773e-08 0)
(0.125414 4.88567e-08 0)
(0.125414 4.80306e-08 0)
(0.125414 4.53852e-08 0)
(0.125414 4.10055e-08 0)
(0.125414 3.56353e-08 0)
(0.125414 3.02688e-08 0)
(0.125414 2.46699e-08 0)
(0.125414 1.93792e-08 0)
(0.125414 1.27415e-08 0)
(0.125414 4.74782e-09 0)
(0.125414 -3.15441e-09 0)
(0.125414 -1.1472e-08 0)
(0.125414 -2.01108e-08 0)
(0.125414 -2.92703e-08 0)
(0.125414 -3.77295e-08 0)
(0.125414 -4.5755e-08 0)
(0.125414 -4.93839e-08 0)
(0.125414 -4.88437e-08 0)
(0.125414 -4.02948e-08 0)
(0.125414 -3.1509e-08 0)
(0.125414 -2.11233e-08 0)
(0.125414 -2.44267e-08 0)
(0.125414 -3.25381e-08 0)
(0.125414 -4.82148e-08 0)
(0.125414 -5.79889e-08 0)
(0.124683 -4.19492e-08 0)
(0.124683 -3.04142e-08 0)
(0.124683 -2.98374e-08 0)
(0.124683 -2.39891e-08 0)
(0.124683 -1.16574e-08 0)
(0.124683 3.60641e-09 0)
(0.124683 2.02324e-08 0)
(0.124683 3.35358e-08 0)
(0.124683 4.04254e-08 0)
(0.124683 3.87854e-08 0)
(0.124683 3.13027e-08 0)
(0.124683 2.9742e-08 0)
(0.124683 3.77561e-08 0)
(0.124683 4.70687e-08 0)
(0.124683 5.31275e-08 0)
(0.124683 5.50966e-08 0)
(0.124683 5.41882e-08 0)
(0.124683 5.14463e-08 0)
(0.124683 4.62825e-08 0)
(0.124683 4.05173e-08 0)
(0.124683 3.4595e-08 0)
(0.124683 2.89075e-08 0)
(0.124683 2.27988e-08 0)
(0.124683 1.52684e-08 0)
(0.124683 6.85577e-09 0)
(0.124683 -1.58782e-09 0)
(0.124683 -1.07731e-08 0)
(0.124683 -2.06056e-08 0)
(0.124683 -3.06672e-08 0)
(0.124683 -3.99384e-08 0)
(0.124683 -4.91169e-08 0)
(0.124683 -5.3344e-08 0)
(0.124683 -5.30604e-08 0)
(0.124683 -4.43537e-08 0)
(0.124683 -3.5704e-08 0)
(0.124683 -2.53508e-08 0)
(0.124683 -2.95031e-08 0)
(0.124683 -3.9367e-08 0)
(0.124683 -5.53115e-08 0)
(0.124683 -6.43624e-08 0)
(0.123845 -4.88644e-08 0)
(0.123845 -4.11881e-08 0)
(0.123845 -3.80359e-08 0)
(0.123845 -2.85996e-08 0)
(0.123845 -1.41816e-08 0)
(0.123845 2.94263e-09 0)
(0.123845 2.11701e-08 0)
(0.123845 3.55748e-08 0)
(0.123845 4.30641e-08 0)
(0.123845 4.15468e-08 0)
(0.123845 3.40945e-08 0)
(0.123845 3.34301e-08 0)
(0.123845 4.26504e-08 0)
(0.123845 5.30657e-08 0)
(0.123845 5.9343e-08 0)
(0.123845 6.11991e-08 0)
(0.123845 6.02501e-08 0)
(0.123845 5.68223e-08 0)
(0.123845 5.1415e-08 0)
(0.123845 4.52509e-08 0)
(0.123845 3.91496e-08 0)
(0.123845 3.29757e-08 0)
(0.123845 2.63172e-08 0)
(0.123845 1.85546e-08 0)
(0.123845 9.36424e-09 0)
(0.123845 3.85496e-10 0)
(0.123845 -9.43522e-09 0)
(0.123845 -2.01828e-08 0)
(0.123845 -3.10445e-08 0)
(0.123845 -4.12983e-08 0)
(0.123845 -5.1349e-08 0)
(0.123845 -5.60643e-08 0)
(0.123845 -5.65679e-08 0)
(0.123845 -4.80249e-08 0)
(0.123845 -4.00379e-08 0)
(0.123845 -3.05804e-08 0)
(0.123845 -3.57714e-08 0)
(0.123845 -4.68841e-08 0)
(0.123845 -6.16555e-08 0)
(0.123845 -6.86937e-08 0)
(0.122888 -5.50451e-08 0)
(0.122888 -5.25552e-08 0)
(0.122888 -4.69364e-08 0)
(0.122888 -3.36529e-08 0)
(0.122888 -1.71276e-08 0)
(0.122888 1.48875e-09 0)
(0.122888 2.06858e-08 0)
(0.122888 3.58544e-08 0)
(0.122888 4.40509e-08 0)
(0.122888 4.3104e-08 0)
(0.122888 3.66088e-08 0)
(0.122888 3.7224e-08 0)
(0.122888 4.78357e-08 0)
(0.122888 5.88347e-08 0)
(0.122888 6.51553e-08 0)
(0.122888 6.69312e-08 0)
(0.122888 6.54674e-08 0)
(0.122888 6.19659e-08 0)
(0.122888 5.6456e-08 0)
(0.122888 5.01899e-08 0)
(0.122888 4.37368e-08 0)
(0.122888 3.74265e-08 0)
(0.122888 3.04337e-08 0)
(0.122888 2.21e-08 0)
(0.122888 1.25068e-08 0)
(0.122888 3.01873e-09 0)
(0.122888 -7.59086e-09 0)
(0.122888 -1.91025e-08 0)
(0.122888 -3.07969e-08 0)
(0.122888 -4.18518e-08 0)
(0.122888 -5.26987e-08 0)
(0.122888 -5.81787e-08 0)
(0.122888 -5.93052e-08 0)
(0.122888 -5.14372e-08 0)
(0.122888 -4.46346e-08 0)
(0.122888 -3.65044e-08 0)
(0.122888 -4.19838e-08 0)
(0.122888 -5.4158e-08 0)
(0.122888 -6.69176e-08 0)
(0.122888 -7.05363e-08 0)
(0.121794 -6.09385e-08 0)
(0.121794 -6.50197e-08 0)
(0.121794 -5.62473e-08 0)
(0.121794 -3.86121e-08 0)
(0.121794 -2.01852e-08 0)
(0.121794 -7.33235e-10 0)
(0.121794 1.8728e-08 0)
(0.121794 3.42992e-08 0)
(0.121794 4.36126e-08 0)
(0.121794 4.40261e-08 0)
(0.121794 3.88751e-08 0)
(0.121794 4.0952e-08 0)
(0.121794 5.25139e-08 0)
(0.121794 6.41196e-08 0)
(0.121794 7.04014e-08 0)
(0.121794 7.1579e-08 0)
(0.121794 7.03515e-08 0)
(0.121794 6.70151e-08 0)
(0.121794 6.13927e-08 0)
(0.121794 5.51339e-08 0)
(0.121794 4.87657e-08 0)
(0.121794 4.23151e-08 0)
(0.121794 3.481e-08 0)
(0.121794 2.58658e-08 0)
(0.121794 1.59246e-08 0)
(0.121794 5.72863e-09 0)
(0.121794 -5.47141e-09 0)
(0.121794 -1.72374e-08 0)
(0.121794 -2.99869e-08 0)
(0.121794 -4.18601e-08 0)
(0.121794 -5.37013e-08 0)
(0.121794 -5.98248e-08 0)
(0.121794 -6.15237e-08 0)
(0.121794 -5.50606e-08 0)
(0.121794 -4.89518e-08 0)
(0.121794 -4.25511e-08 0)
(0.121794 -4.77638e-08 0)
(0.121794 -6.02192e-08 0)
(0.121794 -7.06622e-08 0)
(0.121794 -6.97882e-08 0)
(0.120538 -6.60209e-08 0)
(0.120538 -7.76332e-08 0)
(0.120538 -6.5179e-08 0)
(0.120538 -4.29198e-08 0)
(0.120538 -2.29456e-08 0)
(0.120538 -3.49928e-09 0)
(0.120538 1.58536e-08 0)
(0.120538 3.20117e-08 0)
(0.120538 4.22446e-08 0)
(0.120538 4.36424e-08 0)
(0.120538 4.01279e-08 0)
(0.120538 4.38954e-08 0)
(0.120538 5.64214e-08 0)
(0.120538 6.81323e-08 0)
(0.120538 7.42035e-08 0)
(0.120538 7.59292e-08 0)
(0.120538 7.47904e-08 0)
(0.120538 7.1454e-08 0)
(0.120538 6.60589e-08 0)
(0.120538 6.00245e-08 0)
(0.120538 5.3778e-08 0)
(0.120538 4.69555e-08 0)
(0.120538 3.91823e-08 0)
(0.120538 2.99977e-08 0)
(0.120538 1.92435e-08 0)
(0.120538 8.61498e-09 0)
(0.120538 -2.95953e-09 0)
(0.120538 -1.55604e-08 0)
(0.120538 -2.8957e-08 0)
(0.120538 -4.17139e-08 0)
(0.120538 -5.40247e-08 0)
(0.120538 -6.13775e-08 0)
(0.120538 -6.3771e-08 0)
(0.120538 -5.8443e-08 0)
(0.120538 -5.3267e-08 0)
(0.120538 -4.80485e-08 0)
(0.120538 -5.17278e-08 0)
(0.120538 -6.45044e-08 0)
(0.120538 -7.3091e-08 0)
(0.120538 -6.68756e-08 0)
(0.119082 -6.69721e-08 0)
(0.119082 -8.99258e-08 0)
(0.119082 -7.38946e-08 0)
(0.119082 -4.69162e-08 0)
(0.119082 -2.56624e-08 0)
(0.119082 -6.43253e-09 0)
(0.119082 1.23379e-08 0)
(0.119082 2.85912e-08 0)
(0.119082 3.97169e-08 0)
(0.119082 4.22539e-08 0)
(0.119082 4.03725e-08 0)
(0.119082 4.53418e-08 0)
(0.119082 5.82747e-08 0)
(0.119082 7.01345e-08 0)
(0.119082 7.68107e-08 0)
(0.119082 7.90765e-08 0)
(0.119082 7.82259e-08 0)
(0.119082 7.5173e-08 0)
(0.119082 7.02237e-08 0)
(0.119082 6.43747e-08 0)
(0.119082 5.81217e-08 0)
(0.119082 5.15345e-08 0)
(0.119082 4.30016e-08 0)
(0.119082 3.34154e-08 0)
(0.119082 2.23936e-08 0)
(0.119082 1.11288e-08 0)
(0.119082 -7.5973e-10 0)
(0.119082 -1.39115e-08 0)
(0.119082 -2.77687e-08 0)
(0.119082 -4.11625e-08 0)
(0.119082 -5.44595e-08 0)
(0.119082 -6.26273e-08 0)
(0.119082 -6.52638e-08 0)
(0.119082 -6.2243e-08 0)
(0.119082 -5.66595e-08 0)
(0.119082 -5.25749e-08 0)
(0.119082 -5.37391e-08 0)
(0.119082 -6.66139e-08 0)
(0.119082 -7.43535e-08 0)
(0.119082 -5.86278e-08 0)
(0.117367 -6.0185e-08 0)
(0.117367 -9.62468e-08 0)
(0.117367 -8.11441e-08 0)
(0.117367 -5.06599e-08 0)
(0.117367 -2.83231e-08 0)
(0.117367 -1.00996e-08 0)
(0.117367 8.15899e-09 0)
(0.117367 2.49101e-08 0)
(0.117367 3.64234e-08 0)
(0.117367 3.96044e-08 0)
(0.117368 3.84268e-08 0)
(0.117368 4.42065e-08 0)
(0.117368 5.75316e-08 0)
(0.117368 7.0368e-08 0)
(0.117368 7.78452e-08 0)
(0.117368 8.04468e-08 0)
(0.117368 8.00939e-08 0)
(0.117368 7.78491e-08 0)
(0.117368 7.33615e-08 0)
(0.117368 6.774e-08 0)
(0.117368 6.13815e-08 0)
(0.117367 5.41388e-08 0)
(0.117367 4.58907e-08 0)
(0.117367 3.59892e-08 0)
(0.117367 2.45295e-08 0)
(0.117367 1.322e-08 0)
(0.117367 1.06276e-09 0)
(0.117367 -1.23822e-08 0)
(0.117367 -2.63954e-08 0)
(0.117367 -4.07027e-08 0)
(0.117367 -5.38079e-08 0)
(0.117367 -6.35445e-08 0)
(0.117367 -6.67482e-08 0)
(0.117367 -6.52282e-08 0)
(0.117367 -5.83916e-08 0)
(0.117367 -5.53541e-08 0)
(0.117368 -5.46062e-08 0)
(0.117367 -6.70367e-08 0)
(0.117368 -7.51525e-08 0)
(0.117368 -4.71961e-08 0)
(0.115307 -4.20232e-08 0)
(0.115307 -9.55796e-08 0)
(0.115307 -8.68469e-08 0)
(0.115307 -5.41394e-08 0)
(0.115307 -3.13966e-08 0)
(0.115307 -1.39685e-08 0)
(0.115307 3.77087e-09 0)
(0.115307 2.02657e-08 0)
(0.115307 3.14554e-08 0)
(0.115307 3.44219e-08 0)
(0.115307 3.43023e-08 0)
(0.115307 4.10536e-08 0)
(0.115307 5.50003e-08 0)
(0.115307 6.82312e-08 0)
(0.115307 7.61249e-08 0)
(0.115307 7.98693e-08 0)
(0.115307 8.04196e-08 0)
(0.115307 7.85541e-08 0)
(0.115307 7.43618e-08 0)
(0.115307 6.8732e-08 0)
(0.115307 6.24305e-08 0)
(0.115307 5.57605e-08 0)
(0.115307 4.6985e-08 0)
(0.115307 3.69671e-08 0)
(0.115307 2.59486e-08 0)
(0.115307 1.45675e-08 0)
(0.115307 2.52328e-09 0)
(0.115307 -1.10759e-08 0)
(0.115307 -2.47554e-08 0)
(0.115307 -3.93961e-08 0)
(0.115307 -5.24971e-08 0)
(0.115307 -6.38654e-08 0)
(0.115307 -6.62194e-08 0)
(0.115307 -6.65199e-08 0)
(0.115307 -5.83855e-08 0)
(0.115307 -5.71597e-08 0)
(0.115307 -5.47346e-08 0)
(0.115307 -6.52712e-08 0)
(0.115307 -7.65152e-08 0)
(0.115307 -3.13464e-08 0)
(0.112759 -1.22594e-08 0)
(0.112758 -8.6208e-08 0)
(0.112759 -9.09208e-08 0)
(0.112758 -5.73028e-08 0)
(0.112758 -3.38507e-08 0)
(0.112759 -1.76402e-08 0)
(0.112759 -1.39855e-09 0)
(0.112759 1.39184e-08 0)
(0.112759 2.46091e-08 0)
(0.112759 2.81137e-08 0)
(0.112759 2.89271e-08 0)
(0.112759 3.62552e-08 0)
(0.112759 5.0201e-08 0)
(0.112759 6.35705e-08 0)
(0.112759 7.20889e-08 0)
(0.112759 7.6532e-08 0)
(0.112759 7.74289e-08 0)
(0.112759 7.61515e-08 0)
(0.112759 7.24853e-08 0)
(0.112759 6.73456e-08 0)
(0.112759 6.14013e-08 0)
(0.112759 5.45971e-08 0)
(0.112759 4.60163e-08 0)
(0.112759 3.65076e-08 0)
(0.112759 2.60619e-08 0)
(0.112759 1.49703e-08 0)
(0.112759 3.70496e-09 0)
(0.112759 -9.55597e-09 0)
(0.112759 -2.23406e-08 0)
(0.112759 -3.75153e-08 0)
(0.112759 -4.97362e-08 0)
(0.112759 -6.21037e-08 0)
(0.112759 -6.34302e-08 0)
(0.112759 -6.60115e-08 0)
(0.112759 -5.65193e-08 0)
(0.112759 -5.71896e-08 0)
(0.112759 -5.47495e-08 0)
(0.112759 -6.12534e-08 0)
(0.112759 -7.79227e-08 0)
(0.112759 -1.38574e-08 0)
(0.109481 2.77177e-08 0)
(0.109481 -6.83464e-08 0)
(0.109481 -9.37489e-08 0)
(0.109481 -6.06608e-08 0)
(0.109481 -3.55902e-08 0)
(0.109481 -2.0709e-08 0)
(0.109481 -6.63965e-09 0)
(0.109481 7.07457e-09 0)
(0.109481 1.70256e-08 0)
(0.109481 2.06657e-08 0)
(0.109481 2.23227e-08 0)
(0.109481 3.04568e-08 0)
(0.109481 4.39185e-08 0)
(0.109481 5.65201e-08 0)
(0.109481 6.4842e-08 0)
(0.109481 6.95056e-08 0)
(0.109481 7.0867e-08 0)
(0.109481 7.00467e-08 0)
(0.109481 6.69932e-08 0)
(0.109481 6.24615e-08 0)
(0.109481 5.70119e-08 0)
(0.109481 5.06211e-08 0)
(0.109481 4.27304e-08 0)
(0.109481 3.40742e-08 0)
(0.109481 2.47936e-08 0)
(0.109481 1.45811e-08 0)
(0.109481 4.66674e-09 0)
(0.109481 -7.9275e-09 0)
(0.109481 -1.92637e-08 0)
(0.109481 -3.44463e-08 0)
(0.109481 -4.47896e-08 0)
(0.109481 -5.80034e-08 0)
(0.109481 -5.80883e-08 0)
(0.109481 -6.26188e-08 0)
(0.109481 -5.27333e-08 0)
(0.109481 -5.57554e-08 0)
(0.109481 -5.4107e-08 0)
(0.109481 -5.333e-08 0)
(0.109481 -7.79779e-08 0)
(0.109481 4.98082e-09 0)
(0.105023 6.92877e-08 0)
(0.105023 -3.46545e-08 0)
(0.105023 -8.73011e-08 0)
(0.105023 -6.05758e-08 0)
(0.105023 -3.51398e-08 0)
(0.105023 -2.23557e-08 0)
(0.105023 -1.12098e-08 0)
(0.105023 4.80565e-10 0)
(0.105023 9.19752e-09 0)
(0.105023 1.32217e-08 0)
(0.105023 1.62765e-08 0)
(0.105023 2.45975e-08 0)
(0.105023 3.66867e-08 0)
(0.105023 4.76503e-08 0)
(0.105023 5.48547e-08 0)
(0.105023 5.91207e-08 0)
(0.105023 6.05021e-08 0)
(0.105023 6.01401e-08 0)
(0.105023 5.78521e-08 0)
(0.105023 5.41607e-08 0)
(0.105023 4.94903e-08 0)
(0.105024 4.38421e-08 0)
(0.105024 3.71149e-08 0)
(0.105024 2.96426e-08 0)
(0.105024 2.20318e-08 0)
(0.105024 1.30874e-08 0)
(0.105024 4.99419e-09 0)
(0.105024 -6.21727e-09 0)
(0.105024 -1.52525e-08 0)
(0.105024 -2.97117e-08 0)
(0.105024 -3.78602e-08 0)
(0.105023 -5.16875e-08 0)
(0.105023 -5.05621e-08 0)
(0.105023 -5.72997e-08 0)
(0.105023 -4.85793e-08 0)
(0.105023 -5.20874e-08 0)
(0.105023 -5.15185e-08 0)
(0.105023 -3.97769e-08 0)
(0.105023 -8.01022e-08 0)
(0.105023 9.91392e-09 0)
(0.098372 8.92478e-08 0)
(0.0983718 1.80259e-09 0)
(0.0983718 -6.76091e-08 0)
(0.0983718 -5.29807e-08 0)
(0.0983717 -3.19641e-08 0)
(0.0983717 -2.33611e-08 0)
(0.0983717 -1.57421e-08 0)
(0.0983717 -6.30301e-09 0)
(0.0983717 1.39225e-09 0)
(0.0983717 6.81694e-09 0)
(0.0983717 1.24897e-08 0)
(0.0983717 2.1024e-08 0)
(0.0983718 3.06778e-08 0)
(0.0983718 3.88941e-08 0)
(0.0983718 4.46295e-08 0)
(0.0983719 4.85126e-08 0)
(0.0983719 5.02405e-08 0)
(0.098372 5.03821e-08 0)
(0.0983721 4.871e-08 0)
(0.0983721 4.56327e-08 0)
(0.0983722 4.16141e-08 0)
(0.0983722 3.6609e-08 0)
(0.0983722 3.09626e-08 0)
(0.0983723 2.4672e-08 0)
(0.0983723 1.8746e-08 0)
(0.0983723 1.13981e-08 0)
(0.0983723 5.56223e-09 0)
(0.0983723 -3.84826e-09 0)
(0.0983723 -1.01531e-08 0)
(0.0983723 -2.28799e-08 0)
(0.0983723 -2.98777e-08 0)
(0.0983722 -4.49979e-08 0)
(0.0983722 -4.58582e-08 0)
(0.0983721 -5.52784e-08 0)
(0.0983721 -4.84423e-08 0)
(0.098372 -4.97966e-08 0)
(0.098372 -4.99762e-08 0)
(0.098372 -2.59597e-08 0)
(0.0983718 -7.46852e-08 0)
(0.098372 1.02513e-09 0)
(0.0850552 5.53112e-08 0)
(0.0850552 1.77472e-08 0)
(0.0850551 -2.84972e-08 0)
(0.085055 -2.0098e-08 0)
(0.0850549 -4.39623e-09 0)
(0.0850549 -3.83832e-10 0)
(0.0850548 -8.76813e-10 0)
(0.0850548 -1.69843e-09 0)
(0.0850548 -3.75279e-10 0)
(0.0850548 -9.52239e-10 0)
(0.0850548 -2.9118e-09 0)
(0.0850549 -2.07759e-09 0)
(0.0850549 2.65757e-10 0)
(0.085055 2.11068e-09 0)
(0.085055 3.04606e-09 0)
(0.0850551 3.67311e-09 0)
(0.0850552 4.16715e-09 0)
(0.0850553 4.67845e-09 0)
(0.0850554 5.26651e-09 0)
(0.0850555 5.3754e-09 0)
(0.0850556 5.70486e-09 0)
(0.0850556 5.2011e-09 0)
(0.0850557 5.12378e-09 0)
(0.0850558 3.65131e-09 0)
(0.0850558 3.42547e-09 0)
(0.0850558 8.3501e-10 0)
(0.0850559 7.05177e-10 0)
(0.0850558 -4.1874e-09 0)
(0.0850559 -3.56499e-09 0)
(0.0850558 -7.4517e-09 0)
(0.0850558 -2.27035e-09 0)
(0.0850557 -3.64647e-09 0)
(0.0850556 1.99528e-09 0)
(0.0850555 9.85114e-10 0)
(0.0850554 5.22465e-10 0)
(0.0850553 3.3602e-09 0)
(0.0850552 -1.37417e-08 0)
(0.0850552 4.98131e-09 0)
(0.085055 -3.20652e-08 0)
(0.085055 -1.34451e-08 0)
)
;

boundaryField
{
    bottomWall
    {
        type            noSlip;
    }
    topWall
    {
        type            noSlip;
    }
    sides1_half0
    {
        type            empty;
    }
    sides1_half1
    {
        type            empty;
    }
    sides2_half0
    {
        type            empty;
    }
    sides2_half1
    {
        type            empty;
    }
    inout1_half0
    {
        type            cyclic;
    }
    inout1_half1
    {
        type            cyclic;
    }
    inout2_half0
    {
        type            cyclic;
    }
    inout2_half1
    {
        type            cyclic;
    }
}


// ************************************************************************* //
