/*--------------------------------*- C++ -*----------------------------------*\
  =========                 |
  \\      /  F ield         | OpenFOAM: The Open Source CFD Toolbox
   \\    /   O peration     | Website:  https://openfoam.org
    \\  /    A nd           | Version:  dev
     \\/     M anipulation  |

   OpenFOAM for Windows 20.09 (v1)
   Built by CFD Support, www.cfdsupport.com (based on Symscape).
\*---------------------------------------------------------------------------*/
FoamFile
{
    version     2.0;
    format      ascii;
    class       volScalarField;
    location    "20";
    object      k;
}
// * * * * * * * * * * * * * * * * * * * * * * * * * * * * * * * * * * * * * //

dimensions      [0 2 -2 0 0 0 0];

internalField   nonuniform List<scalar> 
1600
(
0.000619548
0.00061955
0.000619552
0.000619553
0.000619553
0.000619554
0.000619556
0.000619558
0.000619561
0.000619564
0.000619566
0.000619568
0.000619569
0.000619569
0.000619568
0.000619566
0.000619561
0.000619557
0.000619554
0.000619554
0.000619554
0.000619554
0.000619554
0.000619554
0.000619552
0.00061955
0.000619548
0.000619548
0.000619548
0.000619548
0.000619548
0.000619548
0.000619548
0.000619548
0.000619548
0.000619548
0.000619548
0.000619548
0.000619548
0.000619548
0.000951593
0.000951598
0.000951602
0.000951603
0.000951603
0.000951604
0.000951605
0.000951608
0.000951612
0.000951616
0.00095162
0.000951623
0.000951625
0.000951626
0.000951626
0.000951623
0.000951614
0.000951606
0.000951599
0.000951598
0.000951598
0.000951599
0.000951599
0.000951599
0.000951596
0.000951591
0.000951589
0.000951589
0.000951589
0.000951589
0.000951589
0.000951589
0.000951589
0.000951589
0.000951589
0.000951589
0.000951588
0.000951588
0.000951588
0.000951588
0.00118854
0.00118855
0.00118855
0.00118855
0.00118855
0.00118855
0.00118855
0.00118855
0.00118855
0.00118856
0.00118856
0.00118857
0.00118857
0.00118857
0.00118857
0.00118857
0.00118856
0.00118855
0.00118854
0.00118854
0.00118854
0.00118854
0.00118854
0.00118854
0.00118853
0.00118853
0.00118853
0.00118853
0.00118853
0.00118853
0.00118853
0.00118853
0.00118853
0.00118853
0.00118853
0.00118853
0.00118853
0.00118853
0.00118853
0.00118853
0.00137107
0.00137108
0.00137108
0.00137108
0.00137108
0.00137107
0.00137107
0.00137107
0.00137107
0.00137108
0.00137108
0.00137108
0.00137109
0.00137109
0.00137109
0.00137109
0.00137108
0.00137107
0.00137106
0.00137105
0.00137105
0.00137105
0.00137105
0.00137105
0.00137105
0.00137105
0.00137105
0.00137105
0.00137105
0.00137105
0.00137105
0.00137105
0.00137105
0.00137105
0.00137105
0.00137104
0.00137104
0.00137105
0.00137105
0.00137105
0.00152462
0.00152463
0.00152462
0.00152462
0.00152462
0.00152461
0.0015246
0.00152461
0.00152461
0.00152461
0.00152461
0.00152461
0.00152461
0.00152462
0.00152462
0.00152462
0.00152461
0.0015246
0.00152458
0.00152458
0.00152458
0.00152458
0.00152458
0.00152458
0.00152458
0.00152458
0.00152458
0.00152458
0.00152458
0.00152458
0.00152458
0.00152458
0.00152458
0.00152458
0.00152458
0.00152458
0.00152458
0.00152458
0.00152458
0.00152458
0.00165901
0.00165902
0.00165901
0.00165901
0.001659
0.00165899
0.00165898
0.00165898
0.00165898
0.00165898
0.00165899
0.00165899
0.00165899
0.00165899
0.001659
0.001659
0.00165899
0.00165897
0.00165896
0.00165895
0.00165895
0.00165895
0.00165895
0.00165895
0.00165895
0.00165895
0.00165895
0.00165895
0.00165895
0.00165895
0.00165896
0.00165896
0.00165896
0.00165896
0.00165895
0.00165895
0.00165896
0.00165896
0.00165896
0.00165896
0.0017787
0.00177871
0.0017787
0.0017787
0.00177869
0.00177867
0.00177866
0.00177866
0.00177866
0.00177866
0.00177866
0.00177866
0.00177866
0.00177867
0.00177867
0.00177867
0.00177867
0.00177865
0.00177863
0.00177862
0.00177862
0.00177862
0.00177862
0.00177862
0.00177862
0.00177862
0.00177862
0.00177862
0.00177862
0.00177862
0.00177863
0.00177863
0.00177863
0.00177863
0.00177863
0.00177863
0.00177863
0.00177863
0.00177863
0.00177864
0.00188595
0.00188595
0.00188595
0.00188594
0.00188593
0.00188591
0.0018859
0.00188589
0.0018859
0.0018859
0.0018859
0.0018859
0.0018859
0.0018859
0.0018859
0.00188591
0.0018859
0.00188588
0.00188586
0.00188585
0.00188585
0.00188585
0.00188585
0.00188585
0.00188585
0.00188585
0.00188585
0.00188586
0.00188585
0.00188586
0.00188586
0.00188586
0.00188586
0.00188586
0.00188586
0.00188586
0.00188587
0.00188587
0.00188587
0.00188588
0.001982
0.001982
0.001982
0.00198199
0.00198198
0.00198196
0.00198194
0.00198193
0.00198194
0.00198194
0.00198194
0.00198194
0.00198194
0.00198194
0.00198195
0.00198195
0.00198194
0.00198192
0.0019819
0.00198189
0.00198188
0.00198189
0.00198189
0.00198189
0.00198189
0.00198189
0.00198189
0.00198189
0.00198189
0.0019819
0.0019819
0.0019819
0.0019819
0.0019819
0.0019819
0.0019819
0.00198191
0.00198191
0.00198191
0.00198193
0.00206761
0.00206761
0.0020676
0.00206759
0.00206758
0.00206756
0.00206754
0.00206753
0.00206753
0.00206754
0.00206754
0.00206754
0.00206754
0.00206754
0.00206755
0.00206755
0.00206754
0.00206752
0.0020675
0.00206749
0.00206748
0.00206749
0.00206748
0.00206748
0.00206748
0.00206748
0.00206749
0.00206749
0.00206749
0.00206749
0.0020675
0.0020675
0.0020675
0.0020675
0.0020675
0.0020675
0.0020675
0.00206751
0.00206751
0.00206753
0.00214327
0.00214328
0.00214327
0.00214327
0.00214325
0.00214323
0.00214321
0.0021432
0.0021432
0.0021432
0.00214321
0.00214321
0.00214321
0.00214321
0.00214321
0.00214321
0.00214321
0.00214319
0.00214317
0.00214316
0.00214315
0.00214315
0.00214315
0.00214315
0.00214315
0.00214315
0.00214315
0.00214316
0.00214316
0.00214316
0.00214317
0.00214317
0.00214316
0.00214316
0.00214316
0.00214317
0.00214317
0.00214317
0.00214318
0.00214319
0.00220942
0.00220943
0.00220943
0.00220942
0.00220941
0.00220939
0.00220937
0.00220936
0.00220936
0.00220936
0.00220937
0.00220936
0.00220936
0.00220936
0.00220936
0.00220937
0.00220936
0.00220935
0.00220933
0.00220932
0.00220931
0.00220931
0.00220931
0.00220931
0.00220931
0.00220931
0.00220932
0.00220932
0.00220932
0.00220932
0.00220932
0.00220932
0.00220932
0.00220932
0.00220932
0.00220932
0.00220932
0.00220933
0.00220933
0.00220935
0.00226646
0.00226647
0.00226646
0.00226646
0.00226645
0.00226643
0.00226641
0.0022664
0.0022664
0.0022664
0.0022664
0.0022664
0.0022664
0.0022664
0.00226641
0.00226641
0.00226641
0.0022664
0.00226638
0.00226636
0.00226636
0.00226636
0.00226636
0.00226636
0.00226636
0.00226636
0.00226636
0.00226636
0.00226637
0.00226636
0.00226637
0.00226637
0.00226636
0.00226636
0.00226636
0.00226636
0.00226637
0.00226637
0.00226637
0.00226639
0.00231482
0.00231482
0.00231482
0.00231482
0.00231481
0.00231479
0.00231477
0.00231476
0.00231476
0.00231476
0.00231476
0.00231476
0.00231476
0.00231476
0.00231476
0.00231477
0.00231477
0.00231476
0.00231474
0.00231473
0.00231472
0.00231471
0.00231472
0.00231472
0.00231472
0.00231472
0.00231472
0.00231472
0.00231472
0.00231472
0.00231472
0.00231472
0.00231472
0.00231472
0.00231472
0.00231472
0.00231472
0.00231473
0.00231473
0.00231475
0.00235496
0.00235496
0.00235496
0.00235496
0.00235495
0.00235493
0.00235491
0.0023549
0.0023549
0.00235491
0.0023549
0.0023549
0.00235491
0.00235491
0.00235491
0.00235491
0.00235491
0.0023549
0.00235489
0.00235488
0.00235487
0.00235486
0.00235487
0.00235487
0.00235487
0.00235487
0.00235487
0.00235487
0.00235487
0.00235487
0.00235487
0.00235487
0.00235487
0.00235487
0.00235487
0.00235487
0.00235487
0.00235488
0.00235488
0.00235489
0.0023874
0.0023874
0.0023874
0.0023874
0.00238739
0.00238738
0.00238736
0.00238735
0.00238735
0.00238735
0.00238735
0.00238735
0.00238735
0.00238736
0.00238736
0.00238736
0.00238736
0.00238735
0.00238734
0.00238733
0.00238732
0.00238732
0.00238732
0.00238732
0.00238732
0.00238732
0.00238732
0.00238732
0.00238732
0.00238732
0.00238732
0.00238732
0.00238732
0.00238732
0.00238732
0.00238732
0.00238732
0.00238733
0.00238733
0.00238734
0.00241268
0.00241268
0.00241268
0.00241268
0.00241267
0.00241266
0.00241265
0.00241264
0.00241264
0.00241264
0.00241264
0.00241264
0.00241264
0.00241264
0.00241265
0.00241265
0.00241265
0.00241264
0.00241263
0.00241262
0.00241261
0.00241261
0.00241261
0.00241261
0.00241261
0.00241261
0.00241261
0.00241261
0.00241261
0.00241261
0.00241261
0.00241261
0.00241261
0.00241261
0.00241261
0.00241261
0.00241261
0.00241262
0.00241262
0.00241263
0.00243131
0.00243131
0.00243131
0.0024313
0.0024313
0.00243128
0.00243127
0.00243127
0.00243127
0.00243127
0.00243127
0.00243127
0.00243127
0.00243128
0.00243128
0.00243128
0.00243128
0.00243127
0.00243126
0.00243125
0.00243125
0.00243124
0.00243124
0.00243124
0.00243124
0.00243124
0.00243124
0.00243124
0.00243124
0.00243124
0.00243124
0.00243124
0.00243124
0.00243124
0.00243124
0.00243124
0.00243125
0.00243125
0.00243125
0.00243126
0.00244366
0.00244367
0.00244367
0.00244366
0.00244365
0.00244364
0.00244363
0.00244363
0.00244363
0.00244363
0.00244363
0.00244364
0.00244364
0.00244364
0.00244364
0.00244365
0.00244365
0.00244364
0.00244363
0.00244362
0.00244361
0.00244361
0.0024436
0.00244361
0.00244361
0.00244361
0.00244361
0.00244361
0.00244361
0.00244361
0.00244361
0.00244361
0.00244361
0.00244361
0.00244361
0.00244361
0.00244361
0.00244361
0.00244361
0.00244362
0.00244993
0.00244994
0.00244994
0.00244993
0.00244992
0.00244991
0.00244991
0.00244991
0.00244991
0.00244991
0.00244991
0.00244991
0.00244991
0.00244992
0.00244992
0.00244992
0.00244992
0.00244992
0.00244991
0.0024499
0.00244989
0.00244988
0.00244988
0.00244988
0.00244988
0.00244988
0.00244988
0.00244989
0.00244989
0.00244988
0.00244989
0.00244988
0.00244988
0.00244988
0.00244989
0.00244989
0.00244989
0.00244989
0.00244989
0.0024499
0.00244993
0.00244994
0.00244994
0.00244993
0.00244992
0.00244991
0.00244991
0.00244991
0.00244991
0.00244991
0.00244991
0.00244991
0.00244992
0.00244992
0.00244992
0.00244992
0.00244992
0.00244992
0.00244991
0.0024499
0.00244989
0.00244988
0.00244988
0.00244988
0.00244988
0.00244988
0.00244989
0.00244989
0.00244989
0.00244989
0.00244989
0.00244989
0.00244989
0.00244989
0.00244989
0.00244989
0.00244989
0.00244989
0.00244989
0.0024499
0.00244366
0.00244367
0.00244367
0.00244366
0.00244365
0.00244364
0.00244363
0.00244363
0.00244363
0.00244363
0.00244364
0.00244364
0.00244364
0.00244364
0.00244365
0.00244365
0.00244365
0.00244364
0.00244363
0.00244362
0.00244361
0.00244361
0.00244361
0.00244361
0.00244361
0.00244361
0.00244361
0.00244361
0.00244361
0.00244361
0.00244361
0.00244361
0.00244361
0.00244361
0.00244361
0.00244361
0.00244361
0.00244361
0.00244361
0.00244362
0.0024313
0.00243131
0.00243131
0.0024313
0.00243129
0.00243128
0.00243127
0.00243127
0.00243127
0.00243127
0.00243127
0.00243127
0.00243128
0.00243128
0.00243128
0.00243129
0.00243129
0.00243128
0.00243127
0.00243126
0.00243125
0.00243124
0.00243124
0.00243124
0.00243124
0.00243125
0.00243125
0.00243125
0.00243124
0.00243124
0.00243125
0.00243125
0.00243125
0.00243125
0.00243125
0.00243125
0.00243125
0.00243125
0.00243125
0.00243126
0.00241268
0.00241268
0.00241268
0.00241267
0.00241266
0.00241265
0.00241264
0.00241264
0.00241264
0.00241264
0.00241264
0.00241265
0.00241265
0.00241265
0.00241265
0.00241266
0.00241266
0.00241265
0.00241264
0.00241262
0.00241261
0.00241261
0.00241261
0.00241261
0.00241261
0.00241261
0.00241262
0.00241261
0.00241261
0.00241262
0.00241262
0.00241261
0.00241262
0.00241262
0.00241262
0.00241262
0.00241262
0.00241262
0.00241262
0.00241263
0.00238739
0.0023874
0.0023874
0.00238739
0.00238738
0.00238736
0.00238735
0.00238735
0.00238736
0.00238736
0.00238736
0.00238736
0.00238736
0.00238736
0.00238737
0.00238737
0.00238737
0.00238736
0.00238734
0.00238733
0.00238732
0.00238732
0.00238732
0.00238732
0.00238732
0.00238732
0.00238732
0.00238732
0.00238732
0.00238733
0.00238732
0.00238732
0.00238733
0.00238733
0.00238733
0.00238733
0.00238733
0.00238733
0.00238733
0.00238734
0.00235495
0.00235496
0.00235496
0.00235495
0.00235493
0.00235492
0.00235491
0.00235491
0.00235491
0.00235491
0.00235491
0.00235491
0.00235491
0.00235491
0.00235492
0.00235492
0.00235492
0.00235491
0.00235489
0.00235487
0.00235486
0.00235487
0.00235487
0.00235487
0.00235487
0.00235487
0.00235487
0.00235487
0.00235487
0.00235487
0.00235487
0.00235487
0.00235487
0.00235487
0.00235488
0.00235487
0.00235488
0.00235488
0.00235488
0.00235489
0.0023148
0.00231481
0.00231482
0.0023148
0.00231479
0.00231477
0.00231476
0.00231476
0.00231476
0.00231477
0.00231476
0.00231477
0.00231477
0.00231477
0.00231477
0.00231477
0.00231477
0.00231476
0.00231474
0.00231472
0.00231471
0.00231471
0.00231472
0.00231472
0.00231472
0.00231472
0.00231472
0.00231472
0.00231472
0.00231472
0.00231472
0.00231472
0.00231472
0.00231472
0.00231473
0.00231473
0.00231473
0.00231473
0.00231473
0.00231474
0.00226644
0.00226646
0.00226646
0.00226645
0.00226643
0.00226641
0.0022664
0.0022664
0.0022664
0.00226641
0.0022664
0.00226641
0.0022664
0.0022664
0.00226641
0.00226641
0.00226641
0.00226639
0.00226637
0.00226635
0.00226635
0.00226635
0.00226635
0.00226635
0.00226636
0.00226635
0.00226636
0.00226636
0.00226635
0.00226636
0.00226636
0.00226636
0.00226636
0.00226636
0.00226636
0.00226637
0.00226636
0.00226636
0.00226636
0.00226638
0.00220939
0.00220941
0.00220941
0.0022094
0.00220938
0.00220936
0.00220935
0.00220936
0.00220936
0.00220936
0.00220936
0.00220936
0.00220936
0.00220936
0.00220936
0.00220936
0.00220936
0.00220934
0.00220932
0.0022093
0.0022093
0.0022093
0.0022093
0.0022093
0.0022093
0.0022093
0.00220931
0.0022093
0.0022093
0.00220931
0.00220931
0.00220931
0.00220931
0.00220932
0.00220931
0.00220932
0.00220931
0.00220931
0.00220931
0.00220933
0.00214323
0.00214325
0.00214325
0.00214324
0.00214322
0.0021432
0.00214319
0.00214319
0.0021432
0.0021432
0.0021432
0.00214319
0.00214319
0.00214319
0.0021432
0.0021432
0.0021432
0.00214318
0.00214315
0.00214314
0.00214313
0.00214314
0.00214314
0.00214314
0.00214314
0.00214314
0.00214314
0.00214314
0.00214314
0.00214314
0.00214314
0.00214315
0.00214315
0.00214315
0.00214315
0.00214315
0.00214315
0.00214315
0.00214315
0.00214316
0.00206756
0.00206757
0.00206757
0.00206756
0.00206754
0.00206752
0.00206752
0.00206752
0.00206752
0.00206752
0.00206752
0.00206752
0.00206752
0.00206752
0.00206753
0.00206753
0.00206752
0.0020675
0.00206747
0.00206746
0.00206746
0.00206746
0.00206746
0.00206746
0.00206746
0.00206746
0.00206746
0.00206747
0.00206747
0.00206747
0.00206747
0.00206747
0.00206748
0.00206748
0.00206747
0.00206747
0.00206747
0.00206747
0.00206747
0.00206749
0.00198195
0.00198196
0.00198196
0.00198195
0.00198193
0.00198191
0.00198191
0.00198191
0.00198191
0.00198191
0.00198191
0.00198191
0.00198191
0.00198192
0.00198192
0.00198192
0.00198192
0.00198189
0.00198187
0.00198185
0.00198185
0.00198185
0.00198185
0.00198185
0.00198185
0.00198186
0.00198186
0.00198186
0.00198186
0.00198186
0.00198186
0.00198187
0.00198187
0.00198187
0.00198187
0.00198187
0.00198187
0.00198187
0.00198187
0.00198188
0.00188589
0.0018859
0.0018859
0.00188589
0.00188587
0.00188586
0.00188586
0.00188586
0.00188586
0.00188586
0.00188586
0.00188586
0.00188587
0.00188587
0.00188588
0.00188588
0.00188587
0.00188584
0.00188582
0.00188581
0.00188581
0.00188581
0.00188581
0.00188581
0.00188581
0.00188581
0.00188582
0.00188581
0.00188582
0.00188582
0.00188582
0.00188582
0.00188582
0.00188582
0.00188582
0.00188582
0.00188582
0.00188582
0.00188582
0.00188583
0.00177864
0.00177865
0.00177865
0.00177864
0.00177863
0.00177862
0.00177862
0.00177862
0.00177862
0.00177862
0.00177862
0.00177862
0.00177863
0.00177863
0.00177864
0.00177864
0.00177863
0.00177861
0.00177859
0.00177857
0.00177857
0.00177857
0.00177857
0.00177857
0.00177857
0.00177858
0.00177858
0.00177858
0.00177858
0.00177858
0.00177858
0.00177858
0.00177858
0.00177858
0.00177859
0.00177858
0.00177858
0.00177858
0.00177858
0.00177859
0.00165895
0.00165896
0.00165896
0.00165895
0.00165894
0.00165894
0.00165894
0.00165894
0.00165894
0.00165894
0.00165894
0.00165895
0.00165895
0.00165896
0.00165896
0.00165896
0.00165895
0.00165893
0.00165891
0.0016589
0.0016589
0.0016589
0.0016589
0.0016589
0.0016589
0.0016589
0.0016589
0.0016589
0.0016589
0.0016589
0.00165891
0.0016589
0.00165891
0.00165891
0.00165891
0.00165891
0.00165891
0.0016589
0.00165891
0.00165891
0.00152456
0.00152457
0.00152457
0.00152457
0.00152456
0.00152456
0.00152456
0.00152456
0.00152456
0.00152457
0.00152457
0.00152457
0.00152458
0.00152458
0.00152459
0.00152458
0.00152457
0.00152455
0.00152454
0.00152453
0.00152453
0.00152452
0.00152453
0.00152453
0.00152453
0.00152453
0.00152453
0.00152453
0.00152453
0.00152453
0.00152453
0.00152453
0.00152453
0.00152453
0.00152453
0.00152453
0.00152453
0.00152453
0.00152453
0.00152453
0.00137102
0.00137103
0.00137103
0.00137103
0.00137103
0.00137103
0.00137103
0.00137103
0.00137104
0.00137104
0.00137104
0.00137105
0.00137105
0.00137106
0.00137106
0.00137105
0.00137104
0.00137103
0.00137101
0.00137101
0.001371
0.001371
0.001371
0.001371
0.001371
0.001371
0.001371
0.001371
0.001371
0.00137101
0.001371
0.001371
0.001371
0.001371
0.001371
0.001371
0.001371
0.001371
0.001371
0.001371
0.0011885
0.00118851
0.00118851
0.00118851
0.00118851
0.00118851
0.00118851
0.00118852
0.00118852
0.00118853
0.00118853
0.00118854
0.00118854
0.00118854
0.00118854
0.00118854
0.00118853
0.00118852
0.0011885
0.0011885
0.00118849
0.00118849
0.00118849
0.00118849
0.00118849
0.00118849
0.00118849
0.00118849
0.0011885
0.0011885
0.00118849
0.00118849
0.00118849
0.00118849
0.00118849
0.00118849
0.00118849
0.00118849
0.00118849
0.00118849
0.000951567
0.000951569
0.000951572
0.000951574
0.000951575
0.000951577
0.000951579
0.000951583
0.000951588
0.000951593
0.000951598
0.000951602
0.000951605
0.000951606
0.000951605
0.000951599
0.00095159
0.000951581
0.000951573
0.000951568
0.000951566
0.000951564
0.000951564
0.000951564
0.000951564
0.000951565
0.000951565
0.000951566
0.000951566
0.000951566
0.000951565
0.000951564
0.000951564
0.000951564
0.000951564
0.000951565
0.000951564
0.000951564
0.000951564
0.000951563
0.000619538
0.000619538
0.00061954
0.000619541
0.000619542
0.000619543
0.000619545
0.000619547
0.00061955
0.000619553
0.000619555
0.000619557
0.000619558
0.000619559
0.000619558
0.000619554
0.00061955
0.000619546
0.000619542
0.00061954
0.000619539
0.000619538
0.000619538
0.000619538
0.000619538
0.000619538
0.000619538
0.000619538
0.000619538
0.000619538
0.000619538
0.000619538
0.000619538
0.000619538
0.000619538
0.000619538
0.000619538
0.000619538
0.000619538
0.000619537
)
;

boundaryField
{
    bottomWall
    {
        type            kqRWallFunction;
        value           nonuniform List<scalar> 
40
(
0.000619548
0.00061955
0.000619552
0.000619553
0.000619553
0.000619554
0.000619556
0.000619558
0.000619561
0.000619564
0.000619566
0.000619568
0.000619569
0.000619569
0.000619568
0.000619566
0.000619561
0.000619557
0.000619554
0.000619554
0.000619554
0.000619554
0.000619554
0.000619554
0.000619552
0.00061955
0.000619548
0.000619548
0.000619548
0.000619548
0.000619548
0.000619548
0.000619548
0.000619548
0.000619548
0.000619548
0.000619548
0.000619548
0.000619548
0.000619548
)
;
    }
    topWall
    {
        type            kqRWallFunction;
        value           nonuniform List<scalar> 
40
(
0.000619538
0.000619538
0.00061954
0.000619541
0.000619542
0.000619543
0.000619545
0.000619547
0.00061955
0.000619553
0.000619555
0.000619557
0.000619558
0.000619559
0.000619558
0.000619554
0.00061955
0.000619546
0.000619542
0.00061954
0.000619539
0.000619538
0.000619538
0.000619538
0.000619538
0.000619538
0.000619538
0.000619538
0.000619538
0.000619538
0.000619538
0.000619538
0.000619538
0.000619538
0.000619538
0.000619538
0.000619538
0.000619538
0.000619538
0.000619537
)
;
    }
    sides1_half0
    {
        type            empty;
    }
    sides1_half1
    {
        type            empty;
    }
    sides2_half0
    {
        type            empty;
    }
    sides2_half1
    {
        type            empty;
    }
    inout1_half0
    {
        type            cyclic;
    }
    inout1_half1
    {
        type            cyclic;
    }
    inout2_half0
    {
        type            cyclic;
    }
    inout2_half1
    {
        type            cyclic;
    }
}


// ************************************************************************* //
