/*--------------------------------*- C++ -*----------------------------------*\
  =========                 |
  \\      /  F ield         | OpenFOAM: The Open Source CFD Toolbox
   \\    /   O peration     | Website:  https://openfoam.org
    \\  /    A nd           | Version:  dev
     \\/     M anipulation  |

   OpenFOAM for Windows 20.09 (v1)
   Built by CFD Support, www.cfdsupport.com (based on Symscape).
\*---------------------------------------------------------------------------*/
FoamFile
{
    version     2.0;
    format      ascii;
    class       volVectorField;
    location    "20";
    object      U;
}
// * * * * * * * * * * * * * * * * * * * * * * * * * * * * * * * * * * * * * //

dimensions      [0 1 -1 0 0 0 0];

internalField   nonuniform List<vector> 
1600
(
(0.104764 -1.49952e-08 0)
(0.104764 -1.37697e-08 0)
(0.104764 1.48699e-09 0)
(0.104764 -2.57738e-09 0)
(0.104764 -7.34293e-09 0)
(0.104764 -5.09647e-09 0)
(0.104764 -9.13641e-10 0)
(0.104764 1.10135e-09 0)
(0.104764 1.00265e-09 0)
(0.104764 1.17919e-10 0)
(0.104765 -4.6109e-10 0)
(0.104765 -3.17894e-10 0)
(0.104765 1.09717e-09 0)
(0.104765 3.33851e-09 0)
(0.104765 2.3586e-09 0)
(0.104765 1.39231e-10 0)
(0.104765 -4.25641e-10 0)
(0.104764 5.00423e-10 0)
(0.104764 1.70609e-09 0)
(0.104764 1.38977e-09 0)
(0.104764 -9.06877e-11 0)
(0.104764 -2.76998e-10 0)
(0.104764 6.50096e-10 0)
(0.104764 9.53298e-10 0)
(0.104764 9.19438e-10 0)
(0.104764 1.53695e-09 0)
(0.104764 1.52891e-09 0)
(0.104764 1.8094e-09 0)
(0.104764 2.41476e-10 0)
(0.104764 8.24383e-10 0)
(0.104764 -2.38722e-11 0)
(0.104764 8.69433e-10 0)
(0.104764 -4.13282e-10 0)
(0.104764 -4.16437e-10 0)
(0.104764 1.3013e-09 0)
(0.104764 -2.88562e-09 0)
(0.104764 4.50774e-09 0)
(0.104764 -4.07714e-09 0)
(0.104764 6.24471e-09 0)
(0.104764 1.56951e-08 0)
(0.116335 -3.5065e-08 0)
(0.116335 -1.01414e-08 0)
(0.116335 9.95362e-09 0)
(0.116335 -3.89933e-10 0)
(0.116335 -8.00977e-09 0)
(0.116335 -8.47424e-09 0)
(0.116335 -6.52097e-09 0)
(0.116335 -6.64264e-09 0)
(0.116335 -9.20511e-09 0)
(0.116335 -1.11164e-08 0)
(0.116335 -1.0726e-08 0)
(0.116335 -7.77184e-09 0)
(0.116335 -3.28944e-09 0)
(0.116335 1.16614e-09 0)
(0.116335 5.08136e-09 0)
(0.116335 8.70087e-09 0)
(0.116335 1.11817e-08 0)
(0.116335 1.21454e-08 0)
(0.116335 1.069e-08 0)
(0.116335 6.26908e-09 0)
(0.116335 1.48839e-09 0)
(0.116335 -1.81378e-10 0)
(0.116335 3.4373e-10 0)
(0.116335 2.78521e-09 0)
(0.116335 6.70005e-09 0)
(0.116335 8.2973e-09 0)
(0.116335 6.34725e-09 0)
(0.116335 4.41579e-09 0)
(0.116335 1.37414e-09 0)
(0.116335 1.48901e-09 0)
(0.116335 4.16635e-10 0)
(0.116335 1.36412e-09 0)
(0.116335 -7.16658e-10 0)
(0.116335 1.153e-09 0)
(0.116335 -4.06521e-10 0)
(0.116335 -4.63806e-10 0)
(0.116335 3.20206e-09 0)
(0.116335 -4.84631e-09 0)
(0.116335 1.69881e-08 0)
(0.116335 1.96028e-09 0)
(0.120724 -3.63987e-08 0)
(0.120724 3.13054e-09 0)
(0.120724 1.73768e-08 0)
(0.120724 3.58327e-09 0)
(0.120724 -6.92232e-09 0)
(0.120724 -9.28543e-09 0)
(0.120724 -6.97651e-09 0)
(0.120724 -6.19072e-09 0)
(0.120724 -9.02457e-09 0)
(0.120724 -1.17602e-08 0)
(0.120724 -1.18717e-08 0)
(0.120724 -8.69604e-09 0)
(0.120724 -3.3151e-09 0)
(0.120724 1.33856e-09 0)
(0.120724 4.41429e-09 0)
(0.120724 6.00561e-09 0)
(0.120724 7.42272e-09 0)
(0.120724 9.23224e-09 0)
(0.120724 9.44487e-09 0)
(0.120724 6.20058e-09 0)
(0.120724 2.42255e-09 0)
(0.120724 1.32701e-09 0)
(0.120724 1.77212e-09 0)
(0.120724 3.27055e-09 0)
(0.120724 5.84739e-09 0)
(0.120724 7.09842e-09 0)
(0.120724 5.98805e-09 0)
(0.120724 4.71619e-09 0)
(0.120724 2.01139e-09 0)
(0.120724 2.02967e-09 0)
(0.120724 9.53476e-10 0)
(0.120724 1.72962e-09 0)
(0.120724 -9.81483e-11 0)
(0.120724 1.78993e-09 0)
(0.120724 -5.74244e-10 0)
(0.120724 1.84592e-09 0)
(0.120724 5.27075e-10 0)
(0.120724 9.63896e-10 0)
(0.120724 1.72576e-08 0)
(0.120724 -1.84493e-08 0)
(0.123299 -2.55263e-08 0)
(0.123298 1.5808e-08 0)
(0.123298 2.15919e-08 0)
(0.123298 6.25634e-09 0)
(0.123298 -5.93757e-09 0)
(0.123298 -9.49359e-09 0)
(0.123298 -7.04196e-09 0)
(0.123298 -6.07911e-09 0)
(0.123298 -9.0517e-09 0)
(0.123298 -1.23501e-08 0)
(0.123298 -1.28544e-08 0)
(0.123298 -9.69104e-09 0)
(0.123298 -4.41902e-09 0)
(0.123298 5.40968e-11 0)
(0.123298 2.28906e-09 0)
(0.123299 2.70994e-09 0)
(0.123299 3.60738e-09 0)
(0.123299 6.21211e-09 0)
(0.123299 7.97525e-09 0)
(0.123299 6.20641e-09 0)
(0.123299 3.49728e-09 0)
(0.123299 2.6075e-09 0)
(0.123299 2.49329e-09 0)
(0.123299 2.78256e-09 0)
(0.123299 4.13509e-09 0)
(0.123299 5.4388e-09 0)
(0.123299 5.30311e-09 0)
(0.123299 4.64272e-09 0)
(0.123299 2.46211e-09 0)
(0.123299 2.56194e-09 0)
(0.123299 1.39244e-09 0)
(0.123299 1.97246e-09 0)
(0.123299 6.80054e-10 0)
(0.123299 2.21071e-09 0)
(0.123299 -1.445e-10 0)
(0.123299 3.11567e-09 0)
(0.123299 -5.63545e-10 0)
(0.123299 5.15719e-09 0)
(0.123299 1.01662e-08 0)
(0.123299 -3.01101e-08 0)
(0.125139 -9.28307e-09 0)
(0.125139 2.42926e-08 0)
(0.125139 2.26911e-08 0)
(0.125139 7.11283e-09 0)
(0.125139 -5.3345e-09 0)
(0.125139 -9.58888e-09 0)
(0.125139 -7.19418e-09 0)
(0.125139 -5.91263e-09 0)
(0.125139 -8.81285e-09 0)
(0.125139 -1.23155e-08 0)
(0.125139 -1.30908e-08 0)
(0.125139 -1.02151e-08 0)
(0.125139 -5.39923e-09 0)
(0.125139 -1.63164e-09 0)
(0.125139 -3.8225e-10 0)
(0.125139 -9.18002e-10 0)
(0.125139 -4.17691e-10 0)
(0.125139 2.86353e-09 0)
(0.125139 6.12502e-09 0)
(0.125139 5.97013e-09 0)
(0.125139 4.28106e-09 0)
(0.125139 3.46329e-09 0)
(0.125139 2.64229e-09 0)
(0.125139 1.70533e-09 0)
(0.125139 2.02478e-09 0)
(0.125139 3.36955e-09 0)
(0.125139 4.14114e-09 0)
(0.125139 4.18907e-09 0)
(0.125139 2.61205e-09 0)
(0.125139 2.67042e-09 0)
(0.125139 1.6909e-09 0)
(0.125139 2.26922e-09 0)
(0.125139 1.39071e-09 0)
(0.125139 2.5264e-09 0)
(0.125139 5.42634e-10 0)
(0.125139 3.61425e-09 0)
(0.125139 -6.29491e-10 0)
(0.125139 6.85336e-09 0)
(0.125139 2.26896e-09 0)
(0.125139 -3.03518e-08 0)
(0.12658 6.57819e-09 0)
(0.12658 2.84235e-08 0)
(0.12658 2.12282e-08 0)
(0.12658 6.67343e-09 0)
(0.12658 -5.31238e-09 0)
(0.12658 -9.75765e-09 0)
(0.12658 -7.19087e-09 0)
(0.12658 -5.60631e-09 0)
(0.12658 -8.1221e-09 0)
(0.12658 -1.15776e-08 0)
(0.12658 -1.25755e-08 0)
(0.12658 -1.0078e-08 0)
(0.12658 -6.01252e-09 0)
(0.12658 -3.20286e-09 0)
(0.12658 -3.05057e-09 0)
(0.12658 -4.55201e-09 0)
(0.12658 -4.39738e-09 0)
(0.12658 -5.13291e-10 0)
(0.12658 4.10378e-09 0)
(0.12658 5.45056e-09 0)
(0.12658 4.61578e-09 0)
(0.12658 3.79686e-09 0)
(0.12658 2.31439e-09 0)
(0.12658 2.55774e-10 0)
(0.12658 -2.0415e-10 0)
(0.12658 1.26906e-09 0)
(0.12658 2.70706e-09 0)
(0.12658 3.27555e-09 0)
(0.12658 2.32802e-09 0)
(0.12658 2.49182e-09 0)
(0.12658 1.84906e-09 0)
(0.12658 2.42175e-09 0)
(0.12658 1.82422e-09 0)
(0.12658 2.60933e-09 0)
(0.12658 1.32571e-09 0)
(0.12658 3.63403e-09 0)
(0.12658 1.51503e-10 0)
(0.12658 7.00252e-09 0)
(0.12658 -2.29802e-09 0)
(0.12658 -2.2066e-08 0)
(0.127762 1.90594e-08 0)
(0.127762 2.86048e-08 0)
(0.127762 1.81896e-08 0)
(0.127762 5.39535e-09 0)
(0.127762 -5.65408e-09 0)
(0.127762 -9.89872e-09 0)
(0.127762 -7.03168e-09 0)
(0.127762 -4.9078e-09 0)
(0.127762 -6.9453e-09 0)
(0.127762 -1.02533e-08 0)
(0.127762 -1.13425e-08 0)
(0.127762 -9.32308e-09 0)
(0.127762 -6.10536e-09 0)
(0.127762 -4.40351e-09 0)
(0.127762 -5.40455e-09 0)
(0.127762 -7.80719e-09 0)
(0.127762 -8.00818e-09 0)
(0.127762 -3.61291e-09 0)
(0.127762 2.11053e-09 0)
(0.127762 4.63628e-09 0)
(0.127762 4.56403e-09 0)
(0.127762 3.67796e-09 0)
(0.127762 1.54734e-09 0)
(0.127762 -1.1614e-09 0)
(0.127762 -2.06404e-09 0)
(0.127762 -7.01829e-10 0)
(0.127762 1.05252e-09 0)
(0.127762 2.07189e-09 0)
(0.127762 1.69747e-09 0)
(0.127762 2.06559e-09 0)
(0.127762 1.82941e-09 0)
(0.127762 2.30711e-09 0)
(0.127762 2.05208e-09 0)
(0.127762 2.60976e-09 0)
(0.127762 1.92887e-09 0)
(0.127762 3.46045e-09 0)
(0.127762 1.48191e-09 0)
(0.127762 6.56647e-09 0)
(0.127762 -2.97541e-09 0)
(0.127762 -9.33868e-09 0)
(0.128757 2.68748e-08 0)
(0.128757 2.59388e-08 0)
(0.128757 1.43068e-08 0)
(0.128757 3.72037e-09 0)
(0.128757 -6.06896e-09 0)
(0.128757 -9.84513e-09 0)
(0.128757 -6.4437e-09 0)
(0.128757 -3.71686e-09 0)
(0.128757 -5.3741e-09 0)
(0.128757 -8.40912e-09 0)
(0.128757 -9.57573e-09 0)
(0.128757 -8.1254e-09 0)
(0.128757 -5.75789e-09 0)
(0.128757 -5.09416e-09 0)
(0.128757 -7.19756e-09 0)
(0.128757 -1.04805e-08 0)
(0.128757 -1.09623e-08 0)
(0.128757 -6.21699e-09 0)
(0.128757 2.35467e-10 0)
(0.128757 3.67693e-09 0)
(0.128757 4.13967e-09 0)
(0.128757 3.23263e-09 0)
(0.128757 8.11471e-10 0)
(0.128757 -2.29851e-09 0)
(0.128757 -3.55657e-09 0)
(0.128757 -2.42595e-09 0)
(0.128757 -5.62667e-10 0)
(0.128757 7.13945e-10 0)
(0.128757 8.17708e-10 0)
(0.128757 1.38343e-09 0)
(0.128757 1.49705e-09 0)
(0.128757 2.00763e-09 0)
(0.128757 2.09335e-09 0)
(0.128757 2.53966e-09 0)
(0.128757 2.42978e-09 0)
(0.128757 3.30852e-09 0)
(0.128757 2.95897e-09 0)
(0.128757 6.24628e-09 0)
(0.128757 -6.54567e-10 0)
(0.128757 3.84884e-09 0)
(0.129603 3.04343e-08 0)
(0.129603 2.17861e-08 0)
(0.129603 1.02575e-08 0)
(0.129603 1.9742e-09 0)
(0.129603 -6.4287e-09 0)
(0.129603 -9.41613e-09 0)
(0.129603 -5.42252e-09 0)
(0.129603 -2.17207e-09 0)
(0.129603 -3.37475e-09 0)
(0.129603 -6.2856e-09 0)
(0.129603 -7.532e-09 0)
(0.129603 -6.53889e-09 0)
(0.129603 -5.02235e-09 0)
(0.129603 -5.3516e-09 0)
(0.129603 -8.43269e-09 0)
(0.129603 -1.23763e-08 0)
(0.129603 -1.30485e-08 0)
(0.129603 -8.18483e-09 0)
(0.129603 -1.44001e-09 0)
(0.129603 2.54899e-09 0)
(0.129603 3.52249e-09 0)
(0.129603 2.71646e-09 0)
(0.129603 1.35977e-10 0)
(0.129603 -3.08075e-09 0)
(0.129603 -4.53396e-09 0)
(0.129603 -3.76417e-09 0)
(0.129603 -2.06224e-09 0)
(0.129603 -6.79693e-10 0)
(0.129603 -2.10051e-10 0)
(0.129603 5.81457e-10 0)
(0.129603 9.93291e-10 0)
(0.129603 1.58283e-09 0)
(0.129603 1.98615e-09 0)
(0.129603 2.42259e-09 0)
(0.129603 2.70229e-09 0)
(0.129603 3.3375e-09 0)
(0.129603 4.43671e-09 0)
(0.129603 6.25095e-09 0)
(0.129603 3.04001e-09 0)
(0.129603 1.46449e-08 0)
(0.130327 3.09484e-08 0)
(0.130327 1.71162e-08 0)
(0.130327 6.34524e-09 0)
(0.130327 1.93646e-10 0)
(0.130327 -6.62885e-09 0)
(0.130327 -8.69116e-09 0)
(0.130327 -4.11284e-09 0)
(0.130327 -4.69171e-10 0)
(0.130327 -1.3006e-09 0)
(0.130327 -3.89652e-09 0)
(0.130327 -5.26259e-09 0)
(0.130327 -4.82155e-09 0)
(0.130327 -4.13482e-09 0)
(0.130327 -5.30205e-09 0)
(0.130327 -9.04854e-09 0)
(0.130327 -1.33568e-08 0)
(0.130327 -1.41845e-08 0)
(0.130327 -9.49249e-09 0)
(0.130327 -2.83749e-09 0)
(0.130327 1.40794e-09 0)
(0.130327 2.79897e-09 0)
(0.130327 2.15331e-09 0)
(0.130327 -3.74929e-10 0)
(0.130327 -3.50082e-09 0)
(0.130327 -5.10751e-09 0)
(0.130327 -4.75492e-09 0)
(0.130327 -3.29694e-09 0)
(0.130327 -1.89086e-09 0)
(0.130327 -1.22213e-09 0)
(0.130327 -2.8958e-10 0)
(0.130327 4.13304e-10 0)
(0.130327 1.13599e-09 0)
(0.130327 1.77001e-09 0)
(0.130327 2.24998e-09 0)
(0.130327 3.02025e-09 0)
(0.130327 3.47315e-09 0)
(0.130327 5.61084e-09 0)
(0.130327 6.50816e-09 0)
(0.130327 6.60161e-09 0)
(0.130327 2.22184e-08 0)
(0.130944 2.95779e-08 0)
(0.130944 1.2674e-08 0)
(0.130944 2.80513e-09 0)
(0.130944 -1.55082e-09 0)
(0.130944 -6.79927e-09 0)
(0.130944 -7.83473e-09 0)
(0.130944 -2.90048e-09 0)
(0.130944 1.13626e-09 0)
(0.130944 8.10696e-10 0)
(0.130944 -1.51417e-09 0)
(0.130944 -3.02857e-09 0)
(0.130944 -3.14804e-09 0)
(0.130944 -3.15128e-09 0)
(0.130944 -4.98194e-09 0)
(0.130944 -9.08816e-09 0)
(0.130944 -1.34909e-08 0)
(0.130944 -1.43971e-08 0)
(0.130944 -1.0089e-08 0)
(0.130944 -3.89067e-09 0)
(0.130944 3.35637e-10 0)
(0.130944 2.01459e-09 0)
(0.130944 1.56109e-09 0)
(0.130944 -7.93706e-10 0)
(0.130944 -3.671e-09 0)
(0.130944 -5.36926e-09 0)
(0.130944 -5.36656e-09 0)
(0.130944 -4.16518e-09 0)
(0.130944 -2.9003e-09 0)
(0.130944 -2.04415e-09 0)
(0.130944 -1.01343e-09 0)
(0.130944 -1.63936e-10 0)
(0.130944 6.5786e-10 0)
(0.130944 1.57134e-09 0)
(0.130944 2.12729e-09 0)
(0.130944 3.13591e-09 0)
(0.130944 3.63629e-09 0)
(0.130944 6.33333e-09 0)
(0.130944 6.84166e-09 0)
(0.130944 9.54918e-09 0)
(0.130944 2.65875e-08 0)
(0.131468 2.73034e-08 0)
(0.131468 8.99186e-09 0)
(0.131468 -1.94939e-10 0)
(0.131468 -3.22002e-09 0)
(0.131468 -6.96932e-09 0)
(0.131468 -7.05893e-09 0)
(0.131468 -1.90806e-09 0)
(0.131468 2.36818e-09 0)
(0.131468 2.60152e-09 0)
(0.131468 6.2563e-10 0)
(0.131468 -1.01396e-09 0)
(0.131468 -1.57464e-09 0)
(0.131468 -2.16469e-09 0)
(0.131468 -4.42744e-09 0)
(0.131468 -8.60923e-09 0)
(0.131468 -1.28325e-08 0)
(0.131468 -1.37995e-08 0)
(0.131468 -1.00769e-08 0)
(0.131468 -4.56383e-09 0)
(0.131468 -5.88831e-10 0)
(0.131468 1.21174e-09 0)
(0.131468 9.427e-10 0)
(0.131468 -1.12662e-09 0)
(0.131468 -3.7133e-09 0)
(0.131468 -5.37634e-09 0)
(0.131468 -5.64296e-09 0)
(0.131468 -4.73467e-09 0)
(0.131468 -3.58871e-09 0)
(0.131468 -2.68342e-09 0)
(0.131468 -1.61311e-09 0)
(0.131468 -6.51308e-10 0)
(0.131468 3.271e-10 0)
(0.131468 1.28032e-09 0)
(0.131468 1.92672e-09 0)
(0.131468 3.23378e-09 0)
(0.131468 3.7311e-09 0)
(0.131468 6.63154e-09 0)
(0.131468 7.15329e-09 0)
(0.131468 1.15405e-08 0)
(0.131468 2.82715e-08 0)
(0.131909 2.4717e-08 0)
(0.131909 6.22529e-09 0)
(0.131909 -2.48434e-09 0)
(0.131909 -4.60892e-09 0)
(0.131909 -7.09163e-09 0)
(0.131909 -6.42793e-09 0)
(0.131909 -1.2751e-09 0)
(0.131909 3.12728e-09 0)
(0.131909 3.83836e-09 0)
(0.131909 2.28193e-09 0)
(0.131909 6.75671e-10 0)
(0.131909 -1.79997e-10 0)
(0.131909 -1.18989e-09 0)
(0.131909 -3.67919e-09 0)
(0.131909 -7.70089e-09 0)
(0.131909 -1.16141e-08 0)
(0.131909 -1.26075e-08 0)
(0.131909 -9.54099e-09 0)
(0.131909 -4.85459e-09 0)
(0.131909 -1.30968e-09 0)
(0.131909 4.62264e-10 0)
(0.131909 3.24521e-10 0)
(0.131909 -1.43006e-09 0)
(0.131909 -3.65988e-09 0)
(0.131909 -5.23259e-09 0)
(0.131909 -5.63652e-09 0)
(0.131909 -5.00952e-09 0)
(0.131909 -4.02946e-09 0)
(0.131909 -3.10092e-09 0)
(0.131909 -2.04322e-09 0)
(0.131909 -1.01202e-09 0)
(0.131909 -1.67315e-11 0)
(0.131909 9.95499e-10 0)
(0.131909 1.77923e-09 0)
(0.131909 3.13944e-09 0)
(0.131909 3.67985e-09 0)
(0.131909 6.65346e-09 0)
(0.131909 7.38514e-09 0)
(0.131909 1.25071e-08 0)
(0.131909 2.79407e-08 0)
(0.132274 2.20127e-08 0)
(0.132274 4.45779e-09 0)
(0.132274 -3.87603e-09 0)
(0.132274 -5.54469e-09 0)
(0.132274 -7.05965e-09 0)
(0.132274 -5.88161e-09 0)
(0.132274 -9.87269e-10 0)
(0.132274 3.31527e-09 0)
(0.132274 4.44185e-09 0)
(0.132274 3.39731e-09 0)
(0.132274 1.97941e-09 0)
(0.132274 9.51578e-10 0)
(0.132274 -3.10994e-10 0)
(0.132274 -2.81724e-09 0)
(0.132274 -6.52374e-09 0)
(0.132274 -1.00028e-08 0)
(0.132274 -1.09918e-08 0)
(0.132274 -8.60912e-09 0)
(0.132274 -4.79014e-09 0)
(0.132274 -1.77586e-09 0)
(0.132274 -1.82213e-10 0)
(0.132274 -2.19939e-10 0)
(0.132274 -1.63958e-09 0)
(0.132274 -3.50197e-09 0)
(0.132274 -4.94363e-09 0)
(0.132274 -5.46876e-09 0)
(0.132274 -5.06383e-09 0)
(0.132274 -4.25724e-09 0)
(0.132274 -3.37455e-09 0)
(0.132274 -2.34756e-09 0)
(0.132274 -1.30791e-09 0)
(0.132274 -3.17297e-10 0)
(0.132274 7.08881e-10 0)
(0.132274 1.56169e-09 0)
(0.132274 2.91529e-09 0)
(0.132274 3.54415e-09 0)
(0.132274 6.38012e-09 0)
(0.132274 7.42386e-09 0)
(0.132274 1.26118e-08 0)
(0.132274 2.60908e-08 0)
(0.132571 1.9307e-08 0)
(0.132571 3.51813e-09 0)
(0.132571 -4.3711e-09 0)
(0.132571 -5.86788e-09 0)
(0.132571 -6.74618e-09 0)
(0.132571 -5.35223e-09 0)
(0.132571 -9.47105e-10 0)
(0.132571 3.05918e-09 0)
(0.132571 4.5018e-09 0)
(0.132571 3.94526e-09 0)
(0.132571 2.80313e-09 0)
(0.132571 1.77631e-09 0)
(0.132571 4.14871e-10 0)
(0.132571 -1.94902e-09 0)
(0.132571 -5.20946e-09 0)
(0.132571 -8.19508e-09 0)
(0.132571 -9.14464e-09 0)
(0.132571 -7.38625e-09 0)
(0.132571 -4.40132e-09 0)
(0.132571 -1.95959e-09 0)
(0.132571 -6.2612e-10 0)
(0.132571 -5.99797e-10 0)
(0.132571 -1.72162e-09 0)
(0.132571 -3.29204e-09 0)
(0.132571 -4.5721e-09 0)
(0.132571 -5.14894e-09 0)
(0.132571 -4.96986e-09 0)
(0.132571 -4.34084e-09 0)
(0.132571 -3.51315e-09 0)
(0.132571 -2.54624e-09 0)
(0.132571 -1.5464e-09 0)
(0.132571 -5.88241e-10 0)
(0.132571 4.207e-10 0)
(0.132571 1.29599e-09 0)
(0.132571 2.55905e-09 0)
(0.132571 3.28715e-09 0)
(0.132571 5.8837e-09 0)
(0.132571 7.12899e-09 0)
(0.132571 1.18802e-08 0)
(0.132571 2.32164e-08 0)
(0.132808 1.65576e-08 0)
(0.132808 3.16617e-09 0)
(0.132808 -4.06475e-09 0)
(0.132808 -5.54598e-09 0)
(0.132808 -6.08419e-09 0)
(0.132808 -4.73015e-09 0)
(0.132808 -9.96935e-10 0)
(0.132808 2.54677e-09 0)
(0.132808 4.11321e-09 0)
(0.132808 3.98362e-09 0)
(0.132808 3.16378e-09 0)
(0.132808 2.20592e-09 0)
(0.132808 9.20339e-10 0)
(0.132808 -1.15589e-09 0)
(0.132808 -3.89252e-09 0)
(0.132808 -6.33435e-09 0)
(0.132808 -7.18817e-09 0)
(0.132808 -5.95344e-09 0)
(0.132808 -3.71814e-09 0)
(0.132808 -1.84065e-09 0)
(0.132808 -7.99703e-10 0)
(0.132808 -7.83958e-10 0)
(0.132808 -1.69705e-09 0)
(0.132808 -3.00113e-09 0)
(0.132808 -4.1419e-09 0)
(0.132808 -4.75464e-09 0)
(0.132808 -4.72924e-09 0)
(0.132808 -4.2553e-09 0)
(0.132808 -3.52904e-09 0)
(0.132808 -2.66004e-09 0)
(0.132808 -1.73671e-09 0)
(0.132808 -8.335e-10 0)
(0.132808 1.14059e-10 0)
(0.132808 9.45196e-10 0)
(0.132808 2.09386e-09 0)
(0.132808 2.86724e-09 0)
(0.132808 5.11927e-09 0)
(0.132808 6.46633e-09 0)
(0.132808 1.04986e-08 0)
(0.132808 1.96695e-08 0)
(0.132989 1.36692e-08 0)
(0.132989 3.07192e-09 0)
(0.132989 -3.17382e-09 0)
(0.132989 -4.64299e-09 0)
(0.132989 -5.04921e-09 0)
(0.132989 -3.94344e-09 0)
(0.132989 -1.00271e-09 0)
(0.132989 1.92534e-09 0)
(0.132989 3.44157e-09 0)
(0.132989 3.59969e-09 0)
(0.132989 3.05824e-09 0)
(0.132989 2.28952e-09 0)
(0.132989 1.19237e-09 0)
(0.132989 -5.11278e-10 0)
(0.132989 -2.65228e-09 0)
(0.132989 -4.52407e-09 0)
(0.132989 -5.20678e-09 0)
(0.132989 -4.36771e-09 0)
(0.132989 -2.76667e-09 0)
(0.132989 -1.41114e-09 0)
(0.132989 -6.93315e-10 0)
(0.132989 -7.61957e-10 0)
(0.132989 -1.53419e-09 0)
(0.132989 -2.6466e-09 0)
(0.132989 -3.6652e-09 0)
(0.132989 -4.27144e-09 0)
(0.132989 -4.36056e-09 0)
(0.132989 -4.02709e-09 0)
(0.132989 -3.43634e-09 0)
(0.132989 -2.68734e-09 0)
(0.132989 -1.87309e-09 0)
(0.132989 -1.07078e-09 0)
(0.132989 -2.3482e-10 0)
(0.132989 5.18106e-10 0)
(0.132989 1.52435e-09 0)
(0.132989 2.28319e-09 0)
(0.132989 4.14483e-09 0)
(0.132989 5.43411e-09 0)
(0.132989 8.62094e-09 0)
(0.132989 1.57449e-08 0)
(0.133121 1.05312e-08 0)
(0.133121 2.96798e-09 0)
(0.133121 -1.904e-09 0)
(0.133121 -3.25595e-09 0)
(0.133121 -3.68228e-09 0)
(0.133121 -2.97271e-09 0)
(0.133121 -8.98216e-10 0)
(0.133121 1.30336e-09 0)
(0.133121 2.60388e-09 0)
(0.133121 2.90934e-09 0)
(0.133121 2.62289e-09 0)
(0.133121 2.07046e-09 0)
(0.133121 1.23014e-09 0)
(0.133121 -1.98515e-11 0)
(0.133121 -1.53089e-09 0)
(0.133121 -2.7995e-09 0)
(0.133121 -3.24664e-09 0)
(0.133121 -2.66516e-09 0)
(0.133121 -1.57158e-09 0)
(0.133121 -6.83042e-10 0)
(0.133121 -3.0996e-10 0)
(0.133121 -5.176e-10 0)
(0.133121 -1.2438e-09 0)
(0.133121 -2.22556e-09 0)
(0.133121 -3.12911e-09 0)
(0.133121 -3.7125e-09 0)
(0.133121 -3.87909e-09 0)
(0.133121 -3.68713e-09 0)
(0.133121 -3.23895e-09 0)
(0.133121 -2.64176e-09 0)
(0.133121 -1.96882e-09 0)
(0.133121 -1.29688e-09 0)
(0.133121 -6.04909e-10 0)
(0.133121 4.30635e-11 0)
(0.133121 8.69193e-10 0)
(0.133121 1.55049e-09 0)
(0.133121 2.96255e-09 0)
(0.133121 4.06098e-09 0)
(0.133121 6.39129e-09 0)
(0.133121 1.15721e-08 0)
(0.133208 7.06253e-09 0)
(0.133208 2.71162e-09 0)
(0.133208 -4.17156e-10 0)
(0.133208 -1.52627e-09 0)
(0.133208 -2.06733e-09 0)
(0.133208 -1.85549e-09 0)
(0.133208 -6.87924e-10 0)
(0.133208 7.30991e-10 0)
(0.133208 1.70242e-09 0)
(0.133208 2.05569e-09 0)
(0.133208 1.96594e-09 0)
(0.133208 1.63325e-09 0)
(0.133208 1.09436e-09 0)
(0.133208 3.32397e-10 0)
(0.133208 -5.20902e-10 0)
(0.133208 -1.16986e-09 0)
(0.133208 -1.30759e-09 0)
(0.133208 -8.53156e-10 0)
(0.133208 -1.50093e-10 0)
(0.133208 3.14794e-10 0)
(0.133208 3.39833e-10 0)
(0.133208 -6.9805e-11 0)
(0.133208 -8.22661e-10 0)
(0.133208 -1.72589e-09 0)
(0.133208 -2.54181e-09 0)
(0.133208 -3.09327e-09 0)
(0.133208 -3.31995e-09 0)
(0.133208 -3.25445e-09 0)
(0.133208 -2.96426e-09 0)
(0.133208 -2.52971e-09 0)
(0.133208 -2.01843e-09 0)
(0.133208 -1.49924e-09 0)
(0.133208 -9.70217e-10 0)
(0.133208 -4.65119e-10 0)
(0.133208 1.48332e-10 0)
(0.133208 6.74314e-10 0)
(0.133208 1.60426e-09 0)
(0.133208 2.40106e-09 0)
(0.133208 3.87362e-09 0)
(0.133208 7.18685e-09 0)
(0.133252 3.19748e-09 0)
(0.133252 2.22975e-09 0)
(0.133252 1.17782e-09 0)
(0.133252 4.07782e-10 0)
(0.133252 -3.17803e-10 0)
(0.133252 -6.73278e-10 0)
(0.133252 -4.18199e-10 0)
(0.133252 2.06564e-10 0)
(0.133252 8.05055e-10 0)
(0.133252 1.14923e-09 0)
(0.133252 1.21241e-09 0)
(0.133252 1.08119e-09 0)
(0.133252 8.49156e-10 0)
(0.133252 5.93341e-10 0)
(0.133252 4.13269e-10 0)
(0.133252 4.13135e-10 0)
(0.133252 6.45347e-10 0)
(0.133252 1.0726e-09 0)
(0.133252 1.47371e-09 0)
(0.133252 1.54882e-09 0)
(0.133252 1.20674e-09 0)
(0.133252 5.5029e-10 0)
(0.133252 -2.8702e-10 0)
(0.133252 -1.15944e-09 0)
(0.133252 -1.90803e-09 0)
(0.133252 -2.43187e-09 0)
(0.133252 -2.70671e-09 0)
(0.133252 -2.75721e-09 0)
(0.133252 -2.62431e-09 0)
(0.133252 -2.35802e-09 0)
(0.133252 -2.01287e-09 0)
(0.133252 -1.65801e-09 0)
(0.133252 -1.31687e-09 0)
(0.133252 -9.85107e-10 0)
(0.133252 -6.20304e-10 0)
(0.133252 -3.13005e-10 0)
(0.133252 1.06033e-10 0)
(0.133252 5.17264e-10 0)
(0.133252 1.13724e-09 0)
(0.133252 2.56886e-09 0)
(0.133252 -9.55506e-10 0)
(0.133252 1.54695e-09 0)
(0.133252 2.73681e-09 0)
(0.133252 2.33909e-09 0)
(0.133252 1.40021e-09 0)
(0.133252 4.52545e-10 0)
(0.133252 -1.82482e-10 0)
(0.133252 -3.01293e-10 0)
(0.133252 -3.86272e-11 0)
(0.133252 3.01886e-10 0)
(0.133252 4.93004e-10 0)
(0.133252 5.32574e-10 0)
(0.133252 5.87431e-10 0)
(0.133252 8.28096e-10 0)
(0.133252 1.32587e-09 0)
(0.133252 1.99001e-09 0)
(0.133252 2.62449e-09 0)
(0.133252 3.08184e-09 0)
(0.133252 3.23329e-09 0)
(0.133252 2.93018e-09 0)
(0.133252 2.20157e-09 0)
(0.133252 1.26589e-09 0)
(0.133252 3.0938e-10 0)
(0.133252 -5.61213e-10 0)
(0.133252 -1.25986e-09 0)
(0.133252 -1.75562e-09 0)
(0.133252 -2.06651e-09 0)
(0.133252 -2.22158e-09 0)
(0.133252 -2.23919e-09 0)
(0.133252 -2.13262e-09 0)
(0.133252 -1.9469e-09 0)
(0.133252 -1.76511e-09 0)
(0.133252 -1.62645e-09 0)
(0.133252 -1.48526e-09 0)
(0.133252 -1.3974e-09 0)
(0.133252 -1.34352e-09 0)
(0.133252 -1.45903e-09 0)
(0.133252 -1.47916e-09 0)
(0.133252 -1.72092e-09 0)
(0.133252 -2.22457e-09 0)
(0.133208 -5.07662e-09 0)
(0.133208 7.91524e-10 0)
(0.133208 4.07766e-09 0)
(0.133208 4.03176e-09 0)
(0.133208 2.91044e-09 0)
(0.133208 1.39384e-09 0)
(0.133208 -7.35242e-11 0)
(0.133208 -8.24798e-10 0)
(0.133208 -7.80035e-10 0)
(0.133208 -3.75734e-10 0)
(0.133208 -5.4552e-11 0)
(0.133208 1.17477e-10 0)
(0.133208 4.09961e-10 0)
(0.133208 1.10986e-09 0)
(0.133208 2.26223e-09 0)
(0.133208 3.57484e-09 0)
(0.133208 4.59859e-09 0)
(0.133208 5.08936e-09 0)
(0.133208 5.00221e-09 0)
(0.133208 4.31075e-09 0)
(0.133208 3.17959e-09 0)
(0.133208 1.95884e-09 0)
(0.133208 8.77318e-10 0)
(0.133208 8.37239e-12 0)
(0.133208 -6.3615e-10 0)
(0.133208 -1.0965e-09 0)
(0.133208 -1.43222e-09 0)
(0.133208 -1.68281e-09 0)
(0.133208 -1.83541e-09 0)
(0.133208 -1.86975e-09 0)
(0.133208 -1.83455e-09 0)
(0.133208 -1.81839e-09 0)
(0.133208 -1.88315e-09 0)
(0.133208 -1.93236e-09 0)
(0.133208 -2.12068e-09 0)
(0.133208 -2.32848e-09 0)
(0.133208 -2.98745e-09 0)
(0.133208 -3.43019e-09 0)
(0.133208 -4.58308e-09 0)
(0.133208 -7.04668e-09 0)
(0.133121 -9.05107e-09 0)
(0.133121 -7.84673e-12 0)
(0.133121 5.07784e-09 0)
(0.133121 5.35202e-09 0)
(0.133121 4.13193e-09 0)
(0.133121 2.10249e-09 0)
(0.133121 -1.25026e-10 0)
(0.133121 -1.3665e-09 0)
(0.133121 -1.37651e-09 0)
(0.133121 -7.99222e-10 0)
(0.133121 -3.38377e-10 0)
(0.133121 -7.9032e-11 0)
(0.133121 3.95517e-10 0)
(0.133121 1.49408e-09 0)
(0.133121 3.25764e-09 0)
(0.133121 5.1791e-09 0)
(0.133121 6.54275e-09 0)
(0.133121 7.02506e-09 0)
(0.133121 6.67046e-09 0)
(0.133121 5.56158e-09 0)
(0.133121 4.01821e-09 0)
(0.133121 2.53397e-09 0)
(0.133121 1.36137e-09 0)
(0.133121 5.05189e-10 0)
(0.133121 -6.74757e-11 0)
(0.133121 -4.72444e-10 0)
(0.133121 -8.33435e-10 0)
(0.133121 -1.16146e-09 0)
(0.133121 -1.4288e-09 0)
(0.133121 -1.58884e-09 0)
(0.133121 -1.67906e-09 0)
(0.133121 -1.82069e-09 0)
(0.133121 -2.08073e-09 0)
(0.133121 -2.29304e-09 0)
(0.133121 -2.74933e-09 0)
(0.133121 -3.18972e-09 0)
(0.133121 -4.37863e-09 0)
(0.133121 -5.19698e-09 0)
(0.133121 -7.32382e-09 0)
(0.133121 -1.18148e-08 0)
(0.132989 -1.29356e-08 0)
(0.132989 -1.00592e-09 0)
(0.132989 5.63409e-09 0)
(0.132989 6.21896e-09 0)
(0.132989 5.03885e-09 0)
(0.132989 2.5809e-09 0)
(0.132989 -3.24038e-10 0)
(0.132989 -1.89021e-09 0)
(0.132989 -1.76113e-09 0)
(0.132989 -9.01322e-10 0)
(0.132989 -2.89125e-10 0)
(0.132989 1.08948e-11 0)
(0.132989 5.85189e-10 0)
(0.132989 2.00331e-09 0)
(0.132989 4.32573e-09 0)
(0.132989 6.8147e-09 0)
(0.132989 8.44305e-09 0)
(0.132989 8.83487e-09 0)
(0.132989 8.15474e-09 0)
(0.132989 6.58966e-09 0)
(0.132989 4.63901e-09 0)
(0.132989 2.94446e-09 0)
(0.132989 1.70925e-09 0)
(0.132989 9.10876e-10 0)
(0.132989 4.51634e-10 0)
(0.132989 9.36322e-11 0)
(0.132989 -2.81043e-10 0)
(0.132989 -6.65931e-10 0)
(0.132989 -1.02506e-09 0)
(0.132989 -1.2886e-09 0)
(0.132989 -1.48919e-09 0)
(0.132989 -1.76673e-09 0)
(0.132989 -2.21539e-09 0)
(0.132989 -2.57278e-09 0)
(0.132989 -3.26046e-09 0)
(0.132989 -3.88028e-09 0)
(0.132989 -5.58796e-09 0)
(0.132989 -6.68707e-09 0)
(0.132989 -9.83314e-09 0)
(0.132989 -1.65156e-08 0)
(0.132808 -1.67152e-08 0)
(0.132808 -1.93933e-09 0)
(0.132808 5.60832e-09 0)
(0.132808 6.58044e-09 0)
(0.132808 5.63027e-09 0)
(0.132808 2.85692e-09 0)
(0.132808 -6.07198e-10 0)
(0.132808 -2.29831e-09 0)
(0.132808 -1.83278e-09 0)
(0.132808 -6.04186e-10 0)
(0.132808 1.4119e-10 0)
(0.132808 4.16208e-10 0)
(0.132808 9.97826e-10 0)
(0.132808 2.65274e-09 0)
(0.132808 5.47366e-09 0)
(0.132808 8.44753e-09 0)
(0.132808 1.02376e-08 0)
(0.132808 1.04454e-08 0)
(0.132808 9.36779e-09 0)
(0.132808 7.31083e-09 0)
(0.132808 4.99667e-09 0)
(0.132808 3.14601e-09 0)
(0.132808 1.92495e-09 0)
(0.132808 1.23322e-09 0)
(0.132808 8.71649e-10 0)
(0.132808 5.75217e-10 0)
(0.132808 2.24295e-10 0)
(0.132808 -1.84256e-10 0)
(0.132808 -6.23545e-10 0)
(0.132808 -9.7277e-10 0)
(0.132808 -1.2582e-09 0)
(0.132808 -1.66644e-09 0)
(0.132808 -2.29827e-09 0)
(0.132808 -2.75851e-09 0)
(0.132808 -3.65297e-09 0)
(0.132808 -4.40548e-09 0)
(0.132808 -6.57203e-09 0)
(0.132808 -7.83967e-09 0)
(0.132808 -1.20233e-08 0)
(0.132808 -2.10448e-08 0)
(0.132572 -2.04849e-08 0)
(0.132572 -3.32945e-09 0)
(0.132572 5.15957e-09 0)
(0.132572 6.42479e-09 0)
(0.132572 5.93773e-09 0)
(0.132572 3.00433e-09 0)
(0.132572 -8.428e-10 0)
(0.132572 -2.44303e-09 0)
(0.132572 -1.48643e-09 0)
(0.132572 1.60983e-10 0)
(0.132572 9.94569e-10 0)
(0.132572 1.15802e-09 0)
(0.132572 1.64463e-09 0)
(0.132572 3.41733e-09 0)
(0.132572 6.62886e-09 0)
(0.132572 1.00026e-08 0)
(0.132572 1.18452e-08 0)
(0.132572 1.17632e-08 0)
(0.132572 1.02186e-08 0)
(0.132572 7.66914e-09 0)
(0.132572 5.048e-09 0)
(0.132572 3.15706e-09 0)
(0.132572 1.99709e-09 0)
(0.132572 1.4098e-09 0)
(0.132572 1.21969e-09 0)
(0.132572 1.01584e-09 0)
(0.132572 6.84575e-10 0)
(0.132572 2.48767e-10 0)
(0.132572 -2.56891e-10 0)
(0.132572 -6.45806e-10 0)
(0.132572 -9.91021e-10 0)
(0.132572 -1.51735e-09 0)
(0.132572 -2.32539e-09 0)
(0.132572 -2.87457e-09 0)
(0.132572 -3.94515e-09 0)
(0.132572 -4.7415e-09 0)
(0.132572 -7.32347e-09 0)
(0.132572 -8.62781e-09 0)
(0.132572 -1.37439e-08 0)
(0.132572 -2.52576e-08 0)
(0.132274 -2.41716e-08 0)
(0.132274 -5.29136e-09 0)
(0.132274 3.90473e-09 0)
(0.132274 5.71998e-09 0)
(0.132274 5.9971e-09 0)
(0.132274 3.12644e-09 0)
(0.132274 -8.85841e-10 0)
(0.132274 -2.15841e-09 0)
(0.132274 -5.8962e-10 0)
(0.132274 1.43058e-09 0)
(0.132274 2.28159e-09 0)
(0.132274 2.23538e-09 0)
(0.132274 2.47658e-09 0)
(0.132274 4.21948e-09 0)
(0.132274 7.7101e-09 0)
(0.132274 1.13736e-08 0)
(0.132274 1.31477e-08 0)
(0.132274 1.2682e-08 0)
(0.132274 1.06296e-08 0)
(0.132274 7.6039e-09 0)
(0.132274 4.79701e-09 0)
(0.132274 2.93468e-09 0)
(0.132274 1.90514e-09 0)
(0.132274 1.52836e-09 0)
(0.132274 1.49988e-09 0)
(0.132274 1.39761e-09 0)
(0.132274 1.07434e-09 0)
(0.132274 6.31156e-10 0)
(0.132274 9.50934e-11 0)
(0.132274 -3.43923e-10 0)
(0.132274 -6.83772e-10 0)
(0.132274 -1.31023e-09 0)
(0.132274 -2.33414e-09 0)
(0.132274 -2.96268e-09 0)
(0.132274 -4.16706e-09 0)
(0.132274 -4.93572e-09 0)
(0.132274 -7.78407e-09 0)
(0.132274 -9.00074e-09 0)
(0.132274 -1.48462e-08 0)
(0.132274 -2.88358e-08 0)
(0.131909 -2.76617e-08 0)
(0.131909 -7.91175e-09 0)
(0.131909 1.58359e-09 0)
(0.131909 4.50292e-09 0)
(0.131909 5.87813e-09 0)
(0.131909 3.33165e-09 0)
(0.131909 -5.47575e-10 0)
(0.131909 -1.2957e-09 0)
(0.131909 8.82138e-10 0)
(0.131909 3.18616e-09 0)
(0.131909 3.94436e-09 0)
(0.131909 3.57141e-09 0)
(0.131909 3.42361e-09 0)
(0.131909 4.97983e-09 0)
(0.131909 8.62021e-09 0)
(0.131909 1.24272e-08 0)
(0.131909 1.40077e-08 0)
(0.131909 1.30948e-08 0)
(0.131909 1.05098e-08 0)
(0.131909 7.08115e-09 0)
(0.131909 4.22879e-09 0)
(0.131909 2.51168e-09 0)
(0.131909 1.69103e-09 0)
(0.131909 1.58896e-09 0)
(0.131909 1.75597e-09 0)
(0.131909 1.69854e-09 0)
(0.131909 1.44407e-09 0)
(0.131909 9.72391e-10 0)
(0.131909 3.65129e-10 0)
(0.131909 -1.71664e-11 0)
(0.131909 -3.68306e-10 0)
(0.131909 -1.16103e-09 0)
(0.131909 -2.34731e-09 0)
(0.131909 -3.01975e-09 0)
(0.131909 -4.31347e-09 0)
(0.131909 -4.98469e-09 0)
(0.131909 -7.96366e-09 0)
(0.131909 -8.99242e-09 0)
(0.131909 -1.51444e-08 0)
(0.131909 -3.13825e-08 0)
(0.131469 -3.09158e-08 0)
(0.131469 -1.16403e-08 0)
(0.131469 -1.477e-09 0)
(0.131469 2.93643e-09 0)
(0.131469 5.71359e-09 0)
(0.131469 3.76652e-09 0)
(0.131469 2.81232e-10 0)
(0.131469 1.41297e-10 0)
(0.131469 2.84954e-09 0)
(0.131469 5.29789e-09 0)
(0.131469 5.86053e-09 0)
(0.131469 5.06762e-09 0)
(0.131469 4.39926e-09 0)
(0.131469 5.62879e-09 0)
(0.131469 9.24032e-09 0)
(0.131469 1.30485e-08 0)
(0.131469 1.43131e-08 0)
(0.131469 1.28827e-08 0)
(0.131469 9.78829e-09 0)
(0.131469 6.11429e-09 0)
(0.131469 3.3306e-09 0)
(0.131469 1.86076e-09 0)
(0.131469 1.40416e-09 0)
(0.131469 1.58685e-09 0)
(0.131469 1.95428e-09 0)
(0.131469 2.0643e-09 0)
(0.131469 1.81095e-09 0)
(0.131469 1.24225e-09 0)
(0.131469 6.10657e-10 0)
(0.131469 2.19319e-10 0)
(0.131469 -9.88196e-11 0)
(0.131469 -1.02191e-09 0)
(0.131469 -2.37549e-09 0)
(0.131469 -3.08579e-09 0)
(0.131469 -4.4353e-09 0)
(0.131469 -4.93029e-09 0)
(0.131469 -7.78348e-09 0)
(0.131469 -8.69278e-09 0)
(0.131469 -1.45071e-08 0)
(0.131469 -3.24323e-08 0)
(0.130945 -3.3591e-08 0)
(0.130945 -1.60027e-08 0)
(0.130945 -5.10967e-09 0)
(0.130945 1.21402e-09 0)
(0.130945 5.62162e-09 0)
(0.130945 4.4811e-09 0)
(0.130945 1.5346e-09 0)
(0.130945 2.00002e-09 0)
(0.130945 5.10012e-09 0)
(0.130945 7.59596e-09 0)
(0.130945 7.90428e-09 0)
(0.130945 6.60654e-09 0)
(0.130945 5.32523e-09 0)
(0.130945 6.07745e-09 0)
(0.130945 9.51507e-09 0)
(0.130945 1.3122e-08 0)
(0.130945 1.39032e-08 0)
(0.130945 1.19381e-08 0)
(0.130945 8.44372e-09 0)
(0.130945 4.67541e-09 0)
(0.130945 2.12259e-09 0)
(0.130945 1.04614e-09 0)
(0.130945 1.04586e-09 0)
(0.130945 1.61136e-09 0)
(0.130945 2.20703e-09 0)
(0.130945 2.39998e-09 0)
(0.130945 2.11506e-09 0)
(0.130945 1.46954e-09 0)
(0.130945 8.00831e-10 0)
(0.130945 4.04341e-10 0)
(0.130945 1.1181e-10 0)
(0.130945 -9.58625e-10 0)
(0.130945 -2.41508e-09 0)
(0.130945 -3.19733e-09 0)
(0.130945 -4.48977e-09 0)
(0.130945 -4.7849e-09 0)
(0.130945 -7.32095e-09 0)
(0.130945 -8.25281e-09 0)
(0.130945 -1.28524e-08 0)
(0.130945 -3.14022e-08 0)
(0.130327 -3.51616e-08 0)
(0.130327 -2.07955e-08 0)
(0.130327 -9.06607e-09 0)
(0.130327 -4.94677e-10 0)
(0.130327 5.61235e-09 0)
(0.130327 5.32699e-09 0)
(0.130327 2.99774e-09 0)
(0.130327 3.97313e-09 0)
(0.130327 7.33828e-09 0)
(0.130327 9.82236e-09 0)
(0.130327 9.91714e-09 0)
(0.130327 8.17416e-09 0)
(0.130327 6.19255e-09 0)
(0.130327 6.32274e-09 0)
(0.130327 9.36645e-09 0)
(0.130327 1.24872e-08 0)
(0.130327 1.26437e-08 0)
(0.130327 1.01851e-08 0)
(0.130327 6.46092e-09 0)
(0.130327 2.8312e-09 0)
(0.130327 6.53007e-10 0)
(0.130327 1.3844e-10 0)
(0.130327 6.99543e-10 0)
(0.130327 1.60903e-09 0)
(0.130327 2.48612e-09 0)
(0.130327 2.6979e-09 0)
(0.130327 2.35251e-09 0)
(0.130327 1.6597e-09 0)
(0.130327 9.02652e-10 0)
(0.130327 5.63725e-10 0)
(0.130327 2.70663e-10 0)
(0.130327 -9.58509e-10 0)
(0.130327 -2.4417e-09 0)
(0.130327 -3.28417e-09 0)
(0.130327 -4.43084e-09 0)
(0.130327 -4.73119e-09 0)
(0.130327 -6.5993e-09 0)
(0.130327 -7.80736e-09 0)
(0.130327 -1.02197e-08 0)
(0.130327 -2.76899e-08 0)
(0.129603 -3.48292e-08 0)
(0.129603 -2.55185e-08 0)
(0.129603 -1.31251e-08 0)
(0.129603 -2.14378e-09 0)
(0.129603 5.56216e-09 0)
(0.129603 6.08682e-09 0)
(0.129603 4.3251e-09 0)
(0.129603 5.67986e-09 0)
(0.129603 9.28202e-09 0)
(0.129603 1.19046e-08 0)
(0.129603 1.19328e-08 0)
(0.129603 9.7324e-09 0)
(0.129603 7.00333e-09 0)
(0.129603 6.32183e-09 0)
(0.129603 8.59112e-09 0)
(0.129603 1.09509e-08 0)
(0.129603 1.04215e-08 0)
(0.129603 7.58911e-09 0)
(0.129603 3.9062e-09 0)
(0.129603 6.33516e-10 0)
(0.129603 -9.3129e-10 0)
(0.129603 -7.45778e-10 0)
(0.129603 3.35854e-10 0)
(0.129603 1.6572e-09 0)
(0.129603 2.67506e-09 0)
(0.129603 2.92105e-09 0)
(0.129603 2.60959e-09 0)
(0.129603 1.74718e-09 0)
(0.129603 1.00501e-09 0)
(0.129603 6.61927e-10 0)
(0.129603 3.76835e-10 0)
(0.129603 -1.01206e-09 0)
(0.129603 -2.41906e-09 0)
(0.129603 -3.33654e-09 0)
(0.129603 -4.32637e-09 0)
(0.129603 -4.67601e-09 0)
(0.129603 -5.65377e-09 0)
(0.129603 -7.59334e-09 0)
(0.129603 -6.76129e-09 0)
(0.129603 -2.08364e-08 0)
(0.128757 -3.1579e-08 0)
(0.128757 -2.96383e-08 0)
(0.128757 -1.71423e-08 0)
(0.128757 -3.76427e-09 0)
(0.128757 5.35411e-09 0)
(0.128757 6.501e-09 0)
(0.128757 5.18167e-09 0)
(0.128757 6.91003e-09 0)
(0.128757 1.08634e-08 0)
(0.128757 1.38022e-08 0)
(0.128757 1.38771e-08 0)
(0.128757 1.12697e-08 0)
(0.128757 7.67434e-09 0)
(0.128757 5.85207e-09 0)
(0.128757 7.04686e-09 0)
(0.128757 8.40811e-09 0)
(0.128757 7.19032e-09 0)
(0.128757 4.24287e-09 0)
(0.128757 8.91591e-10 0)
(0.128757 -1.70345e-09 0)
(0.128757 -2.48589e-09 0)
(0.128757 -1.5924e-09 0)
(0.128757 8.26997e-11 0)
(0.128757 1.68578e-09 0)
(0.128757 2.79173e-09 0)
(0.128757 3.09241e-09 0)
(0.128757 2.70428e-09 0)
(0.128757 1.78762e-09 0)
(0.128757 1.04715e-09 0)
(0.128757 6.53512e-10 0)
(0.128757 3.88875e-10 0)
(0.128757 -1.133e-09 0)
(0.128757 -2.2873e-09 0)
(0.128757 -3.37048e-09 0)
(0.128757 -3.96039e-09 0)
(0.128757 -4.70043e-09 0)
(0.128757 -4.4233e-09 0)
(0.128757 -7.59922e-09 0)
(0.128757 -3.21022e-09 0)
(0.128757 -1.06758e-08 0)
(0.127762 -2.46181e-08 0)
(0.127762 -3.23816e-08 0)
(0.127762 -2.08267e-08 0)
(0.127762 -5.23805e-09 0)
(0.127762 4.96737e-09 0)
(0.127762 6.44051e-09 0)
(0.127762 5.49515e-09 0)
(0.127762 7.65687e-09 0)
(0.127762 1.21104e-08 0)
(0.127762 1.54852e-08 0)
(0.127762 1.56283e-08 0)
(0.127762 1.2554e-08 0)
(0.127762 7.94872e-09 0)
(0.127762 4.7807e-09 0)
(0.127762 4.65872e-09 0)
(0.127762 4.93e-09 0)
(0.127763 3.13839e-09 0)
(0.127763 3.04265e-10 0)
(0.127763 -2.38926e-09 0)
(0.127763 -4.08046e-09 0)
(0.127763 -3.91459e-09 0)
(0.127763 -2.20442e-09 0)
(0.127763 -1.21131e-10 0)
(0.127763 1.63127e-09 0)
(0.127763 2.87613e-09 0)
(0.127763 3.16165e-09 0)
(0.127763 2.75248e-09 0)
(0.127763 1.75117e-09 0)
(0.127763 9.7697e-10 0)
(0.127763 5.11266e-10 0)
(0.127763 3.0003e-10 0)
(0.127763 -1.2943e-09 0)
(0.127763 -2.13061e-09 0)
(0.127763 -3.31458e-09 0)
(0.127763 -3.33911e-09 0)
(0.127763 -4.64097e-09 0)
(0.127763 -2.99219e-09 0)
(0.127763 -7.94715e-09 0)
(0.127763 -4.27712e-10 0)
(0.127763 1.94436e-09 0)
(0.12658 -1.35706e-08 0)
(0.12658 -3.24846e-08 0)
(0.12658 -2.35143e-08 0)
(0.12658 -6.31395e-09 0)
(0.12658 4.5365e-09 0)
(0.12658 6.05039e-09 0)
(0.12658 5.3971e-09 0)
(0.12658 8.05996e-09 0)
(0.12658 1.30622e-08 0)
(0.12658 1.6751e-08 0)
(0.12658 1.68487e-08 0)
(0.12658 1.33036e-08 0)
(0.12658 7.63917e-09 0)
(0.12658 3.07921e-09 0)
(0.12658 1.59615e-09 0)
(0.12658 8.00374e-10 0)
(0.12658 -1.42845e-09 0)
(0.12658 -3.94435e-09 0)
(0.12658 -5.76695e-09 0)
(0.12658 -6.32115e-09 0)
(0.12658 -5.06634e-09 0)
(0.12658 -2.63106e-09 0)
(0.12658 -2.4584e-10 0)
(0.12658 1.67024e-09 0)
(0.12658 2.86957e-09 0)
(0.12658 3.10255e-09 0)
(0.12658 2.75061e-09 0)
(0.12658 1.61985e-09 0)
(0.12658 8.16411e-10 0)
(0.12658 2.02635e-10 0)
(0.12658 1.00868e-10 0)
(0.12658 -1.57966e-09 0)
(0.12658 -1.81102e-09 0)
(0.12658 -3.09004e-09 0)
(0.12658 -2.50211e-09 0)
(0.12658 -4.46906e-09 0)
(0.12658 -1.34743e-09 0)
(0.12658 -8.33755e-09 0)
(0.12658 -2.47703e-10 0)
(0.12658 1.45814e-08 0)
(0.125139 9.66385e-10 0)
(0.125139 -2.9253e-08 0)
(0.125139 -2.45965e-08 0)
(0.125139 -6.56495e-09 0)
(0.125139 4.25889e-09 0)
(0.125139 5.52315e-09 0)
(0.125139 5.1231e-09 0)
(0.125139 8.24421e-09 0)
(0.125139 1.35432e-08 0)
(0.125139 1.72818e-08 0)
(0.125139 1.72537e-08 0)
(0.125139 1.32235e-08 0)
(0.125139 6.68083e-09 0)
(0.125139 9.27982e-10 0)
(0.125139 -1.7333e-09 0)
(0.125139 -3.48539e-09 0)
(0.125139 -6.04096e-09 0)
(0.125139 -8.08533e-09 0)
(0.125139 -8.93797e-09 0)
(0.125139 -8.25615e-09 0)
(0.125139 -5.86458e-09 0)
(0.125139 -2.79088e-09 0)
(0.125139 -2.44682e-10 0)
(0.125139 1.63384e-09 0)
(0.125139 2.82031e-09 0)
(0.125139 3.05856e-09 0)
(0.125139 2.6193e-09 0)
(0.125139 1.3611e-09 0)
(0.125139 5.49524e-10 0)
(0.125139 -2.50743e-10 0)
(0.125139 -1.27054e-10 0)
(0.125139 -1.73525e-09 0)
(0.125139 -1.32274e-09 0)
(0.125139 -2.85151e-09 0)
(0.125139 -1.46865e-09 0)
(0.125139 -3.99921e-09 0)
(0.125139 4.34828e-11 0)
(0.125139 -8.29344e-09 0)
(0.125139 -3.48635e-09 0)
(0.125139 2.43138e-08 0)
(0.123299 1.73925e-08 0)
(0.123299 -2.17141e-08 0)
(0.123299 -2.35205e-08 0)
(0.123299 -5.83033e-09 0)
(0.123299 4.39832e-09 0)
(0.123299 5.07966e-09 0)
(0.123299 4.80333e-09 0)
(0.123299 8.22742e-09 0)
(0.123299 1.34508e-08 0)
(0.123299 1.68399e-08 0)
(0.123299 1.65079e-08 0)
(0.123299 1.22406e-08 0)
(0.123299 5.23429e-09 0)
(0.123299 -1.21903e-09 0)
(0.123299 -4.77129e-09 0)
(0.123299 -7.37705e-09 0)
(0.123299 -1.0174e-08 0)
(0.123299 -1.16642e-08 0)
(0.123299 -1.15191e-08 0)
(0.123299 -9.61313e-09 0)
(0.123299 -6.24968e-09 0)
(0.123299 -2.74735e-09 0)
(0.123299 -1.45398e-10 0)
(0.123299 1.66498e-09 0)
(0.123299 2.73233e-09 0)
(0.123299 2.82681e-09 0)
(0.123299 2.3633e-09 0)
(0.123299 1.01785e-09 0)
(0.123299 2.18638e-10 0)
(0.123299 -6.84412e-10 0)
(0.123299 -1.97058e-10 0)
(0.123299 -1.79913e-09 0)
(0.123299 -7.70142e-10 0)
(0.123299 -2.5129e-09 0)
(0.123299 -4.76418e-10 0)
(0.123299 -3.3158e-09 0)
(0.123299 8.30748e-10 0)
(0.123299 -6.82528e-09 0)
(0.123299 -1.01682e-08 0)
(0.123299 2.73645e-08 0)
(0.120725 3.11069e-08 0)
(0.120725 -9.22813e-09 0)
(0.120725 -1.96155e-08 0)
(0.120725 -3.83232e-09 0)
(0.120725 4.82559e-09 0)
(0.120725 4.69998e-09 0)
(0.120725 4.58955e-09 0)
(0.120725 8.0576e-09 0)
(0.120725 1.27143e-08 0)
(0.120725 1.5396e-08 0)
(0.120725 1.47916e-08 0)
(0.120725 1.06352e-08 0)
(0.120725 3.68927e-09 0)
(0.120725 -2.72799e-09 0)
(0.120725 -6.8892e-09 0)
(0.120725 -1.0422e-08 0)
(0.120725 -1.34185e-08 0)
(0.120725 -1.42549e-08 0)
(0.120725 -1.31633e-08 0)
(0.120725 -1.02762e-08 0)
(0.120725 -6.22704e-09 0)
(0.120725 -2.40258e-09 0)
(0.120725 6.51334e-11 0)
(0.120725 1.59532e-09 0)
(0.120725 2.44551e-09 0)
(0.120725 2.40712e-09 0)
(0.120725 1.96107e-09 0)
(0.120725 6.10068e-10 0)
(0.120725 -1.13076e-12 0)
(0.120725 -9.51516e-10 0)
(0.120725 -1.04072e-10 0)
(0.120725 -1.76035e-09 0)
(0.120725 -2.14029e-10 0)
(0.120725 -2.10529e-09 0)
(0.120725 2.35407e-10 0)
(0.120725 -2.30154e-09 0)
(0.120725 5.67655e-10 0)
(0.120725 -3.02201e-09 0)
(0.120725 -1.75953e-08 0)
(0.120725 1.99931e-08 0)
(0.116335 3.49446e-08 0)
(0.116335 6.52902e-09 0)
(0.116335 -1.24878e-08 0)
(0.116335 -5.1053e-10 0)
(0.116335 5.27817e-09 0)
(0.116335 4.12095e-09 0)
(0.116335 4.29475e-09 0)
(0.116335 7.68087e-09 0)
(0.116335 1.15724e-08 0)
(0.116335 1.34655e-08 0)
(0.116335 1.26756e-08 0)
(0.116335 9.01922e-09 0)
(0.116335 3.29662e-09 0)
(0.116335 -2.46757e-09 0)
(0.116335 -7.13759e-09 0)
(0.116335 -1.21089e-08 0)
(0.116335 -1.55461e-08 0)
(0.116335 -1.57839e-08 0)
(0.116335 -1.38566e-08 0)
(0.116335 -1.03117e-08 0)
(0.116335 -5.96316e-09 0)
(0.116335 -2.16464e-09 0)
(0.116335 9.83008e-11 0)
(0.116335 1.27698e-09 0)
(0.116335 1.84622e-09 0)
(0.116335 1.76269e-09 0)
(0.116335 1.41717e-09 0)
(0.116335 2.83637e-10 0)
(0.116335 -3.226e-12 0)
(0.116335 -9.7402e-10 0)
(0.116335 5.29506e-11 0)
(0.116335 -1.66461e-09 0)
(0.116335 3.42566e-10 0)
(0.116335 -1.6832e-09 0)
(0.116335 4.72965e-10 0)
(0.116335 -5.11315e-10 0)
(0.116335 -1.46984e-09 0)
(0.116335 3.45714e-09 0)
(0.116335 -1.96035e-08 0)
(0.116335 1.33482e-09 0)
(0.104764 1.80517e-08 0)
(0.104764 1.3499e-08 0)
(0.104764 -2.99994e-09 0)
(0.104764 1.65902e-09 0)
(0.104764 5.36234e-09 0)
(0.104764 2.67711e-09 0)
(0.104764 -2.47286e-10 0)
(0.104764 -7.95208e-10 0)
(0.104764 -5.65354e-11 0)
(0.104764 7.15804e-10 0)
(0.104765 1.06325e-09 0)
(0.104765 6.93719e-10 0)
(0.104765 -1.39263e-09 0)
(0.104765 -4.12252e-09 0)
(0.104765 -3.04074e-09 0)
(0.104765 -1.54112e-09 0)
(0.104764 -1.93776e-09 0)
(0.104764 -2.29304e-09 0)
(0.104764 -2.29239e-09 0)
(0.104764 -1.78269e-09 0)
(0.104764 -8.04884e-10 0)
(0.104764 2.42724e-10 0)
(0.104764 8.51942e-10 0)
(0.104764 1.08774e-09 0)
(0.104764 1.16426e-09 0)
(0.104764 8.18671e-10 0)
(0.104764 5.9331e-10 0)
(0.104764 -2.004e-10 0)
(0.104764 7.6225e-11 0)
(0.104764 -6.89853e-10 0)
(0.104764 6.52338e-10 0)
(0.104764 -1.16332e-09 0)
(0.104764 4.92296e-10 0)
(0.104764 -4.43828e-10 0)
(0.104764 -8.63724e-10 0)
(0.104764 2.02628e-09 0)
(0.104764 -3.67625e-09 0)
(0.104764 4.81232e-09 0)
(0.104764 -9.23948e-09 0)
(0.104764 -1.29666e-08 0)
)
;

boundaryField
{
    bottomWall
    {
        type            noSlip;
    }
    topWall
    {
        type            noSlip;
    }
    sides1_half0
    {
        type            empty;
    }
    sides1_half1
    {
        type            empty;
    }
    sides2_half0
    {
        type            empty;
    }
    sides2_half1
    {
        type            empty;
    }
    inout1_half0
    {
        type            cyclic;
    }
    inout1_half1
    {
        type            cyclic;
    }
    inout2_half0
    {
        type            cyclic;
    }
    inout2_half1
    {
        type            cyclic;
    }
}


// ************************************************************************* //
