/*--------------------------------*- C++ -*----------------------------------*\
  =========                 |
  \\      /  F ield         | OpenFOAM: The Open Source CFD Toolbox
   \\    /   O peration     | Website:  https://openfoam.org
    \\  /    A nd           | Version:  dev
     \\/     M anipulation  |

   OpenFOAM for Windows 20.09 (v1)
   Built by CFD Support, www.cfdsupport.com (based on Symscape).
\*---------------------------------------------------------------------------*/
FoamFile
{
    version     2.0;
    format      ascii;
    class       volSymmTensorField;
    location    "10";
    object      devReff;
}
// * * * * * * * * * * * * * * * * * * * * * * * * * * * * * * * * * * * * * //

dimensions      [0 2 -2 0 0 0 0];

internalField   nonuniform List<symmTensor> 
960
(
(1.92175e-07 -0.00123803 0 -3.00294e-07 0 1.08119e-07)
(-7.15363e-08 -0.00123737 0 1.06919e-07 0 -3.53825e-08)
(-7.34858e-08 -0.0012399 0 5.89582e-08 0 1.45276e-08)
(1.01416e-08 -0.00124111 0 8.55556e-10 0 -1.09972e-08)
(-1.77059e-08 -0.00114453 0 2.63124e-08 0 -8.60648e-09)
(-4.07519e-08 -0.00114587 0 5.51792e-08 0 -1.44273e-08)
(-3.22179e-08 -0.00114396 0 2.78177e-08 0 4.40022e-09)
(1.15625e-07 -0.00114273 0 -9.5662e-08 0 -1.99629e-08)
(-9.87694e-08 -0.00105112 0 1.08765e-07 0 -9.99599e-09)
(-1.42793e-08 -0.00105185 0 1.13e-08 0 2.97931e-09)
(2.50347e-08 -0.00105045 0 -3.33672e-08 0 8.33252e-09)
(2.33156e-07 -0.0010487 0 -2.10673e-07 0 -2.24824e-08)
(-1.66852e-07 -0.000962791 0 1.85706e-07 0 -1.88543e-08)
(-5.7504e-10 -0.000963026 0 -2.7191e-09 0 3.29414e-09)
(7.73396e-08 -0.00096189 0 -8.61824e-08 0 8.84282e-09)
(3.47847e-07 -0.000960041 0 -3.2565e-07 0 -2.21962e-08)
(-1.99035e-07 -0.000879552 0 2.05896e-07 0 -6.8604e-09)
(1.44231e-08 -0.000879469 0 -1.59771e-08 0 1.55399e-09)
(1.24608e-07 -0.000878461 0 -1.3289e-07 0 8.28176e-09)
(4.48612e-07 -0.000876754 0 -4.26944e-07 0 -2.1668e-08)
(-2.24545e-07 -0.000801406 0 2.25635e-07 0 -1.08961e-09)
(3.40107e-08 -0.000801124 0 -3.54294e-08 0 1.4187e-09)
(1.67577e-07 -0.000800172 0 -1.76044e-07 0 8.46731e-09)
(5.32603e-07 -0.000798696 0 -5.11015e-07 0 -2.15884e-08)
(-2.38446e-07 -0.000728216 0 2.3223e-07 0 6.21597e-09)
(5.55857e-08 -0.000727871 0 -5.70271e-08 0 1.44144e-09)
(2.05095e-07 -0.000726983 0 -2.12868e-07 0 7.77297e-09)
(5.99617e-07 -0.000725741 0 -5.7811e-07 0 -2.15068e-08)
(-2.6809e-07 -0.000659888 0 2.7844e-07 0 -1.03497e-08)
(7.61745e-08 -0.000659594 0 -7.84747e-08 0 2.3002e-09)
(2.38491e-07 -0.000658753 0 -2.46788e-07 0 8.29682e-09)
(6.51934e-07 -0.000657727 0 -6.30378e-07 0 -2.15567e-08)
(-2.59808e-07 -0.000596344 0 2.53997e-07 0 5.81067e-09)
(9.44507e-08 -0.000596151 0 -9.66985e-08 0 2.24777e-09)
(2.66962e-07 -0.00059535 0 -2.74342e-07 0 7.3802e-09)
(6.89253e-07 -0.000594505 0 -6.67433e-07 0 -2.18199e-08)
(-2.79674e-07 -0.000537421 0 2.90938e-07 0 -1.12638e-08)
(1.09549e-07 -0.000537378 0 -1.11891e-07 0 2.34191e-09)
(2.92972e-07 -0.00053664 0 -3.00878e-07 0 7.90543e-09)
(7.16566e-07 -0.00053591 0 -6.95811e-07 0 -2.07548e-08)
(-2.63016e-07 -0.000483006 0 2.5822e-07 0 4.79652e-09)
(1.22287e-07 -0.000483105 0 -1.26104e-07 0 3.81672e-09)
(3.15704e-07 -0.000482407 0 -3.22931e-07 0 7.2268e-09)
(7.30152e-07 -0.000481765 0 -7.08353e-07 0 -2.17995e-08)
(-2.80489e-07 -0.000432947 0 2.97068e-07 0 -1.65788e-08)
(1.22163e-07 -0.000433156 0 -1.16876e-07 0 -5.28723e-09)
(3.37427e-07 -0.000432423 0 -3.45211e-07 0 7.7841e-09)
(7.35401e-07 -0.000431849 0 -7.13529e-07 0 -2.18713e-08)
(-2.62894e-07 -0.000387032 0 2.66677e-07 0 -3.78332e-09)
(1.35251e-07 -0.000387347 0 -1.34277e-07 0 -9.74098e-10)
(3.58712e-07 -0.000386607 0 -3.65536e-07 0 6.82392e-09)
(7.30965e-07 -0.000386084 0 -7.11302e-07 0 -1.96638e-08)
(-2.47936e-07 -0.000345059 0 2.41658e-07 0 6.27824e-09)
(1.48979e-07 -0.0003455 0 -1.56013e-07 0 7.03437e-09)
(3.80763e-07 -0.000344858 0 -3.90017e-07 0 9.25421e-09)
(7.16348e-07 -0.000344281 0 -6.93213e-07 0 -2.31352e-08)
(-2.55494e-07 -0.000306829 0 2.58743e-07 0 -3.24972e-09)
(1.51986e-07 -0.000307375 0 -1.60723e-07 0 8.73729e-09)
(4.01114e-07 -0.000306919 0 -4.09992e-07 0 8.87793e-09)
(7.05239e-07 -0.000306223 0 -6.86354e-07 0 -1.88846e-08)
(-2.37714e-07 -0.000272122 0 2.30214e-07 0 7.50038e-09)
(1.50546e-07 -0.000272859 0 -1.61836e-07 0 1.12897e-08)
(4.14053e-07 -0.000272296 0 -4.18598e-07 0 4.54509e-09)
(6.95947e-07 -0.000271669 0 -6.80324e-07 0 -1.56228e-08)
(-2.45188e-07 -0.000240746 0 2.44317e-07 0 8.70852e-10)
(1.44699e-07 -0.00024166 0 -1.51594e-07 0 6.89532e-09)
(4.37865e-07 -0.000240924 0 -4.4428e-07 0 6.41552e-09)
(6.6851e-07 -0.000240532 0 -6.50028e-07 0 -1.84813e-08)
(-2.58267e-07 -0.000212548 0 2.69961e-07 0 -1.1694e-08)
(1.32753e-07 -0.000213447 0 -1.3186e-07 0 -8.92236e-10)
(4.51414e-07 -0.000212826 0 -4.563e-07 0 4.88637e-09)
(6.43825e-07 -0.00021264 0 -6.2588e-07 0 -1.7945e-08)
(-2.49131e-07 -0.000187348 0 2.5473e-07 0 -5.59874e-09)
(1.24903e-07 -0.000188206 0 -1.20916e-07 0 -3.98705e-09)
(4.64091e-07 -0.000187671 0 -4.70551e-07 0 6.4602e-09)
(6.15021e-07 -0.00018766 0 -5.98288e-07 0 -1.67332e-08)
(-2.43526e-07 -0.000164932 0 2.45709e-07 0 -2.18274e-09)
(1.26186e-07 -0.00016575 0 -1.29131e-07 0 2.94493e-09)
(4.70847e-07 -0.00016529 0 -4.77774e-07 0 6.92671e-09)
(5.81853e-07 -0.00016545 0 -5.62526e-07 0 -1.93266e-08)
(-2.4382e-07 -0.000145118 0 2.49448e-07 0 -5.62817e-09)
(1.20806e-07 -0.000145885 0 -1.24262e-07 0 3.45627e-09)
(4.72734e-07 -0.000145482 0 -4.78757e-07 0 6.02358e-09)
(5.48814e-07 -0.000145801 0 -5.31225e-07 0 -1.7589e-08)
(-2.38102e-07 -0.000127725 0 2.40298e-07 0 -2.19533e-09)
(1.15176e-07 -0.000128454 0 -1.18814e-07 0 3.63884e-09)
(4.7225e-07 -0.000128111 0 -4.78829e-07 0 6.57907e-09)
(5.10957e-07 -0.000128591 0 -4.92362e-07 0 -1.85944e-08)
(-2.38881e-07 -0.000112603 0 2.43788e-07 0 -4.9066e-09)
(1.08541e-07 -0.000113279 0 -1.12158e-07 0 3.61664e-09)
(4.67915e-07 -0.000112989 0 -4.74875e-07 0 6.96053e-09)
(4.69432e-07 -0.000113641 0 -4.50528e-07 0 -1.8904e-08)
(-2.35263e-07 -9.95939e-05 0 2.38285e-07 0 -3.02197e-09)
(1.02989e-07 -0.000100202 0 -1.06877e-07 0 3.88822e-09)
(4.582e-07 -9.99911e-05 0 -4.64114e-07 0 5.91423e-09)
(4.25463e-07 -0.000100828 0 -4.07436e-07 0 -1.8027e-08)
(-2.35241e-07 -8.8598e-05 0 2.4158e-07 0 -6.33852e-09)
(9.38422e-08 -8.9112e-05 0 -9.55578e-08 0 1.71561e-09)
(4.42149e-07 -8.8969e-05 0 -4.45651e-07 0 3.50186e-09)
(3.74314e-07 -9.00078e-05 0 -3.55195e-07 0 -1.91191e-08)
(-2.3028e-07 -7.94862e-05 0 2.3589e-07 0 -5.61067e-09)
(9.152e-08 -7.98832e-05 0 -9.58571e-08 0 4.33709e-09)
(4.34098e-07 -7.98288e-05 0 -4.47339e-07 0 1.32412e-08)
(3.1886e-07 -8.10717e-05 0 -2.99417e-07 0 -1.94435e-08)
(-2.14972e-07 -7.22468e-05 0 2.1447e-07 0 5.01245e-10)
(8.86968e-08 -7.24315e-05 0 -9.62264e-08 0 7.52956e-09)
(4.01173e-07 -7.24359e-05 0 -4.05006e-07 0 3.83385e-09)
(2.57939e-07 -7.38746e-05 0 -2.38549e-07 0 -1.93895e-08)
(-2.1243e-07 -6.67302e-05 0 2.22772e-07 0 -1.03423e-08)
(7.94392e-08 -6.66117e-05 0 -7.75439e-08 0 -1.89526e-09)
(3.79511e-07 -6.67017e-05 0 -3.88111e-07 0 8.59935e-09)
(1.88668e-07 -6.83696e-05 0 -1.67727e-07 0 -2.09405e-08)
(-1.79015e-07 -6.29727e-05 0 1.83257e-07 0 -4.24202e-09)
(8.88321e-08 -6.2389e-05 0 -9.50905e-08 0 6.25846e-09)
(3.56169e-07 -6.25673e-05 0 -3.75519e-07 0 1.93497e-08)
(1.0917e-07 -6.43988e-05 0 -8.29201e-08 0 -2.62504e-08)
(-1.31055e-07 -6.05114e-05 0 1.28696e-07 0 2.35833e-09)
(1.00003e-07 -5.84834e-05 0 -1.04709e-07 0 4.70569e-09)
(3.01159e-07 -5.95971e-05 0 -3.00473e-07 0 -6.85808e-10)
(2.75761e-08 -6.1905e-05 0 3.55741e-10 0 -2.79319e-08)
(-5.49707e-08 -5.95528e-05 0 7.97757e-08 0 -2.4805e-08)
(1.15945e-07 -5.67843e-05 0 -1.18424e-07 0 2.47917e-09)
(2.26877e-07 -5.86187e-05 0 -2.33141e-07 0 6.26372e-09)
(-6.10246e-08 -6.1234e-05 0 7.08057e-08 0 -9.78103e-09)
(3.13062e-08 -6.04259e-05 0 -2.9201e-08 0 -2.10512e-09)
(1.51348e-07 -5.84875e-05 0 -1.75869e-07 0 2.45209e-08)
(1.3908e-07 -5.99943e-05 0 -1.26856e-07 0 -1.2224e-08)
(-1.40464e-07 -6.23874e-05 0 1.36793e-07 0 3.67141e-09)
(7.19035e-08 -6.28455e-05 0 -6.31223e-08 0 -8.78121e-09)
(1.44572e-07 -6.15909e-05 0 -1.60945e-07 0 1.63737e-08)
(7.26727e-08 -6.28788e-05 0 -5.70302e-08 0 -1.56425e-08)
(-2.21569e-07 -6.50474e-05 0 2.19085e-07 0 2.48372e-09)
(9.80169e-08 -6.68723e-05 0 -8.48026e-08 0 -1.32143e-08)
(1.38922e-07 -6.61066e-05 0 -1.51852e-07 0 1.29291e-08)
(2.68028e-08 -6.7275e-05 0 -1.98029e-08 0 -6.99991e-09)
(-2.87096e-07 -6.91408e-05 0 2.84637e-07 0 2.4586e-09)
(1.26316e-07 -7.24586e-05 0 -1.21856e-07 0 -4.46051e-09)
(1.37529e-07 -7.20509e-05 0 -1.6006e-07 0 2.25304e-08)
(-3.07844e-08 -7.31826e-05 0 4.64209e-08 0 -1.56365e-08)
(-3.39405e-07 -7.47518e-05 0 3.37403e-07 0 2.00249e-09)
(1.27239e-07 -7.97139e-05 0 -1.15082e-07 0 -1.21571e-08)
(1.16058e-07 -7.95602e-05 0 -1.30111e-07 0 1.40536e-08)
(-7.18818e-08 -8.06875e-05 0 8.52374e-08 0 -1.33556e-08)
(-3.77828e-07 -8.19275e-05 0 3.75004e-07 0 2.82379e-09)
(1.29966e-07 -8.8656e-05 0 -1.19605e-07 0 -1.03607e-08)
(9.88346e-08 -8.86702e-05 0 -1.15055e-07 0 1.62201e-08)
(-1.08539e-07 -8.98534e-05 0 1.20747e-07 0 -1.22083e-08)
(-4.04808e-07 -9.07941e-05 0 4.02489e-07 0 2.31867e-09)
(1.26474e-07 -9.93808e-05 0 -1.16399e-07 0 -1.00752e-08)
(8.00994e-08 -9.95201e-05 0 -9.81106e-08 0 1.80112e-08)
(-1.4443e-07 -0.000100769 0 1.57301e-07 0 -1.28706e-08)
(-4.21888e-07 -0.000101433 0 4.19979e-07 0 1.90899e-09)
(1.19922e-07 -0.00011196 0 -1.10584e-07 0 -9.33823e-09)
(5.35878e-08 -0.000112192 0 -7.09093e-08 0 1.73215e-08)
(-1.74584e-07 -0.000113548 0 1.86887e-07 0 -1.23028e-08)
(-4.2727e-07 -0.00011397 0 4.24734e-07 0 2.5368e-09)
(1.11729e-07 -0.000126522 0 -1.02543e-07 0 -9.18525e-09)
(2.94171e-08 -0.000126779 0 -4.98184e-08 0 2.04013e-08)
(-2.03494e-07 -0.000128239 0 2.14012e-07 0 -1.05185e-08)
(-4.27891e-07 -0.000128473 0 4.27304e-07 0 5.86902e-10)
(1.01429e-07 -0.000143189 0 -8.93497e-08 0 -1.20796e-08)
(-6.55292e-09 -0.000143388 0 -8.05533e-09 0 1.46083e-08)
(-2.36501e-07 -0.000144961 0 2.52176e-07 0 -1.56746e-08)
(-4.1687e-07 -0.000145082 0 4.13691e-07 0 3.1791e-09)
(1.00687e-07 -0.000162098 0 -9.10122e-08 0 -9.67445e-09)
(-3.58843e-08 -0.000162264 0 2.14665e-08 0 1.44179e-08)
(-2.62372e-07 -0.000163916 0 2.73289e-07 0 -1.09168e-08)
(-4.07798e-07 -0.000163857 0 4.06377e-07 0 1.42074e-09)
(9.91532e-08 -0.000183388 0 -8.99864e-08 0 -9.16679e-09)
(-6.30766e-08 -0.000183575 0 4.41181e-08 0 1.89586e-08)
(-2.89856e-07 -0.0001853 0 3.03893e-07 0 -1.4037e-08)
(-3.91465e-07 -0.000184977 0 3.91634e-07 0 -1.69659e-10)
(9.17012e-08 -0.000207122 0 -7.59989e-08 0 -1.57024e-08)
(-1.02529e-07 -0.000207465 0 9.07182e-08 0 1.18106e-08)
(-3.14948e-07 -0.000209328 0 3.2991e-07 0 -1.49617e-08)
(-3.65077e-07 -0.000208562 0 3.5909e-07 0 5.9867e-09)
(1.03713e-07 -0.000233654 0 -1.00841e-07 0 -2.8716e-09)
(-1.34632e-07 -0.000234184 0 1.13364e-07 0 2.12677e-08)
(-3.11871e-07 -0.000235849 0 3.09651e-07 0 2.22056e-09)
(-3.39971e-07 -0.000234487 0 3.41239e-07 0 -1.26856e-09)
(1.0105e-07 -0.000263026 0 -1.02478e-07 0 1.42854e-09)
(-1.78051e-07 -0.000263333 0 1.68273e-07 0 9.77771e-09)
(-3.09885e-07 -0.000264683 0 3.08091e-07 0 1.79462e-09)
(-3.18678e-07 -0.00026353 0 3.22572e-07 0 -3.89452e-09)
(1.02637e-07 -0.00029545 0 -1.00526e-07 0 -2.11119e-09)
(-2.14988e-07 -0.000295422 0 2.18538e-07 0 -3.55027e-09)
(-3.20847e-07 -0.000296707 0 3.19512e-07 0 1.335e-09)
(-2.95912e-07 -0.000296151 0 2.93792e-07 0 2.1197e-09)
(1.10263e-07 -0.000331181 0 -1.15328e-07 0 5.06511e-09)
(-2.28492e-07 -0.000331135 0 2.26954e-07 0 1.53819e-09)
(-3.33471e-07 -0.000332272 0 3.29543e-07 0 3.92844e-09)
(-2.80653e-07 -0.000331862 0 2.8171e-07 0 -1.05664e-09)
(1.01154e-07 -0.000370168 0 -1.00315e-07 0 -8.38073e-10)
(-2.50245e-07 -0.000370148 0 2.52445e-07 0 -2.19925e-09)
(-3.51693e-07 -0.000371141 0 3.55629e-07 0 -3.93685e-09)
(-2.59878e-07 -0.000370777 0 2.60654e-07 0 -7.76468e-10)
(9.56617e-08 -0.000412561 0 -9.51416e-08 0 -5.20157e-10)
(-2.65517e-07 -0.000412651 0 2.68419e-07 0 -2.90223e-09)
(-3.59107e-07 -0.000413484 0 3.58608e-07 0 4.98806e-10)
(-2.36083e-07 -0.000413169 0 2.33719e-07 0 2.3641e-09)
(8.77218e-08 -0.000458531 0 -9.00857e-08 0 2.36391e-09)
(-2.73697e-07 -0.000458734 0 2.68498e-07 0 5.1988e-09)
(-3.6604e-07 -0.000459453 0 3.659e-07 0 1.39739e-10)
(-2.19024e-07 -0.000459152 0 2.19418e-07 0 -3.93401e-10)
(7.41655e-08 -0.000508164 0 -7.44391e-08 0 2.73575e-10)
(-2.91205e-07 -0.000508578 0 2.89031e-07 0 2.17414e-09)
(-3.74001e-07 -0.000509198 0 3.73406e-07 0 5.95089e-10)
(-2.00334e-07 -0.000508968 0 2.01103e-07 0 -7.69627e-10)
(5.51498e-08 -0.000561658 0 -5.53412e-08 0 1.91414e-10)
(-3.12844e-07 -0.000562242 0 3.1234e-07 0 5.04607e-10)
(-3.8017e-07 -0.000562914 0 3.8021e-07 0 -4.02186e-11)
(-1.82731e-07 -0.000562799 0 1.82133e-07 0 5.97156e-10)
(3.65953e-08 -0.00061902 0 -3.57728e-08 0 -8.22566e-10)
(-3.35104e-07 -0.000619819 0 3.3508e-07 0 2.33882e-11)
(-3.94241e-07 -0.000620628 0 3.94458e-07 0 -2.17302e-10)
(-1.69427e-07 -0.000620806 0 1.69299e-07 0 1.28278e-10)
(2.0289e-08 -0.000680459 0 -2.52659e-08 0 4.97694e-09)
(-3.56261e-07 -0.000681306 0 3.45788e-07 0 1.04733e-08)
(-4.09718e-07 -0.000682452 0 4.05686e-07 0 4.03164e-09)
(-1.662e-07 -0.000683098 0 1.68441e-07 0 -2.24068e-09)
(-1.93157e-09 -0.000745959 0 4.90149e-09 0 -2.96991e-09)
(-4.07101e-07 -0.000746835 0 4.12976e-07 0 -5.87566e-09)
(-4.56038e-07 -0.000748425 0 4.57666e-07 0 -1.62841e-09)
(-1.63198e-07 -0.000749783 0 1.58429e-07 0 4.76912e-09)
(-1.78851e-08 -0.000815793 0 2.30982e-08 0 -5.21317e-09)
(-4.60301e-07 -0.000816388 0 4.72107e-07 0 -1.18055e-08)
(-5.25923e-07 -0.000818513 0 5.39329e-07 0 -1.34056e-08)
(-1.9206e-07 -0.000821106 0 1.95739e-07 0 -3.67889e-09)
(1.95168e-08 -0.000889701 0 -4.63072e-08 0 2.67903e-08)
(-4.73282e-07 -0.000889928 0 4.55267e-07 0 1.80148e-08)
(-6.12892e-07 -0.000892385 0 6.13721e-07 0 -8.28281e-10)
(-2.50955e-07 -0.000896618 0 2.59823e-07 0 -8.86746e-09)
(2.10329e-08 -0.000978834 0 -3.69992e-08 0 1.59662e-08)
(-5.16434e-07 -0.000977533 0 4.95605e-07 0 2.08287e-08)
(-7.2165e-07 -0.000979184 0 7.07578e-07 0 1.40721e-08)
(-3.29177e-07 -0.000985025 0 3.16532e-07 0 1.26449e-08)
(7.93723e-08 -0.00147738 0 -7.97085e-08 0 3.36132e-10)
(-4.07621e-07 -0.00147079 0 3.13116e-07 0 9.45052e-08)
(-7.10591e-07 -0.00146528 0 5.59357e-07 0 1.51233e-07)
(-3.84053e-07 -0.00146901 0 3.04399e-07 0 7.96541e-08)
(7.3816e-08 -0.0012352 0 -9.48797e-08 0 2.10637e-08)
(-5.29709e-08 -0.00123501 0 6.63486e-08 0 -1.33777e-08)
(-4.37889e-08 -0.00123969 0 3.87834e-08 0 5.00552e-09)
(2.84694e-08 -0.00123962 0 -2.33049e-09 0 -2.61389e-08)
(1.71451e-07 -0.00113693 0 -1.92453e-07 0 2.10022e-08)
(-1.24821e-07 -0.00113741 0 1.39558e-07 0 -1.47368e-08)
(-9.97183e-08 -0.00114118 0 9.47054e-08 0 5.01295e-09)
(-4.67058e-09 -0.00114069 0 1.01623e-08 0 -5.49175e-09)
(2.5421e-07 -0.00104341 0 -2.78238e-07 0 2.40286e-08)
(-1.97169e-07 -0.00104444 0 2.13119e-07 0 -1.59498e-08)
(-1.53661e-07 -0.0010477 0 1.49211e-07 0 4.44913e-09)
(-5.58296e-08 -0.00104769 0 5.44995e-08 0 1.33006e-09)
(3.17587e-07 -0.000955444 0 -3.42654e-07 0 2.50669e-08)
(-2.69842e-07 -0.000956714 0 2.86716e-07 0 -1.68737e-08)
(-2.08676e-07 -0.000959588 0 2.04332e-07 0 4.3436e-09)
(-1.11653e-07 -0.000959926 0 1.10101e-07 0 1.55196e-09)
(3.65716e-07 -0.000872926 0 -3.90646e-07 0 2.49297e-08)
(-3.35998e-07 -0.000874187 0 3.52839e-07 0 -1.68412e-08)
(-2.60849e-07 -0.000876698 0 2.56761e-07 0 4.08857e-09)
(-1.63369e-07 -0.000877207 0 1.62746e-07 0 6.23296e-10)
(4.02706e-07 -0.000795631 0 -4.27703e-07 0 2.4997e-08)
(-3.95239e-07 -0.00079677 0 4.12091e-07 0 -1.68526e-08)
(-3.09123e-07 -0.000798961 0 3.04884e-07 0 4.23945e-09)
(-2.07566e-07 -0.000799548 0 2.06734e-07 0 8.31427e-10)
(4.29274e-07 -0.000723381 0 -4.54083e-07 0 2.48093e-08)
(-4.46281e-07 -0.00072434 0 4.6286e-07 0 -1.6579e-08)
(-3.53106e-07 -0.000726258 0 3.49089e-07 0 4.01783e-09)
(-2.44754e-07 -0.000726842 0 2.43943e-07 0 8.11505e-10)
(4.48679e-07 -0.000656025 0 -4.73615e-07 0 2.49353e-08)
(-4.90531e-07 -0.000656784 0 5.07432e-07 0 -1.69016e-08)
(-3.91633e-07 -0.000658455 0 3.87068e-07 0 4.56468e-09)
(-2.72282e-07 -0.000658962 0 2.70828e-07 0 1.45396e-09)
(4.59984e-07 -0.000593399 0 -4.84904e-07 0 2.49194e-08)
(-5.26519e-07 -0.000593957 0 5.43169e-07 0 -1.66499e-08)
(-4.25265e-07 -0.000595407 0 4.21501e-07 0 3.7636e-09)
(-2.92673e-07 -0.000595827 0 2.9194e-07 0 7.33722e-10)
(4.66222e-07 -0.00053537 0 -4.91404e-07 0 2.51821e-08)
(-5.56027e-07 -0.000535737 0 5.72518e-07 0 -1.6491e-08)
(-4.53056e-07 -0.00053697 0 4.48416e-07 0 4.63996e-09)
(-3.03186e-07 -0.000537306 0 3.01381e-07 0 1.80547e-09)
(4.65079e-07 -0.000481757 0 -4.90501e-07 0 2.54214e-08)
(-5.7819e-07 -0.000481933 0 5.94429e-07 0 -1.62395e-08)
(-4.76921e-07 -0.000482941 0 4.73521e-07 0 3.40075e-09)
(-3.06705e-07 -0.000483232 0 3.04938e-07 0 1.76692e-09)
(4.64254e-07 -0.000432404 0 -4.94385e-07 0 3.01313e-08)
(-5.87127e-07 -0.000432443 0 5.96722e-07 0 -9.59505e-09)
(-4.9029e-07 -0.000433165 0 4.80725e-07 0 9.56501e-09)
(-3.04536e-07 -0.000433408 0 3.01882e-07 0 2.65443e-09)
(4.53752e-07 -0.000387073 0 -4.89109e-07 0 3.53569e-08)
(-5.82595e-07 -0.000387003 0 5.79532e-07 0 3.06346e-09)
(-4.98335e-07 -0.000387433 0 4.85497e-07 0 1.28377e-08)
(-2.96624e-07 -0.000387625 0 2.92052e-07 0 4.57188e-09)
(4.23875e-07 -0.000345578 0 -4.45893e-07 0 2.20181e-08)
(-6.1412e-07 -0.00034555 0 6.40636e-07 0 -2.65163e-08)
(-5.21911e-07 -0.000345616 0 5.2467e-07 0 -2.75936e-09)
(-2.93442e-07 -0.000345693 0 2.9306e-07 0 3.82065e-10)
(3.93242e-07 -0.000307674 0 -4.12191e-07 0 1.89493e-08)
(-6.22814e-07 -0.000307834 0 6.60819e-07 0 -3.80053e-08)
(-5.19203e-07 -0.000307728 0 5.24121e-07 0 -4.91805e-09)
(-2.84221e-07 -0.000307629 0 2.85879e-07 0 -1.65795e-09)
(3.67454e-07 -0.00027332 0 -3.88679e-07 0 2.1225e-08)
(-6.08644e-07 -0.000273353 0 6.3029e-07 0 -2.16456e-08)
(-5.11314e-07 -0.000273258 0 5.12106e-07 0 -7.91623e-10)
(-2.69397e-07 -0.000273028 0 2.74966e-07 0 -5.56937e-09)
(3.32386e-07 -0.000242321 0 -3.4869e-07 0 1.63046e-08)
(-6.21764e-07 -0.000242005 0 6.63378e-07 0 -4.16139e-08)
(-5.00934e-07 -0.000241884 0 5.00395e-07 0 5.38391e-10)
(-2.47435e-07 -0.000241601 0 2.50225e-07 0 -2.79046e-09)
(3.20992e-07 -0.000214379 0 -3.47025e-07 0 2.60327e-08)
(-5.80705e-07 -0.000213902 0 5.91822e-07 0 -1.11166e-08)
(-4.78289e-07 -0.000213805 0 4.61663e-07 0 1.66261e-08)
(-2.27864e-07 -0.000213502 0 2.29902e-07 0 -2.03792e-09)
(3.06599e-07 -0.000189378 0 -3.41455e-07 0 3.48559e-08)
(-5.58857e-07 -0.000188832 0 5.59782e-07 0 -9.25241e-10)
(-4.66436e-07 -0.000188695 0 4.47032e-07 0 1.94048e-08)
(-2.02338e-07 -0.000188339 0 2.01963e-07 0 3.74958e-10)
(2.76721e-07 -0.000167132 0 -2.99943e-07 0 2.32218e-08)
(-5.67143e-07 -0.000166518 0 5.90735e-07 0 -2.35923e-08)
(-4.65528e-07 -0.000166297 0 4.54979e-07 0 1.05488e-08)
(-1.81248e-07 -0.000165885 0 1.81627e-07 0 -3.78534e-10)
(2.56665e-07 -0.000147506 0 -2.79648e-07 0 2.29828e-08)
(-5.45753e-07 -0.000146858 0 5.64926e-07 0 -1.91733e-08)
(-4.51582e-07 -0.000146496 0 4.40964e-07 0 1.06184e-08)
(-1.60432e-07 -0.000146021 0 1.63692e-07 0 -3.2596e-09)
(2.40405e-07 -0.000130322 0 -2.65094e-07 0 2.46885e-08)
(-5.26487e-07 -0.000129609 0 5.46827e-07 0 -2.034e-08)
(-4.34065e-07 -0.000129073 0 4.2265e-07 0 1.14153e-08)
(-1.35187e-07 -0.000128551 0 1.35432e-07 0 -2.4578e-10)
(2.19448e-07 -0.000115435 0 -2.41784e-07 0 2.2336e-08)
(-5.02228e-07 -0.000114651 0 5.23441e-07 0 -2.1213e-08)
(-4.1371e-07 -0.000113916 0 4.03329e-07 0 1.03815e-08)
(-1.14575e-07 -0.000113356 0 1.16905e-07 0 -2.32946e-09)
(2.04606e-07 -0.000102697 0 -2.29871e-07 0 2.52653e-08)
(-4.71213e-07 -0.000101811 0 4.91034e-07 0 -1.98206e-08)
(-3.8759e-07 -0.000100884 0 3.75794e-07 0 1.17955e-08)
(-9.14676e-08 -0.00010032 0 9.17368e-08 0 -2.69143e-10)
(1.89632e-07 -9.19786e-05 0 -2.17674e-07 0 2.80427e-08)
(-4.33052e-07 -9.09748e-05 0 4.49849e-07 0 -1.67968e-08)
(-3.60702e-07 -8.98451e-05 0 3.50071e-07 0 1.0631e-08)
(-7.04602e-08 -8.93021e-05 0 7.16158e-08 0 -1.15554e-09)
(1.56667e-07 -8.31618e-05 0 -1.69038e-07 0 1.23703e-08)
(-4.07019e-07 -8.20423e-05 0 4.38268e-07 0 -3.12489e-08)
(-3.32468e-07 -8.07492e-05 0 3.2445e-07 0 8.0172e-09)
(-5.19826e-08 -8.02465e-05 0 5.42486e-08 0 -2.26594e-09)
(1.53549e-07 -7.6143e-05 0 -1.80727e-07 0 2.7178e-08)
(-3.41783e-07 -7.49417e-05 0 3.52394e-07 0 -1.0611e-08)
(-2.90573e-07 -7.34606e-05 0 2.72908e-07 0 1.76646e-08)
(-2.45355e-08 -7.30666e-05 0 2.17471e-08 0 2.78843e-09)
(1.35274e-07 -7.0803e-05 0 -1.64694e-07 0 2.94203e-08)
(-3.01004e-07 -6.95471e-05 0 3.20479e-07 0 -1.94746e-08)
(-2.60649e-07 -6.80469e-05 0 2.4662e-07 0 1.40292e-08)
(-9.30164e-09 -6.77882e-05 0 9.19053e-09 0 1.11106e-10)
(1.07804e-07 -6.70319e-05 0 -1.31423e-07 0 2.36193e-08)
(-2.69719e-07 -6.58469e-05 0 3.05058e-07 0 -3.53396e-08)
(-2.38116e-07 -6.44184e-05 0 2.30001e-07 0 8.11482e-09)
(9.10422e-09 -6.44016e-05 0 -1.82375e-09 0 -7.28047e-09)
(1.07106e-07 -6.50382e-05 0 -1.59564e-07 0 5.24576e-08)
(-2.00312e-07 -6.43587e-05 0 2.11266e-07 0 -1.09541e-08)
(-2.15291e-07 -6.23136e-05 0 2.07502e-07 0 7.7896e-09)
(4.3005e-08 -6.27725e-05 0 -4.74578e-08 0 4.4528e-09)
(1.49223e-08 -6.44492e-05 0 -3.04217e-08 0 1.54994e-08)
(-1.67087e-07 -6.39729e-05 0 1.95738e-07 0 -2.86503e-08)
(-2.04681e-07 -6.10505e-05 0 2.19492e-07 0 -1.48104e-08)
(7.29857e-08 -6.17385e-05 0 -6.97563e-08 0 -3.22945e-09)
(-4.29375e-08 -6.50201e-05 0 4.62039e-08 0 -3.2664e-09)
(-7.45127e-08 -6.41448e-05 0 7.81438e-08 0 -3.63116e-09)
(-1.53656e-07 -6.1299e-05 0 1.62267e-07 0 -8.61133e-09)
(9.38759e-08 -6.17621e-05 0 -9.95621e-08 0 5.68621e-09)
(-5.98091e-08 -6.70857e-05 0 5.74641e-08 0 2.34502e-09)
(-2.19465e-09 -6.59501e-05 0 -4.76531e-09 0 6.95996e-09)
(-1.05133e-07 -6.36302e-05 0 1.0342e-07 0 1.71268e-09)
(1.14747e-07 -6.38759e-05 0 -1.24484e-07 0 9.73723e-09)
(-8.19425e-08 -7.06425e-05 0 9.11101e-08 0 -9.16758e-09)
(4.6557e-08 -6.94624e-05 0 -4.35873e-08 0 -2.96972e-09)
(-7.38636e-08 -6.7458e-05 0 7.54683e-08 0 -1.60464e-09)
(1.16714e-07 -6.75599e-05 0 -1.19393e-07 0 2.67941e-09)
(-7.30085e-08 -7.57662e-05 0 7.01595e-08 0 2.84897e-09)
(1.10794e-07 -7.46674e-05 0 -1.19379e-07 0 8.58557e-09)
(-3.81454e-08 -7.28788e-05 0 3.65193e-08 0 1.62604e-09)
(1.31389e-07 -7.2848e-05 0 -1.38577e-07 0 7.18785e-09)
(-7.08803e-08 -8.2514e-05 0 6.88219e-08 0 2.05842e-09)
(1.49233e-07 -8.16381e-05 0 -1.47534e-07 0 -1.69928e-09)
(-1.00828e-08 -7.99532e-05 0 1.22343e-08 0 -2.15154e-09)
(1.31761e-07 -7.98e-05 0 -1.35806e-07 0 4.04516e-09)
(-7.05619e-08 -9.10071e-05 0 7.19404e-08 0 -1.37847e-09)
(1.92422e-07 -9.03544e-05 0 -1.92185e-07 0 -2.37179e-10)
(2.25464e-08 -8.87557e-05 0 -1.99051e-08 0 -2.64133e-09)
(1.35259e-07 -8.85395e-05 0 -1.38665e-07 0 3.40633e-09)
(-6.0646e-08 -0.000101314 0 6.00418e-08 0 6.04253e-10)
(2.31162e-07 -0.000100873 0 -2.31334e-07 0 1.71826e-10)
(5.44025e-08 -9.93896e-05 0 -5.25441e-08 0 -1.8584e-09)
(1.37031e-07 -9.91443e-05 0 -1.43344e-07 0 6.31316e-09)
(-5.42853e-08 -0.000113558 0 5.50891e-08 0 -8.03743e-10)
(2.62299e-07 -0.000113344 0 -2.62885e-07 0 5.86751e-10)
(8.4576e-08 -0.000111976 0 -8.26499e-08 0 -1.92606e-09)
(1.35626e-07 -0.00011168 0 -1.39424e-07 0 3.79747e-09)
(-4.78964e-08 -0.000127821 0 5.24386e-08 0 -4.54212e-09)
(2.83832e-07 -0.000127864 0 -2.79146e-07 0 -4.6864e-09)
(1.1241e-07 -0.00012663 0 -1.09404e-07 0 -3.00583e-09)
(1.36873e-07 -0.000126265 0 -1.42801e-07 0 5.92868e-09)
(-3.29551e-08 -0.000144262 0 2.97458e-08 0 3.20928e-09)
(3.07963e-07 -0.000144559 0 -3.09851e-07 0 1.88814e-09)
(1.42189e-07 -0.00014347 0 -1.40896e-07 0 -1.29307e-09)
(1.3836e-07 -0.000143031 0 -1.41583e-07 0 3.22392e-09)
(-2.28647e-08 -0.000162937 0 1.68653e-08 0 5.99942e-09)
(3.28464e-07 -0.000163511 0 -3.37439e-07 0 8.97546e-09)
(1.71309e-07 -0.000162571 0 -1.72659e-07 0 1.35043e-09)
(1.47931e-07 -0.00016207 0 -1.5583e-07 0 7.89901e-09)
(-3.11044e-08 -0.000184044 0 3.45768e-08 0 -3.47239e-09)
(3.14394e-07 -0.000184864 0 -3.06047e-07 0 -8.34686e-09)
(1.92389e-07 -0.000183969 0 -1.89646e-07 0 -2.74286e-09)
(1.57766e-07 -0.000183449 0 -1.64943e-07 0 7.17665e-09)
(-2.17621e-08 -0.000207643 0 1.54155e-08 0 6.34658e-09)
(3.32395e-07 -0.00020871 0 -3.38497e-07 0 6.10143e-09)
(2.20439e-07 -0.00020788 0 -2.20186e-07 0 -2.52487e-10)
(1.60748e-07 -0.000207377 0 -1.62387e-07 0 1.63873e-09)
(-3.46638e-08 -0.000234057 0 3.37715e-08 0 8.92292e-10)
(3.19748e-07 -0.000235502 0 -3.20437e-07 0 6.88683e-10)
(2.43021e-07 -0.000234418 0 -2.42979e-07 0 -4.22109e-11)
(1.76373e-07 -0.000233915 0 -1.77205e-07 0 8.31107e-10)
(-7.49009e-08 -0.000263363 0 8.48028e-08 0 -9.90188e-09)
(2.99236e-07 -0.000264934 0 -2.80105e-07 0 -1.91309e-08)
(2.7424e-07 -0.000263894 0 -2.71423e-07 0 -2.8175e-09)
(1.76458e-07 -0.000263244 0 -1.68671e-07 0 -7.78692e-09)
(-7.807e-08 -0.000295555 0 7.07973e-08 0 7.27263e-09)
(3.22719e-07 -0.000296833 0 -3.40105e-07 0 1.73861e-08)
(3.0743e-07 -0.000296218 0 -3.12084e-07 0 4.65409e-09)
(1.97439e-07 -0.000295556 0 -1.9074e-07 0 -6.69824e-09)
(-9.58085e-08 -0.000331011 0 1.00893e-07 0 -5.08461e-09)
(3.00548e-07 -0.000332016 0 -3.00971e-07 0 4.23169e-10)
(3.25301e-07 -0.000331568 0 -3.27678e-07 0 2.37607e-09)
(2.10793e-07 -0.00033102 0 -2.12083e-07 0 1.29064e-09)
(-9.79123e-08 -0.000369815 0 1.02388e-07 0 -4.47606e-09)
(2.90069e-07 -0.000370667 0 -2.8963e-07 0 -4.38295e-10)
(3.41744e-07 -0.000370345 0 -3.44288e-07 0 2.5439e-09)
(2.14993e-07 -0.000369846 0 -2.13346e-07 0 -1.64734e-09)
(-8.9148e-08 -0.000412181 0 8.83027e-08 0 8.45333e-10)
(2.97066e-07 -0.000412827 0 -3.08005e-07 0 1.09389e-08)
(3.57109e-07 -0.000412591 0 -3.608e-07 0 3.69142e-09)
(2.15152e-07 -0.000412121 0 -2.1537e-07 0 2.17768e-10)
(-9.37707e-08 -0.0004582 0 1.02595e-07 0 -8.82473e-09)
(2.76687e-07 -0.000458697 0 -2.72972e-07 0 -3.71528e-09)
(3.66149e-07 -0.000458521 0 -3.66531e-07 0 3.81313e-10)
(2.15519e-07 -0.000458035 0 -2.13914e-07 0 -1.60488e-09)
(-8.39902e-08 -0.000508054 0 9.02719e-08 0 -6.28164e-09)
(2.7971e-07 -0.000508303 0 -2.80508e-07 0 7.97083e-10)
(3.7966e-07 -0.000508172 0 -3.80908e-07 0 1.24724e-09)
(2.12887e-07 -0.000507636 0 -2.11744e-07 0 -1.14285e-09)
(-6.8866e-08 -0.00056193 0 7.20976e-08 0 -3.23163e-09)
(2.82799e-07 -0.000561912 0 -2.85706e-07 0 2.90657e-09)
(3.93434e-07 -0.000561743 0 -3.96062e-07 0 2.62824e-09)
(2.15554e-07 -0.000561118 0 -2.14324e-07 0 -1.22984e-09)
(-5.52549e-08 -0.000619964 0 5.95346e-08 0 -4.27978e-09)
(2.90777e-07 -0.000619532 0 -2.93027e-07 0 2.25005e-09)
(4.08559e-07 -0.000619338 0 -4.09537e-07 0 9.78415e-10)
(2.14604e-07 -0.000618601 0 -2.13052e-07 0 -1.55192e-09)
(-3.47383e-08 -0.000682323 0 4.34833e-08 0 -8.74505e-09)
(3.00631e-07 -0.000681403 0 -2.97222e-07 0 -3.40888e-09)
(4.27046e-07 -0.00068103 0 -4.29661e-07 0 2.61524e-09)
(2.25741e-07 -0.000680186 0 -2.24828e-07 0 -9.13449e-10)
(3.51661e-09 -0.000749077 0 -4.27227e-09 0 7.55658e-10)
(3.43122e-07 -0.000747538 0 -3.5143e-07 0 8.30812e-09)
(4.54686e-07 -0.000746922 0 -4.58763e-07 0 4.07652e-09)
(2.33087e-07 -0.000745968 0 -2.31795e-07 0 -1.29136e-09)
(5.45648e-08 -0.000820657 0 -6.30659e-08 0 8.50106e-09)
(3.98018e-07 -0.000818332 0 -4.17021e-07 0 1.90033e-08)
(4.84348e-07 -0.000817164 0 -4.8957e-07 0 5.22225e-09)
(2.57024e-07 -0.00081611 0 -2.56186e-07 0 -8.38321e-10)
(6.49836e-08 -0.000896911 0 -3.75226e-08 0 -2.74609e-08)
(4.2906e-07 -0.000893667 0 -4.0383e-07 0 -2.52294e-08)
(5.16642e-07 -0.000891666 0 -5.06391e-07 0 -1.02508e-08)
(2.84713e-07 -0.000890432 0 -2.9033e-07 0 5.6173e-09)
(1.08021e-07 -0.000985757 0 -7.44386e-08 0 -3.35827e-08)
(5.10541e-07 -0.000982891 0 -4.64325e-07 0 -4.62159e-08)
(5.33151e-07 -0.000981611 0 -4.77251e-07 0 -5.59001e-08)
(3.0289e-07 -0.000980096 0 -2.83453e-07 0 -1.94371e-08)
(9.89762e-08 -0.00147138 0 -3.7171e-08 0 -6.18052e-08)
(4.66503e-07 -0.00147583 0 -3.37673e-07 0 -1.2883e-07)
(5.19205e-07 -0.0014808 0 -4.16403e-07 0 -1.02802e-07)
(3.2187e-07 -0.00147994 0 -2.73241e-07 0 -4.86292e-08)
(2.79941e-07 -0.00525415 0 -2.48804e-07 0 -3.11365e-08)
(-3.62607e-08 -0.00522242 0 -6.04131e-08 0 9.66737e-08)
(-3.91548e-07 -0.0051364 0 1.06709e-07 0 2.8484e-07)
(-3.88636e-07 -0.00503437 0 2.29593e-07 0 1.59043e-07)
(1.10572e-06 -0.00893768 0 -9.57567e-07 0 -1.48149e-07)
(2.92097e-06 -0.00891421 0 -2.41821e-06 0 -5.02754e-07)
(4.53604e-06 -0.00885224 0 -3.66524e-06 0 -8.70801e-07)
(2.43057e-06 -0.00878497 0 -1.91387e-06 0 -5.16696e-07)
(1.35878e-06 -0.0089115 0 -1.44717e-06 0 8.83945e-08)
(2.95573e-06 -0.00891958 0 -3.19523e-06 0 2.39501e-07)
(3.97475e-06 -0.00895335 0 -4.31778e-06 0 3.43029e-07)
(1.71145e-06 -0.00901447 0 -1.91626e-06 0 2.04816e-07)
(1.18861e-06 -0.00817066 0 -1.20421e-06 0 1.55948e-08)
(2.12378e-06 -0.00818178 0 -2.21878e-06 0 9.49967e-08)
(2.40495e-06 -0.00820875 0 -2.56759e-06 0 1.62643e-07)
(6.18626e-07 -0.00825336 0 -6.7882e-07 0 6.01943e-08)
(9.80956e-07 -0.0074705 0 -9.43658e-07 0 -3.72981e-08)
(1.40947e-06 -0.00748296 0 -1.37271e-06 0 -3.67599e-08)
(1.20361e-06 -0.00750327 0 -1.16472e-06 0 -3.8884e-08)
(-1.48626e-07 -0.00753384 0 1.55737e-07 0 -7.11079e-09)
(8.2944e-07 -0.0068117 0 -8.33186e-07 0 3.74654e-09)
(9.70688e-07 -0.00682488 0 -1.00584e-06 0 3.51518e-08)
(5.61887e-07 -0.00684075 0 -5.80586e-07 0 1.86988e-08)
(-5.2346e-07 -0.00685909 0 5.31054e-07 0 -7.59429e-09)
(6.01884e-07 -0.0061931 0 -5.93147e-07 0 -8.73737e-09)
(4.77483e-07 -0.00620528 0 -4.78661e-07 0 1.17756e-09)
(9.48903e-08 -0.0062184 0 -9.1166e-08 0 -3.72426e-09)
(-6.84935e-07 -0.00622836 0 7.09696e-07 0 -2.47613e-08)
(4.36442e-07 -0.00561549 0 -4.17098e-07 0 -1.93444e-08)
(8.61935e-08 -0.00562746 0 -8.19073e-08 0 -4.28615e-09)
(-2.28539e-07 -0.00563882 0 2.27285e-07 0 1.25384e-09)
(-7.0397e-07 -0.00564229 0 6.88125e-07 0 1.58454e-08)
(2.3999e-07 -0.00507827 0 -2.35184e-07 0 -4.80544e-09)
(-2.87668e-07 -0.00508979 0 2.72193e-07 0 1.54752e-08)
(-3.86195e-07 -0.00509969 0 3.73098e-07 0 1.30971e-08)
(-6.28451e-07 -0.00509814 0 6.54901e-07 0 -2.64493e-08)
(3.0205e-08 -0.00457865 0 -1.67528e-08 0 -1.34522e-08)
(-6.03601e-07 -0.00458843 0 5.82037e-07 0 2.15639e-08)
(-4.94327e-07 -0.00459776 0 4.77304e-07 0 1.70232e-08)
(-4.44722e-07 -0.00459322 0 4.30758e-07 0 1.39635e-08)
(-1.41239e-07 -0.00411667 0 1.46966e-07 0 -5.72662e-09)
(-9.39945e-07 -0.00412401 0 9.38119e-07 0 1.82591e-09)
(-5.63683e-07 -0.00413088 0 5.65345e-07 0 -1.66188e-09)
(-2.57354e-07 -0.00412426 0 3.00853e-07 0 -4.34992e-08)
(-3.60383e-07 -0.00368929 0 3.93961e-07 0 -3.3578e-08)
(-1.11928e-06 -0.00369483 0 1.13815e-06 0 -1.88679e-08)
(-5.3533e-07 -0.0036995 0 5.48189e-07 0 -1.28591e-08)
(-6.31341e-08 -0.00369181 0 2.7991e-08 0 3.51431e-08)
(-4.28543e-07 -0.0032979 0 4.13564e-07 0 1.49794e-08)
(-1.25375e-06 -0.00329966 0 1.22437e-06 0 2.93774e-08)
(-4.46541e-07 -0.00330049 0 4.29124e-07 0 1.74171e-08)
(6.03772e-08 -0.00329705 0 8.0483e-09 0 -6.84255e-08)
(-5.35884e-07 -0.00293599 0 6.09697e-07 0 -7.38129e-08)
(-1.24917e-06 -0.00293678 0 1.31092e-06 0 -6.17509e-08)
(-4.57053e-07 -0.00293681 0 4.76193e-07 0 -1.91403e-08)
(2.71795e-08 -0.00293254 0 -9.96017e-08 0 7.24221e-08)
(-5.00078e-07 -0.00260744 0 4.72696e-07 0 2.73819e-08)
(-1.23455e-06 -0.00260432 0 1.15811e-06 0 7.6435e-08)
(-3.07406e-07 -0.00260503 0 2.90113e-07 0 1.72929e-08)
(1.64063e-07 -0.00260408 0 -1.00057e-07 0 -6.40066e-08)
(-4.18673e-07 -0.00230462 0 4.47343e-07 0 -2.86697e-08)
(-1.07381e-06 -0.00230041 0 1.04061e-06 0 3.32041e-08)
(-4.08279e-07 -0.00230293 0 3.8475e-07 0 2.35291e-08)
(-4.38383e-08 -0.0023027 0 5.24181e-09 0 3.85965e-08)
(-4.30026e-07 -0.00203094 0 4.37301e-07 0 -7.27432e-09)
(-1.24206e-06 -0.0020232 0 1.22971e-06 0 1.23425e-08)
(-4.34492e-07 -0.00202686 0 4.65772e-07 0 -3.12801e-08)
(2.26965e-07 -0.00202915 0 -1.88292e-07 0 -3.86724e-08)
(-1.62467e-07 -0.00178146 0 1.7484e-07 0 -1.23734e-08)
(-9.7993e-07 -0.00177012 0 9.89807e-07 0 -9.87689e-09)
(-6.1611e-07 -0.00177631 0 6.00401e-07 0 1.57084e-08)
(-1.59494e-07 -0.00178267 0 1.38205e-07 0 2.12893e-08)
(-1.39924e-07 -0.00155559 0 1.51613e-07 0 -1.1689e-08)
(-1.05335e-06 -0.00154068 0 1.02536e-06 0 2.79897e-08)
(-8.26879e-07 -0.00154621 0 8.30414e-07 0 -3.53456e-09)
(1.82104e-07 -0.00155103 0 -1.37818e-07 0 -4.42853e-08)
(1.6062e-07 -0.0013526 0 -1.22823e-07 0 -3.77962e-08)
(-7.11408e-07 -0.00133367 0 7.66925e-07 0 -5.55164e-08)
(-9.77484e-07 -0.00133624 0 9.76753e-07 0 7.30882e-10)
(-1.78599e-07 -0.0013427 0 1.41478e-07 0 3.71205e-08)
(2.54187e-07 -0.00116384 0 -2.41422e-07 0 -1.27643e-08)
(-4.84289e-07 -0.00114823 0 4.34534e-07 0 4.97545e-08)
(-1.11251e-06 -0.00114992 0 1.09959e-06 0 1.29144e-08)
(1.97814e-08 -0.00115577 0 3.64354e-08 0 -5.62167e-08)
(3.63498e-07 -0.000994259 0 -3.69307e-07 0 5.80968e-09)
(-1.96963e-07 -0.000980079 0 2.04043e-07 0 -7.08005e-09)
(-1.21425e-06 -0.000980176 0 1.19809e-06 0 1.61596e-08)
(-3.09842e-07 -0.000985907 0 2.67133e-07 0 4.27091e-08)
(4.00145e-07 -0.000837795 0 -3.70661e-07 0 -2.94839e-08)
(-4.92017e-08 -0.000826687 0 3.5725e-08 0 1.34767e-08)
(-1.32038e-06 -0.000826893 0 1.32069e-06 0 -3.0044e-10)
(-1.08217e-07 -0.000830973 0 1.70634e-07 0 -6.24168e-08)
(4.29607e-07 -0.000695165 0 -4.2972e-07 0 1.13614e-10)
(1.77586e-07 -0.000686601 0 -1.79798e-07 0 2.21196e-09)
(-1.35996e-06 -0.000685799 0 1.34681e-06 0 1.31439e-08)
(-3.66717e-07 -0.000689101 0 3.15778e-07 0 5.09385e-08)
(4.27272e-07 -0.000563015 0 -3.96886e-07 0 -3.03863e-08)
(2.41711e-07 -0.000557241 0 -2.32256e-07 0 -9.45444e-09)
(-1.42004e-06 -0.00055675 0 1.43723e-06 0 -1.71851e-08)
(-1.07133e-07 -0.000558333 0 1.7108e-07 0 -6.39475e-08)
(3.74083e-07 -0.000440032 0 -3.47846e-07 0 -2.62367e-08)
(3.84472e-07 -0.000437617 0 -3.83294e-07 0 -1.17708e-09)
(-1.36408e-06 -0.000436502 0 1.31978e-06 0 4.4297e-08)
(-3.51753e-07 -0.000437291 0 3.06785e-07 0 4.49676e-08)
(4.00312e-07 -0.000324922 0 -4.37782e-07 0 3.74702e-08)
(4.36851e-07 -0.000324981 0 -5.0375e-07 0 6.6899e-08)
(-1.39027e-06 -0.000324198 0 1.3902e-06 0 7.00567e-11)
(-1.43558e-08 -0.000323591 0 8.88145e-08 0 -7.44586e-08)
(2.39225e-07 -0.000214247 0 -2.07326e-07 0 -3.18997e-08)
(3.90314e-07 -0.000218369 0 -3.70099e-07 0 -2.02153e-08)
(-1.34778e-06 -0.000216987 0 1.33552e-06 0 1.22637e-08)
(-2.32203e-07 -0.000215483 0 1.78487e-07 0 5.37161e-08)
(1.64569e-07 -0.000108539 0 -1.5806e-07 0 -6.50956e-09)
(3.23644e-07 -0.000115178 0 -3.68302e-07 0 4.46583e-08)
(-1.25566e-06 -0.000113704 0 1.2199e-06 0 3.57581e-08)
(1.70987e-07 -0.00011128 0 -8.57275e-08 0 -8.52598e-08)
(5.99898e-08 -2.48487e-06 0 -7.72263e-08 0 1.72365e-08)
(2.19563e-07 -1.42618e-05 0 -2.00654e-07 0 -1.89095e-08)
(-1.27132e-06 -1.1771e-05 0 1.3155e-06 0 -4.41829e-08)
(-8.78619e-08 -8.28383e-06 0 9.56485e-09 0 7.82971e-08)
(-2.26371e-07 9.95893e-05 0 3.3902e-07 0 -1.12649e-07)
(-1.18313e-07 8.5901e-05 0 2.05832e-07 0 -8.75187e-08)
(-1.07608e-06 8.99418e-05 0 1.06355e-06 0 1.25211e-08)
(2.66568e-07 9.3827e-05 0 -2.03465e-07 0 -6.31023e-08)
(-2.41746e-07 0.000202929 0 2.0855e-07 0 3.31964e-08)
(-4.86476e-08 0.00018714 0 1.38797e-08 0 3.47679e-08)
(-9.23926e-07 0.000194099 0 8.88949e-07 0 3.49778e-08)
(-4.55898e-08 0.000199705 0 -4.02443e-09 0 4.96142e-08)
(-4.20023e-07 0.000305781 0 4.44859e-07 0 -2.48353e-08)
(-2.9984e-07 0.000290372 0 2.74205e-07 0 2.56344e-08)
(-6.76723e-07 0.000301947 0 6.8786e-07 0 -1.11364e-08)
(2.74536e-07 0.00030836 0 -2.13476e-07 0 -6.10591e-08)
(-6.77878e-07 0.000417317 0 6.92592e-07 0 -1.47138e-08)
(-2.13977e-07 0.000404655 0 2.16213e-07 0 -2.23606e-09)
(-3.07444e-07 0.00041914 0 2.60146e-07 0 4.72972e-08)
(1.28965e-08 0.000425752 0 -4.1093e-08 0 2.81965e-08)
(-7.48741e-07 0.000540786 0 7.0916e-07 0 3.95816e-08)
(-1.86267e-07 0.000534545 0 1.07548e-07 0 7.87187e-08)
(2.91629e-08 0.000546383 0 -1.60905e-08 0 -1.30724e-08)
(1.37183e-07 0.000548032 0 -6.52563e-08 0 -7.19264e-08)
(-8.32204e-07 0.000673274 0 8.74599e-07 0 -4.23946e-08)
(-7.77678e-08 0.000671873 0 1.29895e-07 0 -5.21268e-08)
(1.13388e-07 0.000678532 0 -1.27436e-07 0 1.40475e-08)
(-1.48948e-07 0.000677725 0 1.22892e-07 0 2.6057e-08)
(-7.84236e-07 0.000819545 0 8.01998e-07 0 -1.77621e-08)
(-8.28516e-08 0.000818245 0 7.56737e-08 0 7.17784e-09)
(2.37396e-07 0.000818389 0 -2.33024e-07 0 -4.3728e-09)
(-1.4149e-07 0.000822078 0 1.48749e-07 0 -7.25853e-09)
(-6.84745e-07 0.000978192 0 7.05811e-07 0 -2.10666e-08)
(-5.94375e-08 0.000979342 0 5.42876e-08 0 5.14983e-09)
(2.4439e-07 0.000976538 0 -2.57484e-07 0 1.30945e-08)
(-5.33807e-08 0.000983069 0 4.70838e-08 0 6.29688e-09)
(-5.72615e-07 0.00115482 0 5.75751e-07 0 -3.1364e-09)
(-1.32554e-07 0.00115757 0 1.19601e-07 0 1.29535e-08)
(3.68879e-07 0.00115498 0 -3.67679e-07 0 -1.20016e-09)
(-2.24501e-08 0.00116085 0 4.61552e-08 0 -2.37052e-08)
(-2.89692e-07 0.00134814 0 3.13009e-07 0 -2.33175e-08)
(-5.97339e-08 0.00135409 0 5.96871e-08 0 4.67695e-11)
(3.63753e-07 0.00135109 0 -3.83139e-07 0 1.93862e-08)
(-5.93053e-08 0.00135478 0 6.49866e-08 0 -5.68131e-09)
(-5.69554e-08 0.00156382 0 4.83756e-08 0 8.57974e-09)
(-3.81522e-08 0.00156919 0 2.87423e-08 0 9.40993e-09)
(3.92862e-07 0.00156606 0 -3.8917e-07 0 -3.6921e-09)
(-1.06995e-07 0.00156893 0 1.18152e-07 0 -1.1157e-08)
(2.35611e-07 0.00180061 0 -1.68269e-07 0 -6.73427e-08)
(6.9229e-10 0.0018015 0 1.30047e-08 0 -1.3697e-08)
(3.58949e-07 0.00180213 0 -3.78825e-07 0 1.9876e-08)
(-1.67136e-07 0.00180397 0 1.8027e-07 0 -1.31345e-08)
(1.66942e-07 0.00206207 0 -2.19167e-07 0 5.22257e-08)
(1.85106e-08 0.00206187 0 -3.43308e-08 0 1.58202e-08)
(4.68673e-07 0.00206152 0 -4.55328e-07 0 -1.33443e-08)
(-2.10476e-07 0.00206309 0 2.19262e-07 0 -8.78661e-09)
(4.41361e-07 0.00234668 0 -3.81281e-07 0 -6.00801e-08)
(2.39733e-08 0.00234613 0 -5.2467e-08 0 2.84938e-08)
(4.30209e-07 0.00234867 0 -4.77685e-07 0 4.7476e-08)
(-1.83376e-07 0.0023505 0 1.94333e-07 0 -1.09574e-08)
(2.01665e-07 0.00266648 0 -2.33615e-07 0 3.19495e-08)
(5.29467e-08 0.00266673 0 -3.6972e-08 0 -1.59747e-08)
(6.06425e-07 0.0026676 0 -5.82399e-07 0 -2.40263e-08)
(-1.97087e-07 0.00266784 0 2.12018e-07 0 -1.49309e-08)
(5.51029e-07 0.00301662 0 -4.81641e-07 0 -6.93878e-08)
(4.91457e-08 0.00301706 0 -6.57574e-08 0 1.66118e-08)
(4.76375e-07 0.00301709 0 -5.30689e-07 0 5.43133e-08)
(-1.73146e-07 0.0030169 0 1.81729e-07 0 -8.58308e-09)
(2.94078e-07 0.00340137 0 -3.2524e-07 0 3.11618e-08)
(8.53337e-08 0.00340191 0 -8.63252e-08 0 9.91555e-10)
(6.04765e-07 0.00340243 0 -5.82204e-07 0 -2.25606e-08)
(-1.68037e-07 0.0034008 0 1.79955e-07 0 -1.19188e-08)
(5.8005e-07 0.00382273 0 -5.03217e-07 0 -7.68324e-08)
(5.43624e-08 0.00382434 0 -4.13418e-08 0 -1.30206e-08)
(4.13923e-07 0.00382324 0 -4.4079e-07 0 2.68671e-08)
(-1.74701e-07 0.00382046 0 1.80989e-07 0 -6.2885e-09)
(3.83779e-07 0.00428189 0 -4.34012e-07 0 5.0233e-08)
(1.20122e-07 0.00428236 0 -1.39066e-07 0 1.8944e-08)
(4.85889e-07 0.00428285 0 -4.72186e-07 0 -1.37025e-08)
(-1.80088e-07 0.00427983 0 1.97806e-07 0 -1.77177e-08)
(5.5105e-07 0.00478295 0 -5.01913e-07 0 -4.91369e-08)
(1.05539e-07 0.00478441 0 -1.12006e-07 0 6.46663e-09)
(3.34334e-07 0.0047835 0 -3.64387e-07 0 3.0053e-08)
(-1.93686e-07 0.00477929 0 2.01536e-07 0 -7.8491e-09)
(3.50608e-07 0.00532574 0 -3.58449e-07 0 7.84097e-09)
(1.20781e-07 0.00532431 0 -1.22146e-07 0 1.3654e-09)
(3.24952e-07 0.00532532 0 -3.19742e-07 0 -5.20972e-09)
(-2.10613e-07 0.00532238 0 2.18082e-07 0 -7.46927e-09)
(3.93956e-07 0.00591371 0 -3.64145e-07 0 -2.98105e-08)
(9.22667e-08 0.00591204 0 -9.97974e-08 0 7.53077e-09)
(2.56886e-07 0.00591213 0 -2.72796e-07 0 1.59097e-08)
(-2.16273e-07 0.00590943 0 2.25789e-07 0 -9.51611e-09)
(2.30413e-07 0.00654583 0 -2.24535e-07 0 -5.8781e-09)
(7.28915e-08 0.006543 0 -7.89042e-08 0 6.0127e-09)
(2.49439e-07 0.00654476 0 -2.54772e-07 0 5.33315e-09)
(-2.27089e-07 0.00654272 0 2.3474e-07 0 -7.65115e-09)
(1.76472e-07 0.00722611 0 -1.55074e-07 0 -2.1398e-08)
(5.45675e-08 0.00722372 0 -6.01451e-08 0 5.57758e-09)
(2.42755e-07 0.00722528 0 -2.53014e-07 0 1.02593e-08)
(-2.23604e-07 0.00722349 0 2.33647e-07 0 -1.00431e-08)
(5.18323e-08 0.00795519 0 -4.16032e-08 0 -1.02291e-08)
(4.50653e-08 0.00795327 0 -5.10756e-08 0 6.01028e-09)
(2.44994e-07 0.00795476 0 -2.52952e-07 0 7.95885e-09)
(-2.25033e-07 0.00795329 0 2.32399e-07 0 -7.36617e-09)
(-6.46272e-09 0.00873466 0 2.44503e-08 0 -1.79876e-08)
(3.99511e-08 0.00873388 0 -4.53172e-08 0 5.3661e-09)
(2.42484e-07 0.00873439 0 -2.5133e-07 0 8.84632e-09)
(-2.14876e-07 0.00873324 0 2.25112e-07 0 -1.02356e-08)
(-7.40635e-08 0.00956546 0 8.69653e-08 0 -1.29018e-08)
(3.6569e-08 0.00956587 0 -4.30755e-08 0 6.50649e-09)
(2.25206e-07 0.00956512 0 -2.34301e-07 0 9.09504e-09)
(-1.99665e-07 0.0095643 0 2.07863e-07 0 -8.19819e-09)
(-9.161e-08 0.0104482 0 1.07142e-07 0 -1.55316e-08)
(2.7101e-08 0.0104501 0 -3.09584e-08 0 3.85741e-09)
(1.88644e-07 0.0104477 0 -1.95779e-07 0 7.13533e-09)
(-1.66889e-07 0.0104473 0 1.75808e-07 0 -8.91892e-09)
(-9.25096e-08 0.0113834 0 1.04127e-07 0 -1.16178e-08)
(1.96721e-08 0.0113869 0 -2.66941e-08 0 7.02198e-09)
(1.33348e-07 0.011383 0 -1.41387e-07 0 8.03912e-09)
(-1.13574e-07 0.0113831 0 1.19802e-07 0 -6.22736e-09)
(-5.15104e-08 0.0123658 0 6.46949e-08 0 -1.31845e-08)
(1.05114e-08 0.0123709 0 -1.39701e-08 0 3.45866e-09)
(6.13397e-08 0.0123652 0 -6.89868e-08 0 7.64709e-09)
(-4.56645e-08 0.0123655 0 5.38921e-08 0 -8.22755e-09)
(-1.97094e-07 -0.005034 0 3.05487e-07 0 -1.08393e-07)
(8.4522e-08 -0.00513489 0 7.65674e-08 0 -1.61089e-07)
(4.30285e-07 -0.00521526 0 -4.06558e-07 0 -2.37272e-08)
(4.31385e-07 -0.00525765 0 -4.27768e-07 0 -3.61667e-09)
(-2.72161e-06 -0.00879053 0 2.25065e-06 0 4.70958e-07)
(-4.56874e-06 -0.00885629 0 3.69346e-06 0 8.75274e-07)
(-2.92888e-06 -0.00890918 0 2.38962e-06 0 5.39258e-07)
(-7.36077e-07 -0.00894297 0 5.4518e-07 0 1.90897e-07)
(-2.68071e-06 -0.00902491 0 2.8929e-06 0 -2.12186e-07)
(-4.1036e-06 -0.00897015 0 4.50092e-06 0 -3.97328e-07)
(-2.72452e-06 -0.00893263 0 3.01547e-06 0 -2.90947e-07)
(-6.02086e-07 -0.00891714 0 6.87581e-07 0 -8.54952e-08)
(-1.80507e-06 -0.00825807 0 1.89321e-06 0 -8.81301e-08)
(-2.52035e-06 -0.00821261 0 2.67748e-06 0 -1.57128e-07)
(-1.78084e-06 -0.00818657 0 1.86329e-06 0 -8.24592e-08)
(-2.22833e-07 -0.0081742 0 2.21671e-07 0 1.16258e-09)
(-1.05218e-06 -0.00753538 0 9.93986e-07 0 5.81988e-08)
(-1.2458e-06 -0.00749825 0 1.17472e-06 0 7.10771e-08)
(-1.18191e-06 -0.00748149 0 1.21347e-06 0 -3.15527e-08)
(-5.40275e-09 -0.00747254 0 2.29692e-08 0 -1.75664e-08)
(-5.80838e-07 -0.0068562 0 6.30863e-07 0 -5.00253e-08)
(-5.88755e-07 -0.00682762 0 6.1683e-07 0 -2.80748e-08)
(-8.37858e-07 -0.00681879 0 8.37646e-07 0 2.11642e-10)
(1.64845e-07 -0.00681265 0 -1.88681e-07 0 2.38357e-08)
(-4.73868e-08 -0.00622441 0 3.34023e-08 0 1.39845e-08)
(-4.69935e-08 -0.00620453 0 3.0472e-08 0 1.65215e-08)
(-6.45167e-07 -0.00619901 0 6.42469e-07 0 2.69793e-09)
(2.52069e-07 -0.00619419 0 -2.56756e-07 0 4.6865e-09)
(2.8134e-07 -0.00563697 0 -2.98994e-07 0 1.76539e-08)
(3.02157e-07 -0.00562384 0 -3.11632e-07 0 9.47515e-09)
(-5.01243e-07 -0.00562061 0 5.12806e-07 0 -1.1563e-08)
(3.51612e-07 -0.0056165 0 -3.6657e-07 0 1.4958e-08)
(5.44429e-07 -0.00509176 0 -5.3531e-07 0 -9.11849e-09)
(4.93524e-07 -0.00508331 0 -4.98733e-07 0 5.20987e-09)
(-4.04333e-07 -0.00508013 0 4.09616e-07 0 -5.283e-09)
(4.16212e-07 -0.00507745 0 -4.15592e-07 0 -6.19874e-10)
(7.51192e-07 -0.00458603 0 -7.44713e-07 0 -6.47881e-09)
(6.66017e-07 -0.00458269 0 -6.45395e-07 0 -2.06222e-08)
(-2.9996e-07 -0.00458015 0 3.09942e-07 0 -9.98229e-09)
(4.24083e-07 -0.00457705 0 -4.50955e-07 0 2.68718e-08)
(8.97215e-07 -0.00411998 0 -8.90294e-07 0 -6.92168e-09)
(7.20459e-07 -0.00411928 0 -7.5073e-07 0 3.02714e-08)
(-2.17825e-07 -0.0041144 0 2.29048e-07 0 -1.12226e-08)
(4.45641e-07 -0.00411293 0 -4.25843e-07 0 -1.97972e-08)
(9.77234e-07 -0.00368914 0 -1.03161e-06 0 5.43782e-08)
(8.88731e-07 -0.00369356 0 -8.98619e-07 0 9.88775e-09)
(-6.59354e-08 -0.00368948 0 5.82899e-08 0 7.64543e-09)
(3.47572e-07 -0.00368562 0 -3.75296e-07 0 2.77244e-08)
(7.96934e-07 -0.00329881 0 -7.49314e-07 0 -4.76195e-08)
(7.08381e-07 -0.00329859 0 -7.32286e-07 0 2.39056e-08)
(4.94218e-08 -0.003295 0 -3.59164e-08 0 -1.35054e-08)
(4.54886e-07 -0.00329563 0 -4.39923e-07 0 -1.49636e-08)
(9.37049e-07 -0.00293375 0 -1.00413e-06 0 6.70823e-08)
(1.01499e-06 -0.00293809 0 -1.0185e-06 0 3.50681e-09)
(1.74833e-08 -0.00293617 0 -4.9489e-09 0 -1.25344e-08)
(2.57467e-07 -0.00293429 0 -2.93757e-07 0 3.62902e-08)
(6.06377e-07 -0.00260605 0 -5.55229e-07 0 -5.11487e-08)
(6.01045e-07 -0.00260854 0 -5.93037e-07 0 -8.00801e-09)
(1.79149e-07 -0.00260564 0 -1.63666e-07 0 -1.54834e-08)
(4.75086e-07 -0.0026065 0 -4.76311e-07 0 1.22451e-09)
(6.73028e-07 -0.00230172 0 -6.27135e-07 0 -4.58931e-08)
(9.57409e-07 -0.00230748 0 -8.8432e-07 0 -7.30889e-08)
(1.1303e-07 -0.00230538 0 -1.23168e-07 0 1.01386e-08)
(1.84915e-07 -0.00230358 0 -2.10876e-07 0 2.59605e-08)
(5.43882e-07 -0.00202971 0 -5.91735e-07 0 4.78535e-08)
(5.47993e-07 -0.00203737 0 -6.0395e-07 0 5.59572e-08)
(2.76235e-07 -0.00203267 0 -2.22534e-07 0 -5.37008e-08)
(4.90036e-07 -0.00203041 0 -4.83347e-07 0 -6.68957e-09)
(4.2585e-07 -0.00177739 0 -4.09871e-07 0 -1.59793e-08)
(8.91474e-07 -0.00178179 0 -8.4638e-07 0 -4.50935e-08)
(3.63093e-07 -0.00177776 0 -3.86105e-07 0 2.30113e-08)
(2.5177e-07 -0.00177897 0 -2.8927e-07 0 3.75002e-08)
(5.35605e-07 -0.00154717 0 -5.48283e-07 0 1.26778e-08)
(5.80752e-07 -0.00155593 0 -6.76782e-07 0 9.60295e-08)
(4.06442e-07 -0.00154841 0 -3.84232e-07 0 -2.22101e-08)
(3.29644e-07 -0.00155115 0 -2.89058e-07 0 -4.05864e-08)
(3.00607e-07 -0.00134065 0 -3.25839e-07 0 2.5232e-08)
(8.33023e-07 -0.00134418 0 -7.66712e-07 0 -6.63111e-08)
(4.79858e-07 -0.00133569 0 -4.55293e-07 0 -2.45654e-08)
(3.8807e-08 -0.00134555 0 -1.05337e-07 0 6.65303e-08)
(4.55394e-07 -0.00115393 0 -4.4023e-07 0 -1.51636e-08)
(7.43498e-07 -0.00115782 0 -8.32373e-07 0 8.88755e-08)
(4.28317e-07 -0.00114639 0 -4.68722e-07 0 4.04049e-08)
(-2.42777e-07 -0.00115302 0 2.88977e-07 0 -4.62e-08)
(2.17431e-07 -0.000983738 0 -2.31162e-07 0 1.3731e-08)
(1.06033e-06 -0.00098304 0 -9.65877e-07 0 -9.44565e-08)
(6.06183e-07 -0.000976066 0 -5.43345e-07 0 -6.28384e-08)
(-5.5991e-07 -0.000984988 0 5.07463e-07 0 5.24467e-08)
(5.24635e-07 -0.000828762 0 -4.86545e-07 0 -3.80899e-08)
(9.96893e-07 -0.000830225 0 -1.07946e-06 0 8.25699e-08)
(3.76645e-07 -0.000823416 0 -4.25559e-07 0 4.89145e-08)
(-8.1807e-07 -0.000828873 0 8.30296e-07 0 -1.22256e-08)
(2.92196e-07 -0.000685642 0 -3.59572e-07 0 6.73765e-08)
(1.28765e-06 -0.000684559 0 -1.23897e-06 0 -4.868e-08)
(6.43498e-07 -0.000681934 0 -5.68205e-07 0 -7.52927e-08)
(-1.06537e-06 -0.000687483 0 1.03669e-06 0 2.86803e-08)
(6.70979e-07 -0.000556053 0 -6.31718e-07 0 -3.92616e-08)
(1.13323e-06 -0.000556963 0 -1.22549e-06 0 9.22607e-08)
(3.15041e-07 -0.000553716 0 -3.95125e-07 0 8.0084e-08)
(-1.24485e-06 -0.000556412 0 1.24076e-06 0 4.09024e-09)
(2.87913e-07 -0.000433341 0 -3.09591e-07 0 2.16777e-08)
(1.30628e-06 -0.000432712 0 -1.19599e-06 0 -1.10284e-07)
(6.12285e-07 -0.000433416 0 -4.82748e-07 0 -1.29537e-07)
(-1.40136e-06 -0.000434828 0 1.39723e-06 0 4.12826e-09)
(7.84865e-07 -0.000320822 0 -7.11347e-07 0 -7.35183e-08)
(1.10765e-06 -0.000321841 0 -1.17494e-06 0 6.72901e-08)
(2.73427e-07 -0.00032215 0 -3.77735e-07 0 1.04309e-07)
(-1.44152e-06 -0.000321164 0 1.41262e-06 0 2.88993e-08)
(4.10684e-07 -0.000211058 0 -5.01483e-07 0 9.07993e-08)
(1.32399e-06 -0.000211006 0 -1.27445e-06 0 -4.95412e-08)
(6.42087e-07 -0.000215544 0 -5.15138e-07 0 -1.2695e-07)
(-1.50163e-06 -0.000212687 0 1.50512e-06 0 -3.48943e-09)
(8.4169e-07 -0.000110074 0 -6.80851e-07 0 -1.60839e-07)
(9.08342e-07 -0.000111349 0 -9.25052e-07 0 1.67099e-08)
(2.05175e-07 -0.000113821 0 -2.92539e-07 0 8.73639e-08)
(-1.41838e-06 -0.000108396 0 1.40989e-06 0 8.48921e-09)
(5.49857e-07 -9.53498e-06 0 -7.87455e-07 0 2.37597e-07)
(1.31071e-06 -9.92741e-06 0 -1.37268e-06 0 6.19702e-08)
(8.35851e-07 -1.38884e-05 0 -7.99578e-07 0 -3.62733e-08)
(-1.2764e-06 -5.79792e-06 0 1.23175e-06 0 4.46535e-08)
(8.22926e-07 9.20953e-05 0 -7.03722e-07 0 -1.19204e-07)
(8.08647e-07 9.05041e-05 0 -8.70901e-07 0 6.22542e-08)
(3.14141e-07 8.47439e-05 0 -3.68094e-07 0 5.39523e-08)
(-1.05564e-06 9.53557e-05 0 1.06601e-06 0 -1.03724e-08)
(2.53974e-07 0.000194307 0 -3.12482e-07 0 5.85082e-08)
(8.84363e-07 0.000193752 0 -7.66012e-07 0 -1.18351e-07)
(9.39102e-07 0.000185365 0 -8.39824e-07 0 -9.92786e-08)
(-7.88231e-07 0.000195506 0 7.52368e-07 0 3.5863e-08)
(6.8993e-07 0.000304364 0 -6.4227e-07 0 -4.76601e-08)
(5.79692e-07 0.000302915 0 -7.11983e-07 0 1.32291e-07)
(4.26677e-07 0.000291669 0 -5.3017e-07 0 1.03493e-07)
(-4.52886e-07 0.000301944 0 4.4825e-07 0 4.63517e-09)
(1.32059e-08 0.000415373 0 -1.87146e-08 0 5.50863e-09)
(4.39169e-07 0.000415533 0 -3.00318e-07 0 -1.38852e-07)
(8.5992e-07 0.000410509 0 -7.09632e-07 0 -1.50288e-07)
(-3.51286e-07 0.000416378 0 3.51591e-07 0 -3.05126e-10)
(3.2519e-07 0.000541614 0 -2.59856e-07 0 -6.53342e-08)
(3.66392e-07 0.000543138 0 -4.48997e-07 0 8.2605e-08)
(4.69597e-07 0.000535034 0 -5.83631e-07 0 1.14034e-07)
(-2.05088e-07 0.000538284 0 1.82265e-07 0 2.28224e-08)
(-5.23052e-08 0.000668255 0 -5.70239e-08 0 1.09329e-07)
(3.53504e-07 0.000669582 0 -3.49993e-07 0 -3.51106e-09)
(7.62003e-07 0.00067038 0 -6.71903e-07 0 -9.01002e-08)
(-1.46648e-07 0.000671164 0 1.36927e-07 0 9.72099e-09)
(5.01356e-08 0.000821868 0 1.24503e-08 0 -6.25859e-08)
(3.50779e-07 0.00082233 0 -3.4873e-07 0 -2.04855e-09)
(4.55724e-07 0.000817371 0 -4.99465e-07 0 4.3741e-08)
(-1.25083e-07 0.000814423 0 1.21599e-07 0 3.48367e-09)
(-1.32948e-07 0.000980621 0 1.06586e-07 0 2.6362e-08)
(2.30687e-07 0.000974835 0 -2.56215e-07 0 2.55277e-08)
(5.42101e-07 0.000976114 0 -4.92509e-07 0 -4.95915e-08)
(-6.42437e-08 0.000973399 0 4.75931e-08 0 1.66506e-08)
(-1.85642e-07 0.00115518 0 2.03429e-07 0 -1.7787e-08)
(1.86472e-07 0.0011523 0 -1.72434e-07 0 -1.40375e-08)
(3.90643e-07 0.00115216 0 -4.14031e-07 0 2.33881e-08)
(-5.03767e-08 0.00114563 0 4.44968e-08 0 5.87986e-09)
(-4.28763e-07 0.00134819 0 4.07583e-07 0 2.11807e-08)
(1.21913e-07 0.00134257 0 -1.41356e-07 0 1.9443e-08)
(3.36374e-07 0.00134448 0 -3.00797e-07 0 -3.55772e-08)
(2.40866e-08 0.00133896 0 -3.72383e-08 0 1.31517e-08)
(-5.92378e-07 0.00156306 0 6.04375e-07 0 -1.1997e-08)
(6.99158e-08 0.00155862 0 -6.53797e-08 0 -4.53605e-09)
(2.60241e-07 0.00155766 0 -2.7112e-07 0 1.08789e-08)
(7.52899e-08 0.0015521 0 -8.16314e-08 0 6.34158e-09)
(-7.88568e-07 0.00179897 0 7.78149e-07 0 1.04193e-08)
(-5.6788e-08 0.00179372 0 3.3713e-08 0 2.3075e-08)
(1.29688e-07 0.00179555 0 -1.02416e-07 0 -2.72723e-08)
(2.27394e-07 0.00179608 0 -2.35314e-07 0 7.91941e-09)
(-9.34106e-07 0.00206098 0 9.41033e-07 0 -6.92628e-09)
(-6.38457e-08 0.00205695 0 8.59019e-08 0 -2.20562e-08)
(2.87834e-07 0.00205506 0 -2.45221e-07 0 -4.26131e-08)
(2.82087e-07 0.00205591 0 -3.23386e-07 0 4.12988e-08)
(-1.01747e-06 0.00234927 0 1.02623e-06 0 -8.76193e-09)
(-2.58352e-07 0.00234525 0 2.373e-07 0 2.1052e-08)
(1.58924e-07 0.0023437 0 -1.93318e-07 0 3.43945e-08)
(4.48008e-07 0.00234447 0 -4.39673e-07 0 -8.33483e-09)
(-1.10634e-06 0.00266785 0 1.10614e-06 0 2.01052e-10)
(-2.46532e-07 0.00266521 0 2.63535e-07 0 -1.70037e-08)
(2.94106e-07 0.00266268 0 -2.81837e-07 0 -1.22684e-08)
(3.67275e-07 0.00266316 0 -3.91788e-07 0 2.45125e-08)
(-1.10349e-06 0.00301789 0 1.10655e-06 0 -3.0603e-09)
(-4.18767e-07 0.0030155 0 3.84051e-07 0 3.47163e-08)
(1.08192e-07 0.00301357 0 -1.58432e-07 0 5.02403e-08)
(5.70953e-07 0.00301426 0 -5.56394e-07 0 -1.45594e-08)
(-1.15021e-06 0.00340232 0 1.14353e-06 0 6.68042e-09)
(-3.879e-07 0.0034013 0 4.00653e-07 0 -1.27523e-08)
(2.47136e-07 0.0033998 0 -2.27626e-07 0 -1.95097e-08)
(4.6715e-07 0.00340081 0 -4.87375e-07 0 2.02258e-08)
(-1.08759e-06 0.00382306 0 1.0879e-06 0 -3.07055e-10)
(-5.09733e-07 0.00382232 0 4.8023e-07 0 2.95023e-08)
(4.58353e-08 0.00382103 0 -4.83272e-08 0 2.4919e-09)
(6.16533e-07 0.00382222 0 -5.92802e-07 0 -2.37311e-08)
(-1.09359e-06 0.00428234 0 1.0896e-06 0 3.99001e-09)
(-4.61187e-07 0.0042829 0 4.77741e-07 0 -1.65543e-08)
(2.0793e-07 0.00428232 0 -1.51422e-07 0 -5.6508e-08)
(5.58722e-07 0.00428405 0 -6.1162e-07 0 5.28973e-08)
(-1.00082e-06 0.00478229 0 1.01417e-06 0 -1.335e-08)
(-5.24975e-07 0.00478316 0 5.08664e-07 0 1.63107e-08)
(1.01833e-07 0.00478207 0 -1.20668e-07 0 1.8835e-08)
(6.18264e-07 0.00478413 0 -6.08477e-07 0 -9.78658e-09)
(-9.58863e-07 0.0053247 0 9.47168e-07 0 1.1695e-08)
(-4.56199e-07 0.00532656 0 4.59254e-07 0 -3.05424e-09)
(2.62464e-07 0.00532635 0 -2.27297e-07 0 -3.51662e-08)
(5.65339e-07 0.00532959 0 -5.93804e-07 0 2.84654e-08)
(-8.57392e-07 0.00591165 0 8.64787e-07 0 -7.39469e-09)
(-4.73016e-07 0.00591384 0 4.58752e-07 0 1.42637e-08)
(2.0072e-07 0.00591194 0 -2.16184e-07 0 1.54646e-08)
(6.10384e-07 0.00591523 0 -6.11468e-07 0 1.08326e-09)
(-8.15887e-07 0.00654457 0 8.06718e-07 0 9.16913e-09)
(-4.40823e-07 0.00654777 0 4.37387e-07 0 3.43642e-09)
(3.12716e-07 0.00654654 0 -2.80772e-07 0 -3.19438e-08)
(6.13584e-07 0.00654976 0 -6.3035e-07 0 1.67655e-08)
(-6.87248e-07 0.00722534 0 6.91878e-07 0 -4.6305e-09)
(-4.12989e-07 0.00723041 0 4.03925e-07 0 9.06408e-09)
(2.60383e-07 0.007228 0 -2.68514e-07 0 8.13088e-09)
(5.92233e-07 0.00722894 0 -5.97843e-07 0 5.60939e-09)
(-5.89659e-07 0.00795503 0 5.83953e-07 0 5.70646e-09)
(-3.50869e-07 0.00796038 0 3.45792e-07 0 5.07703e-09)
(2.72523e-07 0.00795891 0 -2.48777e-07 0 -2.37464e-08)
(5.50051e-07 0.00795885 0 -5.65544e-07 0 1.54926e-08)
(-4.50254e-07 0.00873519 0 4.53414e-07 0 -3.16074e-09)
(-2.85114e-07 0.00874095 0 2.77131e-07 0 7.98242e-09)
(2.03608e-07 0.00873958 0 -2.05285e-07 0 1.67708e-09)
(4.71223e-07 0.00873757 0 -4.79295e-07 0 8.07158e-09)
(-3.35353e-07 0.00956652 0 3.31969e-07 0 3.38408e-09)
(-2.03218e-07 0.00957141 0 1.96903e-07 0 6.31506e-09)
(1.64874e-07 0.00957133 0 -1.4596e-07 0 -1.89144e-08)
(3.85293e-07 0.00956849 0 -3.9965e-07 0 1.43565e-08)
(-2.10547e-07 0.0104502 0 2.10589e-07 0 -4.20241e-11)
(-1.23453e-07 0.0104542 0 1.14166e-07 0 9.28671e-09)
(1.00356e-07 0.0104547 0 -9.56382e-08 0 -4.71802e-09)
(2.76396e-07 0.0104506 0 -2.85327e-07 0 8.93017e-09)
(-1.09884e-07 0.0113866 0 1.08768e-07 0 1.11637e-09)
(-5.50927e-08 0.0113885 0 5.13107e-08 0 3.78193e-09)
(5.31153e-08 0.0113901 0 -3.96466e-08 0 -1.34686e-08)
(1.64732e-07 0.0113858 0 -1.75893e-07 0 1.11606e-08)
(-2.98481e-08 0.0123695 0 3.00536e-08 0 -2.05518e-10)
(-9.1623e-09 0.0123697 0 3.53182e-09 0 5.63047e-09)
(9.97325e-09 0.0123717 0 -5.67067e-09 0 -4.30259e-09)
(5.41049e-08 0.0123673 0 -6.30328e-08 0 8.92788e-09)
)
;

boundaryField
{
    topWall
    {
        type            calculated;
        value           nonuniform List<symmTensor> 8((-4.33973e-08 0.0128673 0 4.84688e-08 0 -5.07146e-09) (5.11934e-09 0.0128731 0 -3.18591e-09 0 -1.93343e-09) (4.64095e-08 0.0128664 0 -3.91265e-08 0 -7.28305e-09) (-3.71762e-08 0.0128666 0 3.69154e-08 0 2.60799e-10) (-1.50392e-08 0.0128709 0 4.35861e-10 0 1.46034e-08) (3.20533e-09 0.0128702 0 -2.12034e-08 0 1.79981e-08) (-5.27525e-09 0.0128727 0 2.48263e-08 0 -1.95511e-08) (4.60255e-08 0.0128685 0 -4.6874e-08 0 8.48491e-10));
    }
    botWall
    {
        type            calculated;
        value           nonuniform List<symmTensor> 8((4.06645e-07 -0.00128353 0 -7.29235e-07 0 3.2259e-07) (-7.59916e-08 -0.00128058 0 1.15829e-07 0 -3.98377e-08) (-6.8212e-08 -0.00128787 0 4.84106e-08 0 1.98014e-08) (-2.13504e-09 -0.00129115 0 2.54088e-08 0 -2.32738e-08) (5.76614e-08 -0.00128534 0 -6.25704e-08 0 4.90908e-09) (-4.04431e-08 -0.00128482 0 4.1293e-08 0 -8.49902e-10) (-3.39658e-08 -0.00129009 0 1.91371e-08 0 1.48287e-08) (2.44463e-08 -0.00129067 0 5.71557e-09 0 -3.01619e-08));
    }
    inlet
    {
        type            cyclic;
    }
    outlet
    {
        type            cyclic;
    }
    fixWall
    {
        type            empty;
    }
}


// ************************************************************************* //
