/*--------------------------------*- C++ -*----------------------------------*\
  =========                 |
  \\      /  F ield         | OpenFOAM: The Open Source CFD Toolbox
   \\    /   O peration     | Website:  https://openfoam.org
    \\  /    A nd           | Version:  dev
     \\/     M anipulation  |

   OpenFOAM for Windows 20.09 (v1)
   Built by CFD Support, www.cfdsupport.com (based on Symscape).
\*---------------------------------------------------------------------------*/
FoamFile
{
    version     2.0;
    format      ascii;
    class       volTensorField;
    location    "10";
    object      gradU;
}
// * * * * * * * * * * * * * * * * * * * * * * * * * * * * * * * * * * * * * //

dimensions      [0 0 -1 0 0 0 0];

internalField   nonuniform List<tensor> 
960
(
(-0.000222747 -1.32268e-06 0 6.56156 0.00108229 0 0 0 0)
(9.58077e-05 -1.19298e-05 0 6.55807 -0.000377098 0 0 0 0)
(0.000233235 1.18129e-06 0 6.57149 -0.000117741 0 0 0 0)
(-5.60177e-05 1.06098e-06 0 6.57789 -3.14097e-05 0 0 0 0)
(2.41135e-05 -3.91076e-06 0 6.06601 -9.2535e-05 0 0 0 0)
(6.97602e-05 -8.0708e-06 0 6.07312 -0.000184457 0 0 0 0)
(9.7038e-05 4.58019e-06 0 6.06301 -6.20562e-05 0 0 0 0)
(-0.000359308 6.02221e-06 0 6.05647 0.000200603 0 0 0 0)
(0.00023525 -3.70557e-06 0 5.57093 -0.000314718 0 0 0 0)
(4.57354e-05 -1.14218e-05 0 5.57482 -2.20499e-05 0 0 0 0)
(-4.42608e-05 7.59895e-06 0 5.56736 0.000110504 0 0 0 0)
(-0.00067744 1.15229e-05 0 5.55811 0.000498706 0 0 0 0)
(0.000392193 -1.92994e-06 0 5.10279 -0.000542085 0 0 0 0)
(1.02533e-05 -9.83768e-07 0 5.10404 1.59351e-05 0 0 0 0)
(-0.000181516 1.32594e-05 0 5.098 0.000251817 0 0 0 0)
(-0.000980613 1.75306e-05 0 5.0882 0.000804154 0 0 0 0)
(0.000509264 1.35427e-06 0 4.66162 -0.000563804 0 0 0 0)
(-3.41032e-05 1.80988e-06 0 4.66118 4.64574e-05 0 0 0 0)
(-0.000308265 2.07359e-05 0 4.65582 0.000374105 0 0 0 0)
(-0.00124624 2.35669e-05 0 4.64678 0.00107398 0 0 0 0)
(0.000592158 6.00478e-06 0 4.24745 -0.00060082 0 0 0 0)
(-8.63687e-05 1.4648e-05 0 4.24594 9.76473e-05 0 0 0 0)
(-0.00042164 3.03849e-05 0 4.24088 0.000488956 0 0 0 0)
(-0.00146861 2.96501e-05 0 4.23306 0.00129698 0 0 0 0)
(0.000648355 1.20758e-05 0 3.85953 -0.000598938 0 0 0 0)
(-0.000143482 1.99728e-05 0 3.85769 0.000154942 0 0 0 0)
(-0.000522903 4.07248e-05 0 3.85297 0.000584698 0 0 0 0)
(-0.00164598 3.54119e-05 0 3.84639 0.001475 0 0 0 0)
(0.000683012 1.93254e-05 0 3.49739 -0.000765292 0 0 0 0)
(-0.000195767 3.43753e-05 0 3.49581 0.000214053 0 0 0 0)
(-0.000610014 5.23858e-05 0 3.49134 0.000675974 0 0 0 0)
(-0.00178475 4.10562e-05 0 3.48591 0.00161338 0 0 0 0)
(0.000703889 2.75407e-05 0 3.16059 -0.000657694 0 0 0 0)
(-0.000244338 4.39939e-05 0 3.15956 0.000262208 0 0 0 0)
(-0.000687892 6.40468e-05 0 3.15529 0.000746565 0 0 0 0)
(-0.00188434 4.61649e-05 0 3.15083 0.00171088 0 0 0 0)
(0.000711288 3.65572e-05 0 2.84829 -0.000800835 0 0 0 0)
(-0.000284098 5.77796e-05 0 2.84805 0.000302716 0 0 0 0)
(-0.000755428 7.65303e-05 0 2.84412 0.000818276 0 0 0 0)
(-0.0019539 5.11306e-05 0 2.84027 0.0017889 0 0 0 0)
(0.000709704 4.58172e-05 0 2.55989 -0.000671572 0 0 0 0)
(-0.000313947 7.09791e-05 0 2.56039 0.00034429 0 0 0 0)
(-0.000817465 8.88166e-05 0 2.55667 0.000874918 0 0 0 0)
(-0.00199267 5.53429e-05 0 2.5533 0.00181937 0 0 0 0)
(0.000699362 5.56854e-05 0 2.29456 -0.000831163 0 0 0 0)
(-0.000337744 8.35544e-05 0 2.29564 0.000295711 0 0 0 0)
(-0.000873554 0.000101115 0 2.29174 0.000935438 0 0 0 0)
(-0.00200677 5.93352e-05 0 2.28874 0.00183289 0 0 0 0)
(0.000686642 6.39616e-05 0 2.05121 -0.000716719 0 0 0 0)
(-0.000360996 0.000100422 0 2.05284 0.000353252 0 0 0 0)
(-0.000932503 0.000114436 0 2.0489 0.000986753 0 0 0 0)
(-0.00198917 6.29184e-05 0 2.04618 0.00183284 0 0 0 0)
(0.000673668 7.427e-05 0 1.82874 -0.000623756 0 0 0 0)
(-0.000376152 0.000111946 0 1.83104 0.000432075 0 0 0 0)
(-0.000984498 0.000125775 0 1.82762 0.00105807 0 0 0 0)
(-0.00195963 6.60533e-05 0 1.82462 0.00177571 0 0 0 0)
(0.000668446 8.40894e-05 0 1.62611 -0.000694282 0 0 0 0)
(-0.000379609 0.000128453 0 1.62896 0.00044907 0 0 0 0)
(-0.00103943 0.00013683 0 1.62654 0.00111001 0 0 0 0)
(-0.00191893 6.595e-05 0 1.62292 0.0017688 0 0 0 0)
(0.000649818 9.4454e-05 0 1.44215 -0.00059019 0 0 0 0)
(-0.00036903 0.000142017 0 1.44601 0.000458783 0 0 0 0)
(-0.0010852 0.00014777 0 1.44302 0.00112133 0 0 0 0)
(-0.00188566 6.65952e-05 0 1.43978 0.00176146 0 0 0 0)
(0.000652055 0.000104126 0 1.27585 -0.000645132 0 0 0 0)
(-0.00036518 0.000156978 0 1.28064 0.000419998 0 0 0 0)
(-0.00114334 0.000158541 0 1.27674 0.00119434 0 0 0 0)
(-0.00182053 6.53652e-05 0 1.27475 0.0016736 0 0 0 0)
(0.000653417 0.000112629 0 1.12639 -0.000746385 0 0 0 0)
(-0.000354159 0.000172675 0 1.13109 0.000347065 0 0 0 0)
(-0.0011833 0.000168663 0 1.12781 0.00122214 0 0 0 0)
(-0.00175369 6.28101e-05 0 1.12693 0.00161103 0 0 0 0)
(0.000645361 0.000120155 0 0.992825 -0.000689871 0 0 0 0)
(-0.00034156 0.000189787 0 0.9973 0.000309863 0 0 0 0)
(-0.00121272 0.000179607 0 0.994479 0.00126408 0 0 0 0)
(-0.00167415 6.14729e-05 0 0.994534 0.00154112 0 0 0 0)
(0.00063956 0.000126697 0 0.874011 -0.000656913 0 0 0 0)
(-0.000326589 0.000205241 0 0.878271 0.000350002 0 0 0 0)
(-0.00122939 0.000189184 0 0.875846 0.00128446 0 0 0 0)
(-0.00159312 5.83625e-05 0 0.876828 0.00143948 0 0 0 0)
(0.000631208 0.000134027 0 0.768994 -0.000675952 0 0 0 0)
(-0.000310976 0.000222143 0 0.77297 0.000338454 0 0 0 0)
(-0.00123678 0.000197765 0 0.770855 0.00128467 0 0 0 0)
(-0.00150097 5.43384e-05 0 0.772691 0.00136113 0 0 0 0)
(0.000625153 0.000139711 0 0.676804 -0.000642606 0 0 0 0)
(-0.000295572 0.000237918 0 0.680567 0.000324501 0 0 0 0)
(-0.00123403 0.000206229 0 0.67878 0.00128633 0 0 0 0)
(-0.00140331 5.03175e-05 0 0.681483 0.00125549 0 0 0 0)
(0.000620032 0.000145427 0 0.59665 -0.00065904 0 0 0 0)
(-0.00027805 0.000254292 0 0.600123 0.000306802 0 0 0 0)
(-0.00122153 0.000213282 0 0.598628 0.00127687 0 0 0 0)
(-0.00129409 4.56983e-05 0 0.602251 0.0011438 0 0 0 0)
(0.000615438 0.000150091 0 0.527698 -0.000639462 0 0 0 0)
(-0.000262618 0.000270183 0 0.530801 0.000293529 0 0 0 0)
(-0.00119856 0.000220179 0 0.529733 0.00124558 0 0 0 0)
(-0.00117525 4.07017e-05 0 0.534348 0.00103193 0 0 0 0)
(0.000606593 0.000154383 0 0.469415 -0.000656984 0 0 0 0)
(-0.000244136 0.000285709 0 0.472008 0.000257775 0 0 0 0)
(-0.00116241 0.000225588 0 0.47131 0.00119025 0 0 0 0)
(-0.0010426 3.62072e-05 0 0.477005 0.0008906 0 0 0 0)
(0.000595372 0.000157601 0 0.421119 -0.000639977 0 0 0 0)
(-0.000231035 0.00030097 0 0.42308 0.000265515 0 0 0 0)
(-0.00111527 0.000230726 0 0.422862 0.00122054 0 0 0 0)
(-0.000896505 3.17166e-05 0 0.429648 0.000741928 0 0 0 0)
(0.000571003 0.000161304 0 0.382747 -0.000567018 0 0 0 0)
(-0.000215093 0.000316718 0 0.38357 0.000274953 0 0 0 0)
(-0.00105295 0.000233529 0 0.383677 0.00108343 0 0 0 0)
(-0.00073492 2.38771e-05 0 0.391512 0.000580773 0 0 0 0)
(0.000535532 0.000163021 0 0.353507 -0.000617753 0 0 0 0)
(-0.000215536 0.000328478 0 0.352713 0.000200469 0 0 0 0)
(-0.000982916 0.000235823 0 0.353283 0.00105128 0 0 0 0)
(-0.000555461 2.2842e-05 0 0.362336 0.000388985 0 0 0 0)
(0.000463148 0.000165047 0 0.33359 -0.000496872 0 0 0 0)
(-0.00021882 0.000344535 0 0.330317 0.000268575 0 0 0 0)
(-0.000892571 0.000236671 0 0.33137 0.0010464 0 0 0 0)
(-0.000358865 1.49291e-05 0 0.341299 0.000150175 0 0 0 0)
(0.000353544 0.000167738 0 0.320543 -0.000334796 0 0 0 0)
(-0.000252538 0.000354199 0 0.309608 0.000289948 0 0 0 0)
(-0.00079989 0.00023385 0 0.315631 0.000794437 0 0 0 0)
(-0.000147096 1.22497e-05 0 0.328084 -7.49622e-05 0 0 0 0)
(7.9939e-05 0.000167586 0 0.315462 -0.000277139 0 0 0 0)
(-0.000300684 0.000363356 0 0.300593 0.000320393 0 0 0 0)
(-0.000584626 0.000230589 0 0.310449 0.000634423 0 0 0 0)
(0.000135796 1.10528e-05 0 0.324529 -0.000213555 0 0 0 0)
(-8.85399e-05 0.00017014 0 0.320087 7.18042e-05 0 0 0 0)
(-0.000336092 0.000369392 0 0.309614 0.000531033 0 0 0 0)
(-0.000400956 0.000224951 0 0.317745 0.000303775 0 0 0 0)
(0.000381959 3.70415e-06 0 0.33065 -0.000352771 0 0 0 0)
(-0.000213815 0.000171788 0 0.332909 0.000144004 0 0 0 0)
(-0.000339725 0.000367222 0 0.326065 0.000469895 0 0 0 0)
(-0.000234035 0.000215859 0 0.333042 0.000109677 0 0 0 0)
(0.00059374 3.80496e-06 0 0.344747 -0.000573995 0 0 0 0)
(-0.000294763 0.000172043 0 0.354251 0.000189709 0 0 0 0)
(-0.000333882 0.00036882 0 0.349996 0.000436669 0 0 0 0)
(-8.95772e-05 0.000207553 0 0.35635 3.39279e-05 0 0 0 0)
(0.000767319 -5.58232e-07 0 0.366447 -0.000747773 0 0 0 0)
(-0.000346558 0.000173675 0 0.383857 0.000311097 0 0 0 0)
(-0.000304747 0.000364626 0 0.381505 0.000483863 0 0 0 0)
(4.01418e-05 0.000196118 0 0.387671 -0.000164452 0 0 0 0)
(0.000904731 -1.18944e-06 0 0.396186 -0.000888811 0 0 0 0)
(-0.0003694 0.00017367 0 0.42231 0.000272751 0 0 0 0)
(-0.000270311 0.000360894 0 0.421308 0.000382037 0 0 0 0)
(0.000155095 0.000184675 0 0.427459 -0.000261271 0 0 0 0)
(0.00100873 -7.90247e-07 0 0.434216 -0.000986278 0 0 0 0)
(-0.000371865 0.000173865 0 0.469703 0.000289497 0 0 0 0)
(-0.000218928 0.000355725 0 0.469596 0.000347878 0 0 0 0)
(0.000255276 0.000173313 0 0.47605 -0.000352332 0 0 0 0)
(0.00107889 2.16361e-07 0 0.481209 -0.00106045 0 0 0 0)
(-0.000361855 0.000173193 0 0.526545 0.000281757 0 0 0 0)
(-0.000164534 0.000350197 0 0.527107 0.000307723 0 0 0 0)
(0.000348633 0.000161202 0 0.533914 -0.000450955 0 0 0 0)
(0.00112306 1.8437e-06 0 0.537593 -0.00110788 0 0 0 0)
(-0.00034254 0.000172384 0 0.593217 0.000268302 0 0 0 0)
(-9.61056e-05 0.000343513 0 0.594273 0.000233812 0 0 0 0)
(0.000430045 0.000149719 0 0.601655 -0.000527852 0 0 0 0)
(0.00113899 5.10712e-06 0 0.604038 -0.00111882 0 0 0 0)
(-0.000320422 0.000170764 0 0.670397 0.000247399 0 0 0 0)
(-2.3892e-05 0.000336927 0 0.67159 0.000186082 0 0 0 0)
(0.000511384 0.000138659 0 0.679528 -0.000595006 0 0 0 0)
(0.00113547 8.17263e-06 0 0.680899 -0.0011308 0 0 0 0)
(-0.000300798 0.000168916 0 0.758731 0.000204766 0 0 0 0)
(5.60771e-05 0.000329473 0 0.759626 6.00585e-05 0 0 0 0)
(0.000585191 0.000127771 0 0.768163 -0.000709804 0 0 0 0)
(0.00111313 1.25072e-05 0 0.768924 -0.00108786 0 0 0 0)
(-0.000292457 0.00016537 0 0.858956 0.000215545 0 0 0 0)
(0.000133301 0.000321685 0 0.859678 -1.86788e-05 0 0 0 0)
(0.000666356 0.000119527 0 0.868635 -0.000753145 0 0 0 0)
(0.00108443 1.88307e-05 0 0.868422 -0.00107313 0 0 0 0)
(-0.000287048 0.000161374 0 0.971796 0.000214172 0 0 0 0)
(0.000217393 0.000313328 0 0.972636 -6.66727e-05 0 0 0 0)
(0.000730921 0.000110197 0 0.981978 -0.000842516 0 0 0 0)
(0.00103693 2.45797e-05 0 0.980352 -0.00103828 0 0 0 0)
(-0.00028462 0.000156656 0 1.09759 0.000159786 0 0 0 0)
(0.000302999 0.000304073 0 1.09926 -0.000209105 0 0 0 0)
(0.000794964 0.000103333 0 1.10933 -0.000913909 0 0 0 0)
(0.000983319 3.11921e-05 0 1.10535 -0.000935725 0 0 0 0)
(-0.000282449 0.000150644 0 1.23822 0.00025962 0 0 0 0)
(0.000413134 0.000295434 0 1.24088 -0.000244055 0 0 0 0)
(0.000832343 9.80867e-05 0 1.2499 -0.00081469 0 0 0 0)
(0.000897561 3.9411e-05 0 1.24274 -0.000907646 0 0 0 0)
(-0.000263996 0.000144726 0 1.39389 0.000275353 0 0 0 0)
(0.000497745 0.000286168 0 1.39538 -0.000420012 0 0 0 0)
(0.000825951 9.22733e-05 0 1.40273 -0.000811684 0 0 0 0)
(0.000834176 4.33181e-05 0 1.39667 -0.000865137 0 0 0 0)
(-0.000277583 0.000136538 0 1.56575 0.000260799 0 0 0 0)
(0.00056031 0.000277316 0 1.56546 -0.000588535 0 0 0 0)
(0.000853781 9.06679e-05 0 1.57246 -0.000843168 0 0 0 0)
(0.000789784 4.87563e-05 0 1.56955 -0.000772932 0 0 0 0)
(-0.000278775 0.000126788 0 1.75513 0.000319043 0 0 0 0)
(0.00060958 0.000267768 0 1.75475 -0.000597351 0 0 0 0)
(0.000894109 8.92e-05 0 1.76095 -0.000862878 0 0 0 0)
(0.000740931 5.45652e-05 0 1.75882 -0.000749331 0 0 0 0)
(-0.000270278 0.000117158 0 1.96178 0.000263615 0 0 0 0)
(0.000657322 0.000257618 0 1.96153 -0.000674807 0 0 0 0)
(0.000921553 8.81349e-05 0 1.96696 -0.000952851 0 0 0 0)
(0.000686618 5.84569e-05 0 1.96506 -0.000692791 0 0 0 0)
(-0.000254882 0.000106191 0 2.18647 0.000250747 0 0 0 0)
(0.000695928 0.000247494 0 2.1868 -0.000719001 0 0 0 0)
(0.000952956 8.89003e-05 0 2.19137 -0.00094899 0 0 0 0)
(0.000631884 6.57262e-05 0 2.18973 -0.00061309 0 0 0 0)
(-0.000226198 9.56533e-05 0 2.43012 0.000244992 0 0 0 0)
(0.000739074 0.000237622 0 2.43105 -0.000697743 0 0 0 0)
(0.000970377 8.99001e-05 0 2.43501 -0.000969266 0 0 0 0)
(0.000579372 7.04107e-05 0 2.43343 -0.000582499 0 0 0 0)
(-0.000195814 8.51853e-05 0 2.69318 0.000197989 0 0 0 0)
(0.000777454 0.000227256 0 2.69523 -0.000760169 0 0 0 0)
(0.000992681 9.0821e-05 0 2.69866 -0.00098795 0 0 0 0)
(0.000528845 7.69596e-05 0 2.69745 -0.000534963 0 0 0 0)
(-0.00014564 7.36823e-05 0 2.97671 0.000147162 0 0 0 0)
(0.000830375 0.000217856 0 2.97966 -0.000826363 0 0 0 0)
(0.00100734 9.36536e-05 0 2.98335 -0.00100766 0 0 0 0)
(0.000485818 8.26121e-05 0 2.98275 -0.000481071 0 0 0 0)
(-9.91574e-05 6.20009e-05 0 3.28074 9.2618e-05 0 0 0 0)
(0.000888086 0.000208009 0 3.28483 -0.0008879 0 0 0 0)
(0.00104416 9.65759e-05 0 3.28923 -0.00104589 0 0 0 0)
(0.000449321 9.04269e-05 0 3.29018 -0.000448301 0 0 0 0)
(-4.0577e-05 4.95427e-05 0 3.60638 8.01436e-05 0 0 0 0)
(0.000971846 0.000198881 0 3.61072 -0.000888584 0 0 0 0)
(0.00109644 0.00010098 0 3.61689 -0.00106438 0 0 0 0)
(0.000434493 9.72251e-05 0 3.62032 -0.000452307 0 0 0 0)
(-2.7516e-06 3.73016e-05 0 3.95355 -2.08592e-05 0 0 0 0)
(0.00106325 0.000188934 0 3.95804 -0.00110996 0 0 0 0)
(0.00120418 0.000103847 0 3.96655 -0.00121713 0 0 0 0)
(0.000445112 0.00010586 0 3.97374 -0.000407197 0 0 0 0)
(3.35805e-05 2.08628e-05 0 4.32368 -7.50252e-05 0 0 0 0)
(0.00118851 0.000178943 0 4.32668 -0.00128237 0 0 0 0)
(0.00135817 0.000112693 0 4.338 -0.00146475 0 0 0 0)
(0.00049921 0.000117733 0 4.35174 -0.000528457 0 0 0 0)
(1.92748e-05 4.65102e-06 0 4.71541 0.000193708 0 0 0 0)
(0.00130194 0.000165772 0 4.71645 -0.00115872 0 0 0 0)
(0.00162197 0.000116412 0 4.72953 -0.00162855 0 0 0 0)
(0.000641533 0.000133433 0 4.75194 -0.000712029 0 0 0 0)
(-1.34268e-05 -1.15202e-05 0 5.18783 0.000140358 0 0 0 0)
(0.00142375 0.000148572 0 5.18078 -0.00125816 0 0 0 0)
(0.00194966 0.000120138 0 5.18955 -0.00183779 0 0 0 0)
(0.000905827 0.00014532 0 5.22049 -0.0008053 0 0 0 0)
(-0.000209446 -2.7979e-05 0 7.83014 0.000212118 0 0 0 0)
(0.00133063 0.000132803 0 7.79504 -0.000579318 0 0 0 0)
(0.00228383 0.00012396 0 7.76586 -0.00108153 0 0 0 0)
(0.00122882 0.000165868 0 7.7856 -0.000595574 0 0 0 0)
(-0.000139794 7.22097e-08 0 6.54657 0.00030725 0 0 0 0)
(0.000104922 -7.92658e-07 0 6.54558 -0.000211275 0 0 0 0)
(0.000129305 6.91802e-08 0 6.57037 -8.95114e-05 0 0 0 0)
(-0.000144712 1.16615e-05 0 6.56999 -6.30922e-05 0 0 0 0)
(-0.000398689 -3.06996e-06 0 6.02572 0.000565657 0 0 0 0)
(0.000291723 -5.82003e-06 0 6.02826 -0.000408881 0 0 0 0)
(0.000277538 2.40053e-06 0 6.04824 -0.000237685 0 0 0 0)
(-2.1761e-06 7.86863e-06 0 6.04564 -4.14833e-05 0 0 0 0)
(-0.000609979 -1.00858e-05 0 5.53008 0.000801007 0 0 0 0)
(0.000480232 -1.41817e-05 0 5.53552 -0.000607033 0 0 0 0)
(0.000418991 6.19248e-06 0 5.5528 -0.00038362 0 0 0 0)
(0.000151473 1.40806e-05 0 5.55274 -0.000140899 0 0 0 0)
(-0.000775178 -2.14989e-05 0 5.06388 0.00097446 0 0 0 0)
(0.000670366 -2.55638e-05 0 5.07061 -0.000804512 0 0 0 0)
(0.000564502 1.01694e-05 0 5.08581 -0.00052997 0 0 0 0)
(0.000299994 9.017e-06 0 5.0876 -0.000287656 0 0 0 0)
(-0.000903084 -3.68969e-05 0 4.62654 0.00110127 0 0 0 0)
(0.000845766 -3.92555e-05 0 4.63323 -0.000979653 0 0 0 0)
(0.000702085 1.48067e-05 0 4.64649 -0.000669581 0 0 0 0)
(0.000434581 1.38787e-05 0 4.64918 -0.000429626 0 0 0 0)
(-0.00100093 -5.57262e-05 0 4.2169 0.00119965 0 0 0 0)
(0.00100272 -5.50781e-05 0 4.22294 -0.0011367 0 0 0 0)
(0.000830411 1.93365e-05 0 4.23448 -0.000796707 0 0 0 0)
(0.000552253 1.07799e-05 0 4.23759 -0.000545643 0 0 0 0)
(-0.00107183 -7.74583e-05 0 3.834 0.00126906 0 0 0 0)
(0.00113871 -7.25282e-05 0 3.83907 -0.00127051 0 0 0 0)
(0.000946379 2.46577e-05 0 3.84914 -0.000914437 0 0 0 0)
(0.000650749 1.71435e-05 0 3.85224 -0.000644297 0 0 0 0)
(-0.00112292 -0.000101485 0 3.47703 0.00132116 0 0 0 0)
(0.00125512 -9.14698e-05 0 3.48105 -0.00138949 0 0 0 0)
(0.00104992 2.97735e-05 0 3.48978 -0.00101363 0 0 0 0)
(0.000725401 1.60383e-05 0 3.49248 -0.000713842 0 0 0 0)
(-0.00115292 -0.000127506 0 3.14514 0.00135103 0 0 0 0)
(0.00135115 -0.000111441 0 3.14808 -0.00148352 0 0 0 0)
(0.00113692 3.59184e-05 0 3.15562 -0.001107 0 0 0 0)
(0.000777529 2.12825e-05 0 3.15786 -0.000771696 0 0 0 0)
(-0.00116875 -0.000154725 0 2.83762 0.00136895 0 0 0 0)
(0.00142977 -0.000132437 0 2.83954 -0.00156087 0 0 0 0)
(0.00121289 4.16372e-05 0 2.8459 -0.00117601 0 0 0 0)
(0.000808228 2.35268e-05 0 2.8477 -0.000793874 0 0 0 0)
(-0.00116509 -0.000183336 0 2.5535 0.00136719 0 0 0 0)
(0.00148917 -0.000153857 0 2.5544 -0.00161827 0 0 0 0)
(0.00127285 4.87017e-05 0 2.55954 -0.00124582 0 0 0 0)
(0.000817452 2.75354e-05 0 2.5611 -0.000803405 0 0 0 0)
(-0.00115042 -0.000212019 0 2.29195 0.00138997 0 0 0 0)
(0.00153046 -0.000175987 0 2.29212 -0.00160674 0 0 0 0)
(0.00132462 5.52183e-05 0 2.29572 -0.00124857 0 0 0 0)
(0.000814055 3.30975e-05 0 2.29703 -0.000792952 0 0 0 0)
(-0.00110875 -0.000240663 0 2.05173 0.00138983 0 0 0 0)
(0.001552 -0.000197833 0 2.05131 -0.00152764 0 0 0 0)
(0.00135461 6.22649e-05 0 2.05333 -0.00125255 0 0 0 0)
(0.000798169 3.44922e-05 0 2.05438 -0.000761822 0 0 0 0)
(-0.00106492 -0.000268027 0 1.83183 0.00123996 0 0 0 0)
(0.00155715 -0.000220027 0 1.83163 -0.00176795 0 0 0 0)
(0.00137575 6.7982e-05 0 1.8317 -0.00139769 0 0 0 0)
(0.000778633 4.2028e-05 0 1.83213 -0.000775595 0 0 0 0)
(-0.000991876 -0.000299724 0 1.63097 0.00114252 0 0 0 0)
(0.00154974 -0.000241794 0 1.63176 -0.00185189 0 0 0 0)
(0.00136286 7.88042e-05 0 1.63088 -0.00140195 0 0 0 0)
(0.000748793 4.73911e-05 0 1.63039 -0.000761974 0 0 0 0)
(-0.000917506 -0.000328371 0 1.44892 0.00108625 0 0 0 0)
(0.00155555 -0.000262435 0 1.44903 -0.00172763 0 0 0 0)
(0.00135288 8.61472e-05 0 1.44818 -0.00135918 0 0 0 0)
(0.000699144 5.38226e-05 0 1.447 -0.00074342 0 0 0 0)
(-0.000837615 -0.000357875 0 1.28466 0.000967236 0 0 0 0)
(0.0015374 -0.000282551 0 1.28291 -0.00186823 0 0 0 0)
(0.0013289 9.52077e-05 0 1.28189 -0.00132462 0 0 0 0)
(0.000648308 6.02076e-05 0 1.28042 -0.000670492 0 0 0 0)
(-0.000781643 -0.000387402 0 1.13659 0.000988603 0 0 0 0)
(0.00150941 -0.000300633 0 1.13398 -0.00159779 0 0 0 0)
(0.00131152 0.000106109 0 1.13306 -0.00117935 0 0 0 0)
(0.000598439 6.51474e-05 0 1.1315 -0.00061464 0 0 0 0)
(-0.000720119 -0.000411355 0 1.00411 0.000997223 0 0 0 0)
(0.00147852 -0.000318684 0 1.00113 -0.00148587 0 0 0 0)
(0.00128748 0.000111593 0 0.999973 -0.00113321 0 0 0 0)
(0.000537189 6.74236e-05 0 0.998131 -0.000534208 0 0 0 0)
(-0.000671774 -0.000437852 0 0.886237 0.000856387 0 0 0 0)
(0.00144041 -0.00033614 0 0.882879 -0.00162797 0 0 0 0)
(0.0012616 0.000121971 0 0.881251 -0.00117774 0 0 0 0)
(0.000479305 7.25364e-05 0 0.87912 -0.000482314 0 0 0 0)
(-0.000619258 -0.00046248 0 0.782243 0.000801971 0 0 0 0)
(0.00139544 -0.000352586 0 0.778699 -0.00154786 0 0 0 0)
(0.00122483 0.000130688 0 0.776296 -0.00114042 0 0 0 0)
(0.000416508 7.61041e-05 0 0.773834 -0.000442422 0 0 0 0)
(-0.00057165 -0.000486335 0 0.691192 0.000767923 0 0 0 0)
(0.00134129 -0.000368513 0 0.687297 -0.00150299 0 0 0 0)
(0.00118052 0.000140395 0 0.683948 -0.00108977 0 0 0 0)
(0.000357593 8.02774e-05 0 0.681238 -0.000359547 0 0 0 0)
(-0.000522346 -0.000508454 0 0.612311 0.000699917 0 0 0 0)
(0.00127469 -0.000383547 0 0.608035 -0.00144333 0 0 0 0)
(0.00112384 0.000149745 0 0.603605 -0.00104131 0 0 0 0)
(0.000297451 8.35568e-05 0 0.600706 -0.000315971 0 0 0 0)
(-0.000475252 -0.000529454 0 0.544822 0.000676111 0 0 0 0)
(0.00119619 -0.000397533 0 0.539996 -0.00135376 0 0 0 0)
(0.00105837 0.000159184 0 0.534525 -0.000964597 0 0 0 0)
(0.000241676 8.66486e-05 0 0.531608 -0.000243816 0 0 0 0)
(-0.000428211 -0.000548216 0 0.488035 0.000651151 0 0 0 0)
(0.00110308 -0.000410892 0 0.482577 -0.00123661 0 0 0 0)
(0.000984032 0.000168244 0 0.476011 -0.000899516 0 0 0 0)
(0.000183657 8.89758e-05 0 0.473212 -0.000192844 0 0 0 0)
(-0.000382387 -0.000564907 0 0.441323 0.000480731 0 0 0 0)
(0.00099579 -0.000423378 0 0.435248 -0.00124422 0 0 0 0)
(0.000902285 0.00017658 0 0.427794 -0.000838548 0 0 0 0)
(0.000131749 9.06908e-05 0 0.425216 -0.000149763 0 0 0 0)
(-0.000334884 -0.000581318 0 0.404139 0.000550949 0 0 0 0)
(0.000877605 -0.00043288 0 0.397624 -0.000961962 0 0 0 0)
(0.000816829 0.000186485 0 0.389155 -0.000676395 0 0 0 0)
(7.24084e-05 9.22853e-05 0 0.387161 -5.02405e-05 0 0 0 0)
(-0.000280512 -0.00059062 0 0.375847 0.000514404 0 0 0 0)
(0.000746054 -0.000443833 0 0.369044 -0.000900877 0 0 0 0)
(0.000727897 0.000191775 0 0.360457 -0.000616365 0 0 0 0)
(2.49438e-05 9.25137e-05 0 0.359185 -2.40605e-05 0 0 0 0)
(-0.000223088 -0.000602816 0 0.355872 0.000410862 0 0 0 0)
(0.000621105 -0.000451726 0 0.34944 -0.000902055 0 0 0 0)
(0.000652512 0.000201099 0 0.341217 -0.000588 0 0 0 0)
(-4.34194e-05 9.22621e-05 0 0.341236 -1.44603e-05 0 0 0 0)
(-0.000144819 -0.000608157 0 0.34531 0.000561857 0 0 0 0)
(0.000501797 -0.000460481 0 0.341561 -0.000588882 0 0 0 0)
(0.000591165 0.000206569 0 0.330056 -0.000529237 0 0 0 0)
(-0.000102163 9.40325e-05 0 0.3326 0.000137563 0 0 0 0)
(1.52918e-06 -0.000611381 0 0.342192 0.000121691 0 0 0 0)
(0.000366859 -0.000469911 0 0.339526 -0.000594628 0 0 0 0)
(0.000503158 0.000213206 0 0.323354 -0.0006209 0 0 0 0)
(-0.00020197 9.55028e-05 0 0.327118 0.000176296 0 0 0 0)
(0.000105128 -0.000614508 0 0.345221 -0.000131096 0 0 0 0)
(0.000187836 -0.000472858 0 0.34044 -0.000216704 0 0 0 0)
(0.000384368 0.000219417 0 0.324665 -0.000452828 0 0 0 0)
(-0.000233703 9.97619e-05 0 0.32724 0.000278908 0 0 0 0)
(0.000164708 -0.000609113 0 0.356163 -0.000146065 0 0 0 0)
(2.42597e-05 -0.000475274 0 0.350011 3.1072e-05 0 0 0 0)
(0.000283141 0.000221466 0 0.337018 -0.000269526 0 0 0 0)
(-0.000278275 0.000104247 0 0.338438 0.000355686 0 0 0 0)
(0.000192854 -0.000604424 0 0.375009 -0.000265736 0 0 0 0)
(-0.000131246 -0.000474915 0 0.368626 0.000107636 0 0 0 0)
(0.000191486 0.000224828 0 0.357303 -0.000204243 0 0 0 0)
(-0.000302191 0.000106654 0 0.357961 0.000323492 0 0 0 0)
(0.000201022 -0.000594857 0 0.402156 -0.000178373 0 0 0 0)
(-0.000270852 -0.000474249 0 0.396212 0.000339107 0 0 0 0)
(0.000105394 0.000225064 0 0.386032 -9.24673e-05 0 0 0 0)
(-0.000329132 0.000110813 0 0.385983 0.000386276 0 0 0 0)
(0.000193288 -0.000583958 0 0.437908 -0.000176923 0 0 0 0)
(-0.00039997 -0.000473484 0 0.433155 0.000386461 0 0 0 0)
(2.10178e-05 0.000225614 0 0.423527 -3.81225e-05 0 0 0 0)
(-0.000338446 0.00011338 0 0.422827 0.000370605 0 0 0 0)
(0.000183336 -0.000571978 0 0.48291 -0.000194295 0 0 0 0)
(-0.000510548 -0.000471935 0 0.47935 0.000508662 0 0 0 0)
(-6.67475e-05 0.0002248 0 0.47018 4.57489e-05 0 0 0 0)
(-0.000349409 0.000115994 0 0.469144 0.00037649 0 0 0 0)
(0.000162313 -0.000557806 0 0.537521 -0.000157509 0 0 0 0)
(-0.000612125 -0.000469483 0 0.535096 0.000613491 0 0 0 0)
(-0.000149091 0.000223411 0 0.526541 0.000134317 0 0 0 0)
(-0.000346403 0.000117443 0 0.525347 0.000396593 0 0 0 0)
(0.000141726 -0.000543288 0 0.6024 -0.000148116 0 0 0 0)
(-0.000693537 -0.000467072 0 0.601193 0.000698201 0 0 0 0)
(-0.00022923 0.000221185 0 0.593253 0.000213918 0 0 0 0)
(-0.000349347 0.000118451 0 0.591787 0.000379537 0 0 0 0)
(0.000114889 -0.000527523 0 0.677976 -0.000150999 0 0 0 0)
(-0.000764574 -0.000463449 0 0.678145 0.000727317 0 0 0 0)
(-0.000305851 0.0002181 0 0.670922 0.000281955 0 0 0 0)
(-0.000347002 0.000118349 0 0.669085 0.000394135 0 0 0 0)
(9.58355e-05 -0.000512319 0 0.765101 -7.03217e-05 0 0 0 0)
(-0.000811099 -0.000459856 0 0.76662 0.00082611 0 0 0 0)
(-0.000380228 0.000215632 0 0.760176 0.000369948 0 0 0 0)
(-0.000358109 0.000117875 0 0.757948 0.00038374 0 0 0 0)
(7.64899e-05 -0.000495623 0 0.864063 -2.87945e-05 0 0 0 0)
(-0.000846645 -0.000456111 0 0.867066 0.000917999 0 0 0 0)
(-0.000450389 0.000210727 0 0.861414 0.000461125 0 0 0 0)
(-0.000371085 0.000115596 0 0.858853 0.000433882 0 0 0 0)
(7.32248e-05 -0.000479134 0 0.975911 -0.00010083 0 0 0 0)
(-0.000855264 -0.00045169 0 0.980232 0.000788906 0 0 0 0)
(-0.000517098 0.000207563 0 0.974829 0.000495293 0 0 0 0)
(-0.000399062 0.000113782 0 0.972166 0.000456116 0 0 0 0)
(7.4488e-05 -0.00046517 0 1.10097 -2.40326e-05 0 0 0 0)
(-0.000864679 -0.000446176 0 1.10661 0.000913185 0 0 0 0)
(-0.000584832 0.00020518 0 1.10156 0.000582825 0 0 0 0)
(-0.00042164 0.000110911 0 1.09899 0.000434668 0 0 0 0)
(9.42237e-05 -0.000448319 0 1.24095 -8.71299e-05 0 0 0 0)
(-0.000845508 -0.000441576 0 1.2486 0.000850983 0 0 0 0)
(-0.000644117 0.000199588 0 1.24221 0.000643782 0 0 0 0)
(-0.000465187 0.000106732 0 1.23964 0.000471794 0 0 0 0)
(0.000172247 -0.00043586 0 1.39626 -0.000250967 0 0 0 0)
(-0.000843671 -0.000433994 0 1.40458 0.00069158 0 0 0 0)
(-0.000734203 0.000198861 0 1.39844 0.000711804 0 0 0 0)
(-0.000488249 0.000104508 0 1.39509 0.000426343 0 0 0 0)
(0.000226158 -0.000422373 0 1.56686 -0.00016834 0 0 0 0)
(-0.000809131 -0.00042553 0 1.57364 0.00094735 0 0 0 0)
(-0.000802356 0.000195167 0 1.56976 0.000839356 0 0 0 0)
(-0.000540963 9.94574e-05 0 1.56635 0.000487712 0 0 0 0)
(0.000240418 -0.000407188 0 1.75476 -0.000280841 0 0 0 0)
(-0.000795331 -0.000417199 0 1.7601 0.000798695 0 0 0 0)
(-0.000855752 0.0001912 0 1.75712 0.000874642 0 0 0 0)
(-0.00055518 9.48653e-05 0 1.75431 0.000565441 0 0 0 0)
(0.000247606 -0.000396573 0 1.96041 -0.000283191 0 0 0 0)
(-0.000769843 -0.000406272 0 1.96494 0.000766359 0 0 0 0)
(-0.000898881 0.00019128 0 1.96264 0.000919105 0 0 0 0)
(-0.000574097 9.01974e-05 0 1.96009 0.000561001 0 0 0 0)
(0.000238482 -0.000382869 0 2.18494 -0.000231762 0 0 0 0)
(-0.000758236 -0.000397161 0 2.18838 0.0008452 0 0 0 0)
(-0.000936556 0.000187777 0 2.18655 0.000965903 0 0 0 0)
(-0.000569576 8.39405e-05 0 2.18416 0.000571308 0 0 0 0)
(0.000225107 -0.000372268 0 2.42883 -0.000295263 0 0 0 0)
(-0.000743067 -0.000386311 0 2.43148 0.00071353 0 0 0 0)
(-0.000969285 0.000186715 0 2.42998 0.000972317 0 0 0 0)
(-0.000575379 7.82781e-05 0 2.42751 0.00056262 0 0 0 0)
(0.000205928 -0.000361269 0 2.69305 -0.000255867 0 0 0 0)
(-0.000739121 -0.000376034 0 2.69438 0.000745457 0 0 0 0)
(-0.00100279 0.000185262 0 2.69313 0.00101271 0 0 0 0)
(-0.000567178 7.18184e-05 0 2.6904 0.000558092 0 0 0 0)
(0.000173931 -0.000350928 0 2.97858 -0.000199623 0 0 0 0)
(-0.000741716 -0.000365168 0 2.9785 0.000764823 0 0 0 0)
(-0.00103564 0.000183592 0 2.97705 0.00105653 0 0 0 0)
(-0.000574477 6.46994e-05 0 2.97386 0.0005647 0 0 0 0)
(0.000135084 -0.000340504 0 3.28615 -0.000169108 0 0 0 0)
(-0.000764596 -0.000355098 0 3.28388 0.000782483 0 0 0 0)
(-0.00108009 0.000181927 0 3.28231 0.00108787 0 0 0 0)
(-0.000572812 5.66622e-05 0 3.27853 0.000560474 0 0 0 0)
(6.8882e-05 -0.000330415 0 3.61664 -0.000138405 0 0 0 0)
(-0.000805705 -0.000344218 0 3.61178 0.000778604 0 0 0 0)
(-0.00112474 0.000179892 0 3.60928 0.00114553 0 0 0 0)
(-0.000600635 4.81119e-05 0 3.60494 0.000593373 0 0 0 0)
(-7.31652e-06 -0.000319988 0 3.97043 1.3324e-05 0 0 0 0)
(-0.000887257 -0.0003337 0 3.96229 0.000953306 0 0 0 0)
(-0.00119412 0.00017884 0 3.95851 0.00122652 0 0 0 0)
(-0.000621101 3.89058e-05 0 3.95359 0.000610835 0 0 0 0)
(-0.000122069 -0.00030774 0 4.34979 0.000189652 0 0 0 0)
(-0.00100439 -0.000323998 0 4.33748 0.00115546 0 0 0 0)
(-0.00126968 0.000174184 0 4.33079 0.0013112 0 0 0 0)
(-0.000683335 2.73222e-05 0 4.32536 0.00067667 0 0 0 0)
(-0.000244978 -0.000291923 0 4.75392 2.66635e-05 0 0 0 0)
(-0.00120387 -0.000315007 0 4.73675 0.00100329 0 0 0 0)
(-0.00139627 0.00017086 0 4.72566 0.00131477 0 0 0 0)
(-0.000739603 1.5802e-05 0 4.71927 0.00078426 0 0 0 0)
(-0.000375251 -0.000279151 0 5.22479 0.000108268 0 0 0 0)
(-0.00147541 -0.00030253 0 5.20962 0.00110799 0 0 0 0)
(-0.00156099 0.000170533 0 5.20237 0.00111658 0 0 0 0)
(-0.000854167 8.6378e-06 0 5.1945 0.000699642 0 0 0 0)
(-0.000426071 -0.000260035 0 7.79859 -6.52806e-05 0 0 0 0)
(-0.00157764 -0.000298202 0 7.82222 0.000553433 0 0 0 0)
(-0.00164832 0.000164054 0 7.84806 0.000831042 0 0 0 0)
(-0.000981823 -4.6835e-07 0 7.84369 0.000595221 0 0 0 0)
(-0.000824354 -3.10958e-05 0 27.847 0.000576819 0 0 0 0)
(0.000352276 0.000127012 0 27.6787 0.00041628 0 0 0 0)
(0.00179243 0.000119867 0 27.2228 0.000472047 0 0 0 0)
(0.00145135 0.000162257 0 26.682 -0.000186958 0 0 0 0)
(-0.00332274 -3.97743e-05 0 47.3698 0.00214496 0 0 0 0)
(-0.00907286 0.000131056 0 47.2452 0.00507597 0 0 0 0)
(-0.0143281 0.000113906 0 46.9167 0.00740525 0 0 0 0)
(-0.00781024 0.00013972 0 46.5602 0.00370251 0 0 0 0)
(-0.00336651 6.91511e-05 0 47.2309 0.00406924 0 0 0 0)
(-0.00719801 0.000214683 0 47.2736 0.00910204 0 0 0 0)
(-0.00962406 9.69758e-05 0 47.4527 0.0123511 0 0 0 0)
(-0.00399257 -3.97668e-05 0 47.7767 0.00562086 0 0 0 0)
(-0.0031085 0.000146071 0 43.3044 0.00323248 0 0 0 0)
(-0.00537628 0.000269088 0 43.3631 0.00613151 0 0 0 0)
(-0.0059421 5.58862e-05 0 43.5063 0.00723512 0 0 0 0)
(-0.00147984 -0.000203273 0 43.743 0.00195839 0 0 0 0)
(-0.00269837 0.000181082 0 39.5935 0.00240185 0 0 0 0)
(-0.0038325 0.000281394 0 39.6594 0.00354026 0 0 0 0)
(-0.0032926 2.74239e-05 0 39.7673 0.00298347 0 0 0 0)
(0.000375016 -0.000247861 0 39.9296 -0.000431547 0 0 0 0)
(-0.00218809 0.000206865 0 36.1018 0.00221787 0 0 0 0)
(-0.00247917 0.000278782 0 36.1716 0.00275863 0 0 0 0)
(-0.00143945 -1.03105e-05 0 36.256 0.00158811 0 0 0 0)
(0.00136704 -0.000294328 0 36.3535 -0.00142742 0 0 0 0)
(-0.00161815 0.000217673 0 32.8232 0.00154869 0 0 0 0)
(-0.00126221 0.000270898 0 32.8877 0.00127157 0 0 0 0)
(-0.000261328 -4.23435e-05 0 32.9576 0.000231721 0 0 0 0)
(0.00174946 -0.000304402 0 33.0106 -0.00194631 0 0 0 0)
(-0.00120783 0.000216511 0 29.7619 0.00105405 0 0 0 0)
(-0.000239771 0.000256832 0 29.8253 0.000205696 0 0 0 0)
(0.00060895 -6.39419e-05 0 29.8858 -0.000598982 0 0 0 0)
(0.00190751 -0.000299048 0 29.9044 -0.00178154 0 0 0 0)
(-0.000648707 0.00020425 0 26.9146 0.000610504 0 0 0 0)
(0.00080333 0.000243347 0 26.9757 -0.000680303 0 0 0 0)
(0.00105812 -7.54642e-05 0 27.0284 -0.000954002 0 0 0 0)
(0.0015953 -0.000280434 0 27.0204 -0.00180558 0 0 0 0)
(-0.000115692 0.000186845 0 24.2666 8.74671e-06 0 0 0 0)
(0.00165669 0.000230757 0 24.3185 -0.00148525 0 0 0 0)
(0.00135508 -8.26964e-05 0 24.3682 -0.00121974 0 0 0 0)
(0.00121552 -0.000259908 0 24.3443 -0.00110451 0 0 0 0)
(0.000359109 0.000158392 0 21.8182 -0.000404636 0 0 0 0)
(0.00249569 0.000222872 0 21.857 -0.00248118 0 0 0 0)
(0.00148936 -6.91184e-05 0 21.8937 -0.00150257 0 0 0 0)
(0.000566715 -0.000227499 0 21.8588 -0.000912534 0 0 0 0)
(0.000866032 0.000127558 0 19.5531 -0.00113298 0 0 0 0)
(0.0029161 0.000212458 0 19.5824 -0.0030661 0 0 0 0)
(0.00138455 -5.65524e-05 0 19.6074 -0.00148678 0 0 0 0)
(0.000260435 -0.000195849 0 19.5668 1.89531e-05 0 0 0 0)
(0.00117533 8.94905e-05 0 17.4788 -0.00105625 0 0 0 0)
(0.00340029 0.000216976 0 17.488 -0.00316674 0 0 0 0)
(0.00122949 -1.77009e-05 0 17.4926 -0.00109102 0 0 0 0)
(-0.000341327 -0.000154755 0 17.4745 -0.000202656 0 0 0 0)
(0.00122449 5.601e-05 0 15.5607 -0.0018113 0 0 0 0)
(0.00314667 0.000211879 0 15.5647 -0.00363759 0 0 0 0)
(0.00116047 -7.15104e-06 0 15.5651 -0.00131263 0 0 0 0)
(0.000119893 -0.000146674 0 15.5426 0.000455863 0 0 0 0)
(0.00139777 1.42869e-05 0 13.8194 -0.00118008 0 0 0 0)
(0.00347411 0.000225287 0 13.8027 -0.00286645 0 0 0 0)
(0.000860452 5.05233e-05 0 13.8066 -0.000722973 0 0 0 0)
(-0.000604385 -8.55659e-05 0 13.8017 9.55326e-05 0 0 0 0)
(0.00103351 -1.28553e-05 0 12.2145 -0.00126143 0 0 0 0)
(0.0029336 0.000219497 0 12.192 -0.00266962 0 0 0 0)
(0.00114429 4.22153e-05 0 12.2055 -0.000957236 0 0 0 0)
(0.000218452 -0.000112361 0 12.2044 8.83898e-05 0 0 0 0)
(0.00112029 -4.06671e-05 0 10.764 -0.00117812 0 0 0 0)
(0.00332416 0.000230357 0 10.7227 -0.00322603 0 0 0 0)
(0.00106851 9.64902e-05 0 10.7422 -0.00131719 0 0 0 0)
(-0.000703938 -4.39404e-05 0 10.7545 0.000396493 0 0 0 0)
(0.000397748 -8.76749e-05 0 9.44183 -0.000496116 0 0 0 0)
(0.00257064 0.000217179 0 9.38142 -0.00264916 0 0 0 0)
(0.00167432 0.000102591 0 9.41432 -0.00154944 0 0 0 0)
(0.000479076 -6.21594e-05 0 9.44822 -0.000309827 0 0 0 0)
(0.000339823 -9.92521e-05 0 8.24474 -0.000432751 0 0 0 0)
(0.00286556 0.000212801 0 8.16538 -0.00264304 0 0 0 0)
(0.00218186 0.000135479 0 8.19479 -0.00220996 0 0 0 0)
(-0.000599931 -7.19611e-07 0 8.22045 0.000247863 0 0 0 0)
(-0.000525802 -0.0001427 0 7.16893 0.000225322 0 0 0 0)
(0.00173811 0.000187559 0 7.06828 -0.00217947 0 0 0 0)
(0.00259227 0.000150772 0 7.08191 -0.00258646 0 0 0 0)
(0.000571656 -5.5088e-07 0 7.11631 -0.000276548 0 0 0 0)
(-0.00070742 -0.000143167 0 6.1685 0.000605944 0 0 0 0)
(0.00141521 0.000165938 0 6.08543 -0.00101967 0 0 0 0)
(0.00298236 0.000167194 0 6.09441 -0.00287969 0 0 0 0)
(-0.000201395 5.78937e-05 0 6.12553 -0.000245528 0 0 0 0)
(-0.000947873 -0.00014489 0 5.26972 0.00099406 0 0 0 0)
(0.00050319 0.000129465 0 5.19429 -0.000559476 0 0 0 0)
(0.00326059 0.000163675 0 5.19477 -0.00313212 0 0 0 0)
(0.00093426 6.62178e-05 0 5.22524 -0.000594723 0 0 0 0)
(-0.00113852 -0.000132396 0 4.44044 0.000904121 0 0 0 0)
(0.000166098 9.71688e-05 0 4.38135 -5.89581e-05 0 0 0 0)
(0.00349822 0.000166607 0 4.38237 -0.00350061 0 0 0 0)
(0.00012137 0.000120912 0 4.40403 -0.000617584 0 0 0 0)
(-0.00113816 -0.000108662 0 3.68448 0.00113906 0 0 0 0)
(-0.000464741 5.6053e-05 0 3.63893 0.000482327 0 0 0 0)
(0.00363872 0.000154364 0 3.63458 -0.00353423 0 0 0 0)
(0.00110679 0.000144368 0 3.65209 -0.000701826 0 0 0 0)
(-0.00121279 -7.98364e-05 0 2.98406 0.000971224 0 0 0 0)
(-0.000665587 1.92807e-05 0 2.95336 0.000590425 0 0 0 0)
(0.00371757 0.000146871 0 2.95063 -0.00385419 0 0 0 0)
(0.000114441 0.000198672 0 2.95897 -0.000622824 0 0 0 0)
(-0.00106085 -4.42016e-05 0 2.33221 0.000852265 0 0 0 0)
(-0.00102197 -2.43706e-05 0 2.3194 0.00101261 0 0 0 0)
(0.0037322 0.000134144 0 2.31333 -0.00338004 0 0 0 0)
(0.00105131 0.000234771 0 2.31741 -0.000693816 0 0 0 0)
(-0.00096153 -1.43079e-06 0 1.72209 0.00125942 0 0 0 0)
(-0.000980373 -5.12577e-05 0 1.72245 0.00151222 0 0 0 0)
(0.00368441 0.000118431 0 1.71813 -0.00368385 0 0 0 0)
(-0.000159272 0.000269637 0 1.71477 -0.000432674 0 0 0 0)
(-0.000718482 4.21165e-05 0 1.13547 0.000464879 0 0 0 0)
(-0.0010879 -0.000106758 0 1.15746 0.000927191 0 0 0 0)
(0.00360412 0.000101729 0 1.14993 -0.00350663 0 0 0 0)
(0.000757686 0.00032434 0 1.14174 -0.000330643 0 0 0 0)
(-0.000453359 8.06527e-05 0 0.575174 0.000401608 0 0 0 0)
(-0.000739312 -0.000117449 0 0.61056 0.00109435 0 0 0 0)
(0.00342226 9.74668e-05 0 0.602531 -0.00313798 0 0 0 0)
(-0.000679055 0.00035424 0 0.589428 1.23948e-06 0 0 0 0)
(-0.000113296 0.000122251 0 0.0130476 0.000250327 0 0 0 0)
(-0.000631953 -0.000165752 0 0.0757534 0.000481623 0 0 0 0)
(0.00325191 8.35102e-05 0 0.0623026 -0.00360317 0 0 0 0)
(0.000440321 0.000399607 0 0.0435047 0.00018214 0 0 0 0)
(0.000301365 0.00014111 0 -0.527964 -0.00119692 0 0 0 0)
(8.1605e-05 -0.000181674 0 -0.455093 -0.000777379 0 0 0 0)
(0.00288478 9.24755e-05 0 -0.476784 -0.00278524 0 0 0 0)
(-0.000873625 0.000459566 0 -0.497742 0.000371962 0 0 0 0)
(0.000728597 0.000156835 0 -1.07568 -0.000464686 0 0 0 0)
(0.000221051 -0.000192224 0 -0.991648 5.53538e-05 0 0 0 0)
(0.0025411 0.000102666 0 -1.02883 -0.00226302 0 0 0 0)
(0.00025229 0.000471843 0 -1.05891 0.000142142 0 0 0 0)
(0.00104725 0.000173678 0 -1.62081 -0.00124469 0 0 0 0)
(0.000862507 -0.000211647 0 -1.53876 -0.000658713 0 0 0 0)
(0.00176381 9.39219e-05 0 -1.60041 -0.00185234 0 0 0 0)
(-0.000889326 0.000513669 0 -1.63482 0.000403906 0 0 0 0)
(0.00175739 0.000165449 0 -2.21194 -0.00187436 0 0 0 0)
(0.000561113 -0.000202351 0 -2.14447 -0.00057889 0 0 0 0)
(0.000940063 0.000120376 0 -2.22156 -0.000564051 0 0 0 0)
(4.05449e-05 0.000528978 0 -2.25701 0.000183617 0 0 0 0)
(0.00208906 0.000179572 0 -2.86635 -0.00177438 0 0 0 0)
(0.000702212 -0.000189808 0 -2.8329 -7.63991e-05 0 0 0 0)
(-0.000111924 0.00010663 0 -2.89594 7.9981e-06 0 0 0 0)
(-0.000554139 0.000524139 0 -2.9051 -1.76758e-05 0 0 0 0)
(0.002093 0.000171218 0 -3.56852 -0.00243003 0 0 0 0)
(6.79486e-05 -0.000172645 0 -3.56075 -0.000482356 0 0 0 0)
(-0.000263253 0.000121355 0 -3.59634 0.00037493 0 0 0 0)
(0.000463765 0.000537436 0 -3.59248 -0.000256611 0 0 0 0)
(0.00203115 0.000177151 0 -4.34377 -0.00217236 0 0 0 0)
(0.000238578 -0.000143059 0 -4.33656 -0.000181514 0 0 0 0)
(-0.000640688 0.000110393 0 -4.33757 0.000605925 0 0 0 0)
(0.000355715 0.000525238 0 -4.35754 -0.00041342 0 0 0 0)
(0.00175875 0.000173409 0 -5.18459 -0.00192623 0 0 0 0)
(0.000171156 -0.00012634 0 -5.19039 -0.000130215 0 0 0 0)
(-0.000612932 0.00011749 0 -5.17577 0.000717033 0 0 0 0)
(0.000158146 0.000524023 0 -5.21079 -0.000108085 0 0 0 0)
(0.00150912 0.000176347 0 -6.12074 -0.00153405 0 0 0 0)
(0.000385596 -9.90044e-05 0 -6.13503 -0.000282616 0 0 0 0)
(-0.000980709 0.000110762 0 -6.12151 0.000971168 0 0 0 0)
(-3.32611e-06 0.000509744 0 -6.153 -0.00018513 0 0 0 0)
(0.000705892 0.000170405 0 -7.14532 -0.000891266 0 0 0 0)
(0.000158419 -8.45863e-05 0 -7.1766 -0.000158047 0 0 0 0)
(-0.000912573 0.000119115 0 -7.16089 0.00106669 0 0 0 0)
(0.000142104 0.000498066 0 -7.18081 -0.00018727 0 0 0 0)
(0.000173668 0.000171487 0 -8.28842 -0.000105459 0 0 0 0)
(0.00012604 -6.63718e-05 0 -8.31664 -5.12307e-05 0 0 0 0)
(-0.00105087 0.000110275 0 -8.30021 0.00102152 0 0 0 0)
(0.000253971 0.0004749 0 -8.3158 -0.000342669 0 0 0 0)
(-0.000802828 0.000165665 0 -9.5434 0.000267454 0 0 0 0)
(-3.81316e-05 -6.58034e-05 0 -9.54789 -7.07595e-05 0 0 0 0)
(-0.000898543 0.000114257 0 -9.55139 0.00105656 0 0 0 0)
(0.000408103 0.000453818 0 -9.56148 -0.000512522 0 0 0 0)
(-0.000303998 0.000159565 0 -10.9291 0.000719192 0 0 0 0)
(-7.12936e-06 -5.32201e-05 0 -10.9279 0.0001329 0 0 0 0)
(-0.00127734 0.000102912 0 -10.9261 0.00117126 0 0 0 0)
(0.000534476 0.000423382 0 -10.9348 -0.00060433 0 0 0 0)
(-0.00132882 0.000151773 0 -12.4375 0.000851183 0 0 0 0)
(1.19794e-05 -5.82689e-05 0 -12.4344 0.000214546 0 0 0 0)
(-0.00101424 0.00010197 0 -12.4481 0.00139168 0 0 0 0)
(0.000456908 0.000392429 0 -12.458 -0.000544019 0 0 0 0)
(-0.000449747 0.00014409 0 -14.1325 0.000703745 0 0 0 0)
(-0.000182642 -4.42118e-05 0 -14.1336 5.56429e-05 0 0 0 0)
(-0.0016707 9.02691e-05 0 -14.1384 0.00147969 0 0 0 0)
(0.000482714 0.000354476 0 -14.1399 -0.000601415 0 0 0 0)
(-0.0016441 0.000134314 0 -15.9882 0.00109247 0 0 0 0)
(-8.62148e-05 -4.53366e-05 0 -15.9904 0.000218278 0 0 0 0)
(-0.00111846 9.10192e-05 0 -15.9907 0.00155026 0 0 0 0)
(0.000436091 0.000318922 0 -15.9899 -0.000504327 0 0 0 0)
(-0.000696727 0.000123797 0 -18.0274 0.000944464 0 0 0 0)
(-0.000223507 -3.65821e-05 0 -18.0301 0.000231389 0 0 0 0)
(-0.00166241 7.82257e-05 0 -18.0329 0.00148306 0 0 0 0)
(0.000413712 0.00027963 0 -18.0245 -0.000508466 0 0 0 0)
(-0.00174074 0.000115752 0 -20.2606 0.00112992 0 0 0 0)
(-0.000178565 -3.636e-05 0 -20.269 7.50514e-05 0 0 0 0)
(-0.0010257 7.86882e-05 0 -20.2633 0.00123929 0 0 0 0)
(0.000446293 0.000243994 0 -20.2487 -0.000496287 0 0 0 0)
(-0.000883898 9.99142e-05 0 -22.6941 0.00128325 0 0 0 0)
(-0.000268122 -3.47592e-05 0 -22.6965 0.000418726 0 0 0 0)
(-0.00132392 6.87034e-05 0 -22.6992 0.00121498 0 0 0 0)
(0.000430282 0.000210913 0 -22.6833 -0.000571138 0 0 0 0)
(-0.00159049 9.3381e-05 0 -25.3497 0.00119986 0 0 0 0)
(-0.000262542 -3.74978e-05 0 -25.3574 0.000313951 0 0 0 0)
(-0.000806345 6.21905e-05 0 -25.3526 0.00104527 0 0 0 0)
(0.000492469 0.000175796 0 -25.3304 -0.000554869 0 0 0 0)
(-0.000908332 7.87046e-05 0 -28.2265 0.000970667 0 0 0 0)
(-0.00031645 -3.73357e-05 0 -28.2188 0.000327305 0 0 0 0)
(-0.000874928 5.4223e-05 0 -28.2242 0.00083351 0 0 0 0)
(0.00053833 0.00014811 0 -28.2087 -0.000597711 0 0 0 0)
(-0.00112298 7.13525e-05 0 -31.3427 0.000885987 0 0 0 0)
(-0.00022455 -3.97838e-05 0 -31.3338 0.00028442 0 0 0 0)
(-0.000638588 4.67736e-05 0 -31.3344 0.000765069 0 0 0 0)
(0.000547907 0.000120588 0 -31.3201 -0.00062356 0 0 0 0)
(-0.000626172 5.63906e-05 0 -34.693 0.000579441 0 0 0 0)
(-0.000177229 -3.9351e-05 0 -34.6779 0.00022503 0 0 0 0)
(-0.000646879 3.90901e-05 0 -34.6873 0.000689278 0 0 0 0)
(0.00058151 9.68377e-05 0 -34.6765 -0.000642336 0 0 0 0)
(-0.000524355 4.6522e-05 0 -38.2984 0.000354241 0 0 0 0)
(-0.000129823 -3.79532e-05 0 -38.2857 0.000174165 0 0 0 0)
(-0.000616113 3.23175e-05 0 -38.294 0.000697674 0 0 0 0)
(0.000565936 7.38747e-05 0 -38.2846 -0.000645779 0 0 0 0)
(-0.000164463 3.26409e-05 0 -42.1625 8.31414e-05 0 0 0 0)
(-0.000103496 -3.36271e-05 0 -42.1523 0.000151278 0 0 0 0)
(-0.000628142 2.54243e-05 0 -42.1602 0.000691415 0 0 0 0)
(0.000576817 5.44474e-05 0 -42.1525 -0.000635378 0 0 0 0)
(-3.05408e-05 2.33809e-05 0 -46.2937 -0.00011246 0 0 0 0)
(-9.16503e-05 -2.78153e-05 0 -46.2895 0.000134311 0 0 0 0)
(-0.000619139 1.92065e-05 0 -46.2923 0.000689467 0 0 0 0)
(0.000542297 3.68119e-05 0 -46.2862 -0.00062367 0 0 0 0)
(0.000162078 1.3354e-05 0 -50.6969 -0.000264648 0 0 0 0)
(-7.96656e-05 -2.02617e-05 0 -50.6991 0.000131392 0 0 0 0)
(-0.000572693 1.27913e-05 0 -50.6951 0.000644999 0 0 0 0)
(0.000507386 2.27909e-05 0 -50.6908 -0.000572562 0 0 0 0)
(0.000201608 7.2855e-06 0 -55.3754 -0.000325084 0 0 0 0)
(-6.15955e-05 -1.26545e-05 0 -55.3853 9.2262e-05 0 0 0 0)
(-0.000480998 7.47396e-06 0 -55.3726 0.000537724 0 0 0 0)
(0.000418621 1.15494e-05 0 -55.3708 -0.000489527 0 0 0 0)
(0.000214363 1.89539e-06 0 -60.3323 -0.000306725 0 0 0 0)
(-3.35228e-05 -5.88156e-06 0 -60.3508 8.93475e-05 0 0 0 0)
(-0.000332068 3.09483e-06 0 -60.3297 0.000395979 0 0 0 0)
(0.000284469 4.52594e-06 0 -60.3304 -0.000333977 0 0 0 0)
(0.000101563 5.13106e-07 0 -65.5385 -0.00020638 0 0 0 0)
(-1.86899e-05 -9.42778e-07 0 -65.5655 4.61862e-05 0 0 0 0)
(-0.000142285 4.18557e-07 0 -65.5354 0.00020308 0 0 0 0)
(9.9208e-05 1.95172e-07 0 -65.5371 -0.000164617 0 0 0 0)
(0.00023506 -0.000260001 0 26.6805 -0.00109678 0 0 0 0)
(-0.00065087 -0.000287591 0 27.2152 -0.000629791 0 0 0 0)
(-0.00120313 0.00017123 0 27.6407 0.0010145 0 0 0 0)
(-0.00115275 -1.67759e-06 0 27.8655 0.001124 0 0 0 0)
(0.00846029 -0.000267415 0 46.5901 -0.00471618 0 0 0 0)
(0.0144266 -0.000263014 0 46.9386 -0.0074682 0 0 0 0)
(0.00919057 0.000193284 0 47.2184 -0.00490347 0 0 0 0)
(0.00245648 -7.76308e-06 0 47.3977 -0.000938849 0 0 0 0)
(0.0065416 -0.000446179 0 47.8325 -0.00822848 0 0 0 0)
(0.00982161 -0.000290713 0 47.5421 -0.0129804 0 0 0 0)
(0.00644896 0.000280052 0 47.3426 -0.00876199 0 0 0 0)
(0.00136897 0.000115796 0 47.2607 -0.00204865 0 0 0 0)
(0.0045499 -0.000577436 0 43.7684 -0.00525054 0 0 0 0)
(0.00626254 -0.000271906 0 43.5271 -0.00751171 0 0 0 0)
(0.0045007 0.000375479 0 43.3884 -0.00515625 0 0 0 0)
(0.000593589 0.000206091 0 43.3231 -0.000584347 0 0 0 0)
(0.00294252 -0.000604014 0 39.9381 -0.00247984 0 0 0 0)
(0.00348972 -0.000289141 0 39.741 -0.00292465 0 0 0 0)
(0.00304845 0.000395508 0 39.6515 -0.0032993 0 0 0 0)
(-3.22337e-05 0.000255608 0 39.6042 -0.000107419 0 0 0 0)
(0.00140665 -0.000618988 0 36.3385 -0.00180435 0 0 0 0)
(0.0014858 -0.000285563 0 36.1867 -0.001709 0 0 0 0)
(0.00222088 0.000422433 0 36.1392 -0.0022192 0 0 0 0)
(-0.000373675 0.00030111 0 36.1068 0.000563169 0 0 0 0)
(0.000162634 -0.000608707 0 32.99 -5.14571e-05 0 0 0 0)
(0.000168315 -0.000296055 0 32.8843 -3.69687e-05 0 0 0 0)
(0.00171684 0.000433378 0 32.8543 -0.00169539 0 0 0 0)
(-0.000655564 0.000329559 0 32.8289 0.000692822 0 0 0 0)
(-0.000698768 -0.000587165 0 29.8765 0.000839117 0 0 0 0)
(-0.000775607 -0.000312962 0 29.8067 0.000850934 0 0 0 0)
(0.00129765 0.000434596 0 29.7888 -0.00138958 0 0 0 0)
(-0.000892134 0.000355178 0 29.7671 0.00101105 0 0 0 0)
(-0.0014669 -0.000564833 0 26.9869 0.00139441 0 0 0 0)
(-0.00129403 -0.0003332 0 26.9419 0.00133545 0 0 0 0)
(0.00105748 0.000436046 0 26.9243 -0.00109948 0 0 0 0)
(-0.0011046 0.000370286 0 26.9101 0.00109968 0 0 0 0)
(-0.00200783 -0.000534815 0 24.3065 0.00195632 0 0 0 0)
(-0.00181959 -0.000354527 0 24.2886 0.00165565 0 0 0 0)
(0.000768441 0.000430667 0 24.2744 -0.0008478 0 0 0 0)
(-0.00105261 0.000383678 0 24.258 0.00126624 0 0 0 0)
(-0.00239596 -0.00051883 0 21.8364 0.00234094 0 0 0 0)
(-0.001829 -0.000379935 0 21.8325 0.00206965 0 0 0 0)
(0.000547497 0.000429556 0 21.8059 -0.000636717 0 0 0 0)
(-0.00123341 0.000384562 0 21.7981 0.00107602 0 0 0 0)
(-0.00244557 -0.000485112 0 19.5529 0.00287788 0 0 0 0)
(-0.00232894 -0.000404155 0 19.5762 0.00240754 0 0 0 0)
(0.000194989 0.000414106 0 19.5538 -0.000134208 0 0 0 0)
(-0.000847595 0.000387546 0 19.5334 0.001068 0 0 0 0)
(-0.00223807 -0.00047902 0 17.4842 0.00185949 0 0 0 0)
(-0.00181386 -0.000430137 0 17.4829 0.00200391 0 0 0 0)
(-0.000166757 0.000407231 0 17.4631 5.9389e-05 0 0 0 0)
(-0.0012451 0.000367916 0 17.4665 0.00112614 0 0 0 0)
(-0.00230541 -0.000448336 0 15.5493 0.00283872 0 0 0 0)
(-0.00268044 -0.000434156 0 15.5723 0.00270832 0 0 0 0)
(-7.95467e-05 0.000399477 0 15.5613 -2.01014e-05 0 0 0 0)
(-0.000586118 0.000368952 0 15.5514 0.000874625 0 0 0 0)
(-0.00174244 -0.000441479 0 13.8125 0.00133581 0 0 0 0)
(-0.00161399 -0.000477784 0 13.8257 0.00155033 0 0 0 0)
(-0.000515776 0.000376669 0 13.8095 0.000392683 0 0 0 0)
(-0.00125573 0.000338063 0 13.8141 0.00126547 0 0 0 0)
(-0.00190514 -0.000424089 0 12.1995 0.00154029 0 0 0 0)
(-0.00273082 -0.000449875 0 12.2301 0.00214976 0 0 0 0)
(-0.000272662 0.000394729 0 12.2181 0.000353263 0 0 0 0)
(-0.000421229 0.000342739 0 12.2086 0.000627616 0 0 0 0)
(-0.00131447 -0.000407123 0 10.7579 0.00169491 0 0 0 0)
(-0.0013039 -0.000497568 0 10.7986 0.00174875 0 0 0 0)
(-0.00087433 0.0003513 0 10.7728 0.000447408 0 0 0 0)
(-0.00131632 0.000311151 0 10.7609 0.00126314 0 0 0 0)
(-0.00117085 -0.000401551 0 9.42056 0.00104381 0 0 0 0)
(-0.0024819 -0.000470667 0 9.44394 0.00212341 0 0 0 0)
(-0.000901217 0.000386635 0 9.42172 0.00108416 0 0 0 0)
(-0.000567814 0.000315647 0 9.42825 0.000865941 0 0 0 0)
(-0.00138576 -0.000366569 0 8.20034 0.00148655 0 0 0 0)
(-0.00128452 -0.000496895 0 8.24692 0.00204795 0 0 0 0)
(-0.00113593 0.000330342 0 8.20626 0.000959359 0 0 0 0)
(-0.000981112 0.000284813 0 8.22079 0.00065845 0 0 0 0)
(-0.000729744 -0.00037155 0 7.10582 0.000930338 0 0 0 0)
(-0.00238324 -0.000479453 0 7.12464 0.00185606 0 0 0 0)
(-0.00133672 0.000363477 0 7.07881 0.00114143 0 0 0 0)
(7.34668e-05 0.000292445 0 7.13111 0.000455449 0 0 0 0)
(-0.00124698 -0.000331026 0 6.11616 0.00112643 0 0 0 0)
(-0.00173475 -0.000493377 0 6.13693 0.00244131 0 0 0 0)
(-0.00102797 0.000306999 0 6.07555 0.00134919 0 0 0 0)
(0.00052093 0.000269545 0 6.11076 -0.00088822 0 0 0 0)
(-0.000539805 -0.000326769 0 5.21414 0.000648966 0 0 0 0)
(-0.00306019 -0.000475741 0 5.21059 0.00230926 0 0 0 0)
(-0.00177291 0.000307985 0 5.17284 0.00127334 0 0 0 0)
(0.00162274 0.000280058 0 5.22015 -0.00120579 0 0 0 0)
(-0.00149122 -0.000282626 0 4.39272 0.00118841 0 0 0 0)
(-0.00242296 -0.000482971 0 4.40068 0.00307939 0 0 0 0)
(-0.000868485 0.000248414 0 4.36386 0.00125736 0 0 0 0)
(0.00213549 0.00026489 0 4.39276 -0.00223268 0 0 0 0)
(-0.000595771 -0.000265153 0 3.63417 0.00113141 0 0 0 0)
(-0.00354128 -0.000474592 0 3.62864 0.00315427 0 0 0 0)
(-0.00190479 0.00021945 0 3.61403 0.00130622 0 0 0 0)
(0.00289923 0.00027417 0 3.64339 -0.00267122 0 0 0 0)
(-0.00188214 -0.000218358 0 2.9473 0.00157001 0 0 0 0)
(-0.00275856 -0.000480057 0 2.95238 0.00349203 0 0 0 0)
(-0.000622636 0.000151323 0 2.93454 0.0012593 0 0 0 0)
(0.0033097 0.000262104 0 2.94872 -0.00327718 0 0 0 0)
(-0.000705524 -0.000196572 0 2.2969 0.000877861 0 0 0 0)
(-0.00375388 -0.00047977 0 2.29385 0.00287712 0 0 0 0)
(-0.00196583 0.00010663 0 2.297 0.000936011 0 0 0 0)
(0.00372454 0.000269369 0 2.30432 -0.00369172 0 0 0 0)
(-0.00227472 -0.000158842 0 1.70051 0.00169025 0 0 0 0)
(-0.00275696 -0.000479088 0 1.70623 0.00329192 0 0 0 0)
(-0.000448162 4.1842e-05 0 1.70735 0.00127742 0 0 0 0)
(0.00389661 0.000260708 0 1.70191 -0.00366686 0 0 0 0)
(-0.000847694 -0.000134496 0 1.11874 0.00156955 0 0 0 0)
(-0.00363986 -0.00048665 0 1.11882 0.00324601 0 0 0 0)
(-0.00203795 -9.34947e-06 0 1.14239 0.0010287 0 0 0 0)
(0.00397008 0.000269069 0 1.12697 -0.00399782 0 0 0 0)
(-0.0026567 -9.92311e-05 0 0.58349 0.00137803 0 0 0 0)
(-0.00236282 -0.000488102 0 0.59064 0.00249567 0 0 0 0)
(-0.000312199 -7.88885e-05 0 0.603332 0.00100674 0 0 0 0)
(0.00378119 0.000251311 0 0.574249 -0.0037137 0 0 0 0)
(-0.000827489 -9.29218e-05 0 0.0506283 0.00271639 0 0 0 0)
(-0.00330916 -0.000492839 0 0.0531081 0.00380182 0 0 0 0)
(-0.00231113 -0.000112839 0 0.0737213 0.00202276 0 0 0 0)
(0.00350079 0.000258984 0 0.03047 -0.00314579 0 0 0 0)
(-0.00249664 -3.89031e-05 0 -0.488066 0.00154897 0 0 0 0)
(-0.00197794 -0.000499663 0 -0.479172 0.00247286 0 0 0 0)
(-0.000689501 -0.000194682 0 -0.448948 0.00111842 0 0 0 0)
(0.00276996 0.000221771 0 -0.505607 -0.00285242 0 0 0 0)
(-0.000517984 -5.79068e-05 0 -1.02977 0.000983125 0 0 0 0)
(-0.00265719 -0.000500014 0 -1.02638 0.0017163 0 0 0 0)
(-0.00275171 -0.000201594 0 -0.982231 0.00196244 0 0 0 0)
(0.00218385 0.000220395 0 -1.0364 -0.00189874 0 0 0 0)
(-0.00195461 -1.26671e-05 0 -1.61312 0.00157572 0 0 0 0)
(-0.00118561 -0.000483341 0 -1.60497 0.00223733 0 0 0 0)
(-0.00085644 -0.000254933 0 -1.54559 0.00167921 0 0 0 0)
(0.00121243 0.000181319 0 -1.60049 -0.00117558 0 0 0 0)
(-2.03979e-05 -2.73498e-05 0 -2.20145 6.41915e-05 0 0 0 0)
(-0.00153176 -0.00049829 0 -2.20183 0.000427884 0 0 0 0)
(-0.00267705 -0.000258475 0 -2.17544 0.00148226 0 0 0 0)
(0.000930099 0.000171663 0 -2.20698 -0.000932524 0 0 0 0)
(-0.00103489 -8.59602e-06 0 -2.87054 0.000515482 0 0 0 0)
(-0.000752035 -0.000459706 0 -2.87817 0.00140875 0 0 0 0)
(-0.000942243 -0.000277606 0 -2.8354 0.00184881 0 0 0 0)
(0.000603962 0.000125375 0 -2.85303 -0.000422524 0 0 0 0)
(0.000428331 -3.57614e-06 0 -3.54175 0.000440835 0 0 0 0)
(-0.000946091 -0.000476067 0 -3.54831 0.000918178 0 0 0 0)
(-0.00225807 -0.000288997 0 -3.55273 0.00154178 0 0 0 0)
(0.000414378 0.000111276 0 -3.55728 -0.000337096 0 0 0 0)
(-0.000298712 1.09838e-05 0 -4.35591 -0.000198846 0 0 0 0)
(-0.000934993 -0.000441357 0 -4.35791 0.000918707 0 0 0 0)
(-0.00109175 -0.000298527 0 -4.33177 0.0014395 0 0 0 0)
(0.000340701 5.91782e-05 0 -4.3165 -0.000313005 0 0 0 0)
(0.00042217 1.8626e-05 0 -5.19731 -0.000212592 0 0 0 0)
(-0.000543672 -0.000448762 0 -5.16618 0.000746617 0 0 0 0)
(-0.00156798 -0.000309525 0 -5.17309 0.00117373 0 0 0 0)
(0.00021437 5.10787e-05 0 -5.15906 -8.19978e-05 0 0 0 0)
(0.000444815 2.52288e-05 0 -6.12247 -0.000586222 0 0 0 0)
(-0.00053135 -0.000418252 0 -6.10679 0.000419751 0 0 0 0)
(-0.000973224 -0.000312338 0 -6.10614 0.00115916 0 0 0 0)
(0.00014908 7.51226e-06 0 -6.07185 -0.000102335 0 0 0 0)
(0.00119235 2.87073e-05 0 -7.14545 -0.00102397 0 0 0 0)
(-0.000271545 -0.000419672 0 -7.11522 0.000426117 0 0 0 0)
(-0.000985671 -0.000318227 0 -7.12541 0.000702833 0 0 0 0)
(-2.89773e-05 6.19188e-06 0 -7.09648 0.000133534 0 0 0 0)
(0.00153801 3.5452e-05 0 -8.28425 -0.00163339 0 0 0 0)
(-0.000197297 -0.000389472 0 -8.2603 0.000161236 0 0 0 0)
(-0.00066081 -0.000317214 0 -8.25526 0.000747297 0 0 0 0)
(-0.000182713 -1.90561e-05 0 -8.22612 0.000233128 0 0 0 0)
(0.00211732 3.71057e-05 0 -9.53456 -0.00203448 0 0 0 0)
(0.000211637 -0.000379994 0 -9.50633 -2.81909e-05 0 0 0 0)
(-0.000415944 -0.000317028 0 -9.51608 0.00019913 0 0 0 0)
(-0.000581608 -8.02073e-06 0 -9.51923 0.000644568 0 0 0 0)
(0.00245703 4.35241e-05 0 -10.9232 -0.00251209 0 0 0 0)
(0.000110742 -0.000352245 0 -10.9015 -0.000286089 0 0 0 0)
(-0.000875685 -0.000306001 0 -10.8915 0.000536911 0 0 0 0)
(-0.000638089 -1.79173e-05 0 -10.8963 0.000966414 0 0 0 0)
(0.00267306 4.24097e-05 0 -12.4512 -0.00274272 0 0 0 0)
(0.00074042 -0.000329177 0 -12.4295 -0.000573057 0 0 0 0)
(-0.000330002 -0.000296153 0 -12.4213 0.000603438 0 0 0 0)
(-0.00120931 -4.98272e-06 0 -12.4257 0.00114305 0 0 0 0)
(0.00293233 4.30402e-05 0 -14.1396 -0.00293074 0 0 0 0)
(0.000608249 -0.000296476 0 -14.1253 -0.000743428 0 0 0 0)
(-0.000811891 -0.0002774 0 -14.1119 0.000714358 0 0 0 0)
(-0.000908321 -1.37882e-05 0 -14.1147 0.0011032 0 0 0 0)
(0.00291614 4.00429e-05 0 -15.9948 -0.00294047 0 0 0 0)
(0.00120173 -0.000268426 0 -15.9819 -0.000925737 0 0 0 0)
(-0.000153571 -0.000265376 0 -15.9717 0.000552981 0 0 0 0)
(-0.00155161 -5.15959e-06 0 -15.9756 0.00143586 0 0 0 0)
(0.00306575 3.60167e-05 0 -18.0323 -0.00301264 0 0 0 0)
(0.000994143 -0.000238252 0 -18.0266 -0.00109552 0 0 0 0)
(-0.00070661 -0.00023804 0 -18.0187 0.000551508 0 0 0 0)
(-0.00118435 -4.79674e-06 0 -18.0243 0.00134514 0 0 0 0)
(0.0028813 3.02586e-05 0 -20.2623 -0.00288374 0 0 0 0)
(0.00142897 -0.000209023 0 -20.2581 -0.00119443 0 0 0 0)
(-0.00011486 -0.000224698 0 -20.2512 0.000134671 0 0 0 0)
(-0.0016967 1.38968e-06 0 -20.2578 0.00150804 0 0 0 0)
(0.00290858 2.4381e-05 0 -22.6964 -0.00287686 0 0 0 0)
(0.00117828 -0.000187945 0 -22.6992 -0.00130988 0 0 0 0)
(-0.000700762 -0.000192999 0 -22.6961 0.000251523 0 0 0 0)
(-0.00134044 1.17908e-05 0 -22.7055 0.00176097 0 0 0 0)
(0.00261678 1.79462e-05 0 -25.3461 -0.00272292 0 0 0 0)
(0.00143441 -0.000156884 0 -25.3506 -0.00130474 0 0 0 0)
(-0.000219944 -0.000173518 0 -25.3448 0.000369683 0 0 0 0)
(-0.00166433 1.85851e-05 0 -25.3559 0.00158653 0 0 0 0)
(0.00257198 1.18832e-05 0 -28.2209 -0.002479 0 0 0 0)
(0.00120083 -0.000136401 0 -28.2306 -0.00122512 0 0 0 0)
(-0.000788719 -0.000144811 0 -28.2295 0.000509148 0 0 0 0)
(-0.00142271 2.5627e-05 0 -28.2469 0.00164901 0 0 0 0)
(0.00225249 7.48942e-06 0 -31.3318 -0.00231128 0 0 0 0)
(0.00129129 -0.000107081 0 -31.3432 -0.00117789 0 0 0 0)
(-0.000490926 -0.000125615 0 -31.3332 0.00061387 0 0 0 0)
(-0.00161465 2.62771e-05 0 -31.3507 0.00162326 0 0 0 0)
(0.0021864 2.64427e-06 0 -34.6862 -0.0021135 0 0 0 0)
(0.00117729 -8.7649e-05 0 -34.7031 -0.00114997 0 0 0 0)
(-0.000913348 -9.81249e-05 0 -34.6966 0.000659395 0 0 0 0)
(-0.00158157 3.01622e-05 0 -34.7138 0.00171486 0 0 0 0)
(0.00180894 -9.71127e-07 0 -38.2943 -0.00184575 0 0 0 0)
(0.00111844 -6.08661e-05 0 -38.3211 -0.00104638 0 0 0 0)
(-0.000668468 -7.78684e-05 0 -38.3083 0.000733108 0 0 0 0)
(-0.00155455 2.49446e-05 0 -38.3134 0.00159915 0 0 0 0)
(0.00157772 -4.03243e-06 0 -42.1617 -0.00153235 0 0 0 0)
(0.000943258 -4.4668e-05 0 -42.1899 -0.000902895 0 0 0 0)
(-0.000785114 -5.40327e-05 0 -42.1822 0.000596331 0 0 0 0)
(-0.00141658 2.38478e-05 0 -42.1819 0.00153975 0 0 0 0)
(0.0011848 -5.42974e-06 0 -46.2965 -0.00120992 0 0 0 0)
(0.000776705 -2.5388e-05 0 -46.327 -0.000713245 0 0 0 0)
(-0.000535117 -3.71577e-05 0 -46.3198 0.00054845 0 0 0 0)
(-0.00122735 1.63914e-05 0 -46.3091 0.00129152 0 0 0 0)
(0.000897654 -5.52534e-06 0 -50.7026 -0.000870751 0 0 0 0)
(0.000555262 -1.53618e-05 0 -50.7284 -0.000505057 0 0 0 0)
(-0.000487039 -2.062e-05 0 -50.7281 0.00033667 0 0 0 0)
(-0.000982983 1.28326e-05 0 -50.713 0.00109712 0 0 0 0)
(0.000557837 -4.30467e-06 0 -55.386 -0.000558171 0 0 0 0)
(0.00035176 -5.26438e-06 0 -55.407 -0.00027793 0 0 0 0)
(-0.000278447 -1.04548e-05 0 -55.41 0.000240939 0 0 0 0)
(-0.000708785 6.36945e-06 0 -55.3884 0.00077978 0 0 0 0)
(0.000294152 -1.99873e-06 0 -60.3488 -0.000285277 0 0 0 0)
(0.000156018 -2.0433e-06 0 -60.3592 -0.000125951 0 0 0 0)
(-0.000176447 -2.99149e-06 0 -60.3676 6.93717e-05 0 0 0 0)
(-0.000406964 3.39893e-06 0 -60.3448 0.000495691 0 0 0 0)
(7.85528e-05 -8.37578e-07 0 -65.5584 -8.01867e-05 0 0 0 0)
(3.92008e-05 6.46434e-07 0 -65.5594 5.56142e-06 0 0 0 0)
(-3.7831e-05 -9.40853e-08 0 -65.5701 3.62541e-06 0 0 0 0)
(-0.000119719 1.01172e-07 0 -65.5466 0.000190696 0 0 0 0)
)
;

boundaryField
{
    topWall
    {
        type            extrapolatedCalculated;
        value           nonuniform List<tensor> 8((0.000101563 5.13106e-07 0 -65.5385 -0.00020638 0 0 0 0) (-1.86899e-05 -9.42778e-07 0 -65.5655 4.61862e-05 0 0 0 0) (-0.000142285 4.18557e-07 0 -65.5354 0.00020308 0 0 0 0) (9.9208e-05 1.95172e-07 0 -65.5371 -0.000164617 0 0 0 0) (7.85528e-05 -8.37578e-07 0 -65.5584 -8.01867e-05 0 0 0 0) (3.92008e-05 6.46434e-07 0 -65.5594 5.56142e-06 0 0 0 0) (-3.7831e-05 -9.40853e-08 0 -65.5701 3.62541e-06 0 0 0 0) (-0.000119719 1.01172e-07 0 -65.5466 0.000190696 0 0 0 0));
    }
    botWall
    {
        type            extrapolatedCalculated;
        value           nonuniform List<tensor> 8((-0.000222747 -1.32268e-06 0 6.56156 0.00108229 0 0 0 0) (9.58077e-05 -1.19298e-05 0 6.55807 -0.000377098 0 0 0 0) (0.000233235 1.18129e-06 0 6.57149 -0.000117741 0 0 0 0) (-5.60177e-05 1.06098e-06 0 6.57789 -3.14097e-05 0 0 0 0) (-0.000139794 7.22097e-08 0 6.54657 0.00030725 0 0 0 0) (0.000104922 -7.92658e-07 0 6.54558 -0.000211275 0 0 0 0) (0.000129305 6.91802e-08 0 6.57037 -8.95114e-05 0 0 0 0) (-0.000144712 1.16615e-05 0 6.56999 -6.30922e-05 0 0 0 0));
    }
    inlet
    {
        type            cyclic;
    }
    outlet
    {
        type            cyclic;
    }
    fixWall
    {
        type            empty;
    }
}


// ************************************************************************* //
