/*--------------------------------*- C++ -*----------------------------------*\
  =========                 |
  \\      /  F ield         | OpenFOAM: The Open Source CFD Toolbox
   \\    /   O peration     | Website:  https://openfoam.org
    \\  /    A nd           | Version:  dev
     \\/     M anipulation  |

   OpenFOAM for Windows 20.09 (v1)
   Built by CFD Support, www.cfdsupport.com (based on Symscape).
\*---------------------------------------------------------------------------*/
FoamFile
{
    version     2.0;
    format      ascii;
    class       volSymmTensorField;
    location    "10";
    object      R;
}
// * * * * * * * * * * * * * * * * * * * * * * * * * * * * * * * * * * * * * //

dimensions      [0 2 -2 0 0 0 0];

internalField   nonuniform List<symmTensor> 
960
(
(1.4803e-16 -1.67576e-20 0 1.4803e-16 0 1.4803e-16)
(1.4803e-16 -1.67486e-20 0 1.4803e-16 0 1.4803e-16)
(1.4803e-16 -1.67829e-20 0 1.4803e-16 0 1.4803e-16)
(1.4803e-16 -1.67993e-20 0 1.4803e-16 0 1.4803e-16)
(1.4803e-16 -8.98316e-20 0 1.4803e-16 0 1.4803e-16)
(1.4803e-16 -8.99372e-20 0 1.4803e-16 0 1.4803e-16)
(1.4803e-16 -8.97876e-20 0 1.4803e-16 0 1.4803e-16)
(1.4803e-16 -8.96908e-20 0 1.4803e-16 0 1.4803e-16)
(1.4803e-16 -2.42428e-19 0 1.4803e-16 0 1.4803e-16)
(1.4803e-16 -2.42599e-19 0 1.4803e-16 0 1.4803e-16)
(1.4803e-16 -2.42275e-19 0 1.4803e-16 0 1.4803e-16)
(1.4803e-16 -2.41873e-19 0 1.4803e-16 0 1.4803e-16)
(1.4803e-16 -4.72511e-19 0 1.4803e-16 0 1.4803e-16)
(1.4803e-16 -4.72634e-19 0 1.4803e-16 0 1.4803e-16)
(1.4803e-16 -4.72076e-19 0 1.4803e-16 0 1.4803e-16)
(1.4803e-16 -4.71167e-19 0 1.4803e-16 0 1.4803e-16)
(1.4803e-16 -7.6529e-19 0 1.4803e-16 0 1.4803e-16)
(1.4803e-16 -7.65234e-19 0 1.4803e-16 0 1.4803e-16)
(1.4803e-16 -7.64354e-19 0 1.4803e-16 0 1.4803e-16)
(1.4803e-16 -7.62866e-19 0 1.48029e-16 0 1.4803e-16)
(1.48029e-16 -1.09649e-18 0 1.4803e-16 0 1.4803e-16)
(1.4803e-16 -1.09613e-18 0 1.4803e-16 0 1.4803e-16)
(1.4803e-16 -1.09482e-18 0 1.48029e-16 0 1.4803e-16)
(1.4803e-16 -1.09279e-18 0 1.48029e-16 0 1.4803e-16)
(1.48552e-16 -1.45082e-18 0 1.48553e-16 0 1.48553e-16)
(1.4803e-16 -1.44506e-18 0 1.4803e-16 0 1.4803e-16)
(1.4803e-16 -1.44328e-18 0 1.48029e-16 0 1.4803e-16)
(1.48031e-16 -1.44081e-18 0 1.48029e-16 0 1.4803e-16)
(2.40429e-16 -2.91674e-18 0 2.40432e-16 0 2.40431e-16)
(2.39184e-16 -2.90038e-18 0 2.39183e-16 0 2.39184e-16)
(2.37651e-16 -2.87808e-18 0 2.37649e-16 0 2.3765e-16)
(2.36901e-16 -2.86447e-18 0 2.36895e-16 0 2.36898e-16)
(3.69326e-16 -5.32111e-18 0 3.6933e-16 0 3.69328e-16)
(3.67377e-16 -5.29134e-18 0 3.67375e-16 0 3.67376e-16)
(3.64979e-16 -5.24969e-18 0 3.64974e-16 0 3.64977e-16)
(3.63808e-16 -5.22526e-18 0 3.63796e-16 0 3.63802e-16)
(5.42543e-16 -8.96235e-18 0 5.42553e-16 0 5.42548e-16)
(5.39658e-16 -8.91393e-18 0 5.39654e-16 0 5.39656e-16)
(5.36107e-16 -8.84302e-18 0 5.36097e-16 0 5.36102e-16)
(5.34375e-16 -8.80212e-18 0 5.34352e-16 0 5.34363e-16)
(7.68287e-16 -1.41441e-17 0 7.68302e-16 0 7.68295e-16)
(7.64187e-16 -1.40713e-17 0 7.6418e-16 0 7.64184e-16)
(7.59141e-16 -1.3958e-17 0 7.59122e-16 0 7.59132e-16)
(7.56681e-16 -1.38936e-17 0 7.56639e-16 0 7.56659e-16)
(1.05573e-15 -2.11575e-17 0 1.05576e-15 0 1.05574e-15)
(1.05009e-15 -2.10542e-17 0 1.05008e-15 0 1.05008e-15)
(1.04314e-15 -2.08793e-17 0 1.04311e-15 0 1.04313e-15)
(1.03976e-15 -2.07829e-17 0 1.03969e-15 0 1.03973e-15)
(1.41512e-15 -3.02627e-17 0 1.41516e-15 0 1.41514e-15)
(1.40757e-15 -3.01248e-17 0 1.40755e-15 0 1.40756e-15)
(1.39825e-15 -2.98681e-17 0 1.3982e-15 0 1.39823e-15)
(1.39372e-15 -2.97291e-17 0 1.39361e-15 0 1.39367e-15)
(1.85795e-15 -4.16758e-17 0 1.85801e-15 0 1.85798e-15)
(1.84804e-15 -4.15052e-17 0 1.84801e-15 0 1.84803e-15)
(1.83582e-15 -4.11538e-17 0 1.83573e-15 0 1.83578e-15)
(1.82988e-15 -4.0949e-17 0 1.82972e-15 0 1.8298e-15)
(2.3971e-15 -5.55589e-17 0 2.39719e-15 0 2.39715e-15)
(2.38434e-15 -5.53593e-17 0 2.38429e-15 0 2.38432e-15)
(2.36859e-15 -5.49118e-17 0 2.36844e-15 0 2.36852e-15)
(2.36095e-15 -5.46059e-17 0 2.3607e-15 0 2.36082e-15)
(3.04718e-15 -7.19816e-17 0 3.0473e-15 0 3.04724e-15)
(3.03099e-15 -7.17904e-17 0 3.0309e-15 0 3.03095e-15)
(3.01099e-15 -7.11696e-17 0 3.01077e-15 0 3.01088e-15)
(3.0013e-15 -7.0771e-17 0 3.00094e-15 0 3.00111e-15)
(3.82444e-15 -9.09686e-17 0 3.82462e-15 0 3.82453e-15)
(3.80416e-15 -9.08268e-17 0 3.80405e-15 0 3.80411e-15)
(3.77912e-15 -8.99553e-17 0 3.77879e-15 0 3.77895e-15)
(3.76699e-15 -8.95127e-17 0 3.7665e-15 0 3.76673e-15)
(4.74729e-15 -1.12524e-16 0 4.74757e-15 0 4.74742e-15)
(4.72219e-15 -1.12399e-16 0 4.72205e-15 0 4.72212e-15)
(4.69117e-15 -1.11338e-16 0 4.6907e-15 0 4.69094e-15)
(4.67616e-15 -1.10875e-16 0 4.6755e-15 0 4.67582e-15)
(5.8366e-15 -1.3662e-16 0 5.83697e-15 0 5.83678e-15)
(5.80582e-15 -1.36517e-16 0 5.80564e-15 0 5.80573e-15)
(5.76778e-15 -1.3524e-16 0 5.76711e-15 0 5.76745e-15)
(5.74939e-15 -1.34788e-16 0 5.74852e-15 0 5.74894e-15)
(7.11592e-15 -1.6321e-16 0 7.11641e-15 0 7.11616e-15)
(7.07851e-15 -1.6315e-16 0 7.07825e-15 0 7.07838e-15)
(7.03225e-15 -1.61636e-16 0 7.03132e-15 0 7.03179e-15)
(7.0099e-15 -1.61264e-16 0 7.00878e-15 0 7.00931e-15)
(8.61188e-15 -1.92304e-16 0 8.61254e-15 0 8.6122e-15)
(8.56674e-15 -1.92295e-16 0 8.56642e-15 0 8.56659e-15)
(8.51092e-15 -1.90514e-16 0 8.50968e-15 0 8.51031e-15)
(8.48397e-15 -1.90309e-16 0 8.48256e-15 0 8.48324e-15)
(1.03546e-14 -2.23991e-16 0 1.03555e-14 0 1.0355e-14)
(1.03005e-14 -2.24074e-16 0 1.03001e-14 0 1.03003e-14)
(1.02336e-14 -2.22019e-16 0 1.0232e-14 0 1.02328e-14)
(1.02013e-14 -2.22125e-16 0 1.01996e-14 0 1.02004e-14)
(1.23782e-14 -2.58554e-16 0 1.23793e-14 0 1.23787e-14)
(1.23137e-14 -2.58726e-16 0 1.23132e-14 0 1.23135e-14)
(1.22341e-14 -2.56384e-16 0 1.22319e-14 0 1.2233e-14)
(1.21956e-14 -2.57023e-16 0 1.21935e-14 0 1.21945e-14)
(1.47211e-14 -2.96514e-16 0 1.47225e-14 0 1.47218e-14)
(1.46447e-14 -2.96743e-16 0 1.46441e-14 0 1.46444e-14)
(1.45504e-14 -2.94191e-16 0 1.45477e-14 0 1.4549e-14)
(1.45048e-14 -2.9569e-16 0 1.45023e-14 0 1.45035e-14)
(1.7427e-14 -3.38952e-16 0 1.74288e-14 0 1.74279e-14)
(1.7337e-14 -3.39113e-16 0 1.73363e-14 0 1.73366e-14)
(1.72258e-14 -3.3637e-16 0 1.72224e-14 0 1.72241e-14)
(1.71719e-14 -3.39195e-16 0 1.71692e-14 0 1.71704e-14)
(2.05453e-14 -3.87507e-16 0 2.05476e-14 0 2.05464e-14)
(2.04397e-14 -3.87384e-16 0 2.04388e-14 0 2.04393e-14)
(2.03092e-14 -3.84611e-16 0 2.0305e-14 0 2.03072e-14)
(2.02459e-14 -3.89339e-16 0 2.02429e-14 0 2.02442e-14)
(2.41322e-14 -4.45335e-16 0 2.41348e-14 0 2.41335e-14)
(2.40087e-14 -4.4412e-16 0 2.40075e-14 0 2.40082e-14)
(2.38561e-14 -4.41279e-16 0 2.38512e-14 0 2.38536e-14)
(2.37818e-14 -4.48598e-16 0 2.37788e-14 0 2.37802e-14)
(2.8251e-14 -5.16275e-16 0 2.82543e-14 0 2.82525e-14)
(2.8107e-14 -5.12652e-16 0 2.81058e-14 0 2.81064e-14)
(2.79294e-14 -5.10044e-16 0 2.79235e-14 0 2.79265e-14)
(2.78425e-14 -5.21125e-16 0 2.78398e-14 0 2.78409e-14)
(3.2974e-14 -6.07268e-16 0 3.29775e-14 0 3.29757e-14)
(3.28068e-14 -5.98495e-16 0 3.28051e-14 0 3.2806e-14)
(3.26005e-14 -5.96365e-16 0 3.25935e-14 0 3.25973e-14)
(3.2499e-14 -6.11867e-16 0 3.24972e-14 0 3.24977e-14)
(3.83833e-14 -7.2252e-16 0 3.83864e-14 0 3.83849e-14)
(3.81894e-14 -6.94677e-16 0 3.8187e-14 0 3.81883e-14)
(3.79501e-14 -7.03401e-16 0 3.7943e-14 0 3.79465e-14)
(3.78321e-14 -7.28324e-16 0 3.78318e-14 0 3.78315e-14)
(4.45731e-14 -8.74211e-16 0 4.45751e-14 0 4.45735e-14)
(4.43485e-14 -8.29264e-16 0 4.43451e-14 0 4.43469e-14)
(4.40712e-14 -8.50638e-16 0 4.40645e-14 0 4.4068e-14)
(4.39345e-14 -8.85784e-16 0 4.39364e-14 0 4.39352e-14)
(5.16488e-14 -1.0832e-15 0 5.16477e-14 0 5.16482e-14)
(5.13894e-14 -1.04307e-15 0 5.13836e-14 0 5.13872e-14)
(5.10682e-14 -1.06321e-15 0 5.10635e-14 0 5.10655e-14)
(5.09104e-14 -1.10215e-15 0 5.09153e-14 0 5.09129e-14)
(5.97298e-14 -1.36721e-15 0 5.97269e-14 0 5.97281e-14)
(5.9431e-14 -1.33308e-15 0 5.94243e-14 0 5.94282e-14)
(5.90608e-14 -1.35246e-15 0 5.9058e-14 0 5.90589e-14)
(5.88785e-14 -1.39472e-15 0 5.88879e-14 0 5.88833e-14)
(6.89542e-14 -1.75481e-15 0 6.89494e-14 0 6.89513e-14)
(6.86108e-14 -1.72592e-15 0 6.86032e-14 0 6.86075e-14)
(6.81855e-14 -1.74554e-15 0 6.81843e-14 0 6.81846e-14)
(6.7975e-14 -1.78834e-15 0 6.79898e-14 0 6.79825e-14)
(7.94793e-14 -2.27959e-15 0 7.94715e-14 0 7.94752e-14)
(7.90855e-14 -2.25534e-15 0 7.90762e-14 0 7.90819e-14)
(7.85972e-14 -2.27668e-15 0 7.85996e-14 0 7.85977e-14)
(7.83553e-14 -2.31825e-15 0 7.83763e-14 0 7.83659e-14)
(9.14834e-14 -2.98845e-15 0 9.14744e-14 0 9.14782e-14)
(9.10329e-14 -2.96777e-15 0 9.10237e-14 0 9.10291e-14)
(9.04743e-14 -2.99146e-15 0 9.04801e-14 0 9.04765e-14)
(9.01965e-14 -3.02798e-15 0 9.02244e-14 0 9.02106e-14)
(1.05173e-13 -3.93658e-15 0 1.05161e-13 0 1.05166e-13)
(1.04658e-13 -3.91766e-15 0 1.04648e-13 0 1.04654e-13)
(1.0402e-13 -3.94592e-15 0 1.0403e-13 0 1.04024e-13)
(1.03702e-13 -3.97485e-15 0 1.03737e-13 0 1.03719e-13)
(1.20781e-13 -5.19449e-15 0 1.20768e-13 0 1.20774e-13)
(1.20194e-13 -5.17615e-15 0 1.20185e-13 0 1.20191e-13)
(1.19466e-13 -5.20968e-15 0 1.19482e-13 0 1.19473e-13)
(1.19102e-13 -5.22773e-15 0 1.19146e-13 0 1.19124e-13)
(1.38578e-13 -6.84608e-15 0 1.38564e-13 0 1.3857e-13)
(1.37909e-13 -6.82672e-15 0 1.37902e-13 0 1.37907e-13)
(1.3708e-13 -6.8682e-15 0 1.37102e-13 0 1.3709e-13)
(1.36665e-13 -6.87235e-15 0 1.36717e-13 0 1.36691e-13)
(1.58872e-13 -8.9942e-15 0 1.58857e-13 0 1.58863e-13)
(1.58111e-13 -8.96876e-15 0 1.58106e-13 0 1.58111e-13)
(1.57168e-13 -9.01868e-15 0 1.57198e-13 0 1.57182e-13)
(1.56696e-13 -9.00707e-15 0 1.56756e-13 0 1.56726e-13)
(1.82018e-13 -1.17592e-14 0 1.82002e-13 0 1.82009e-13)
(1.81153e-13 -1.1719e-14 0 1.81153e-13 0 1.81155e-13)
(1.80081e-13 -1.17785e-14 0 1.80121e-13 0 1.80099e-13)
(1.79546e-13 -1.17517e-14 0 1.79613e-13 0 1.7958e-13)
(2.08426e-13 -1.52812e-14 0 2.08408e-13 0 2.08416e-13)
(2.07443e-13 -1.5224e-14 0 2.07448e-13 0 2.07448e-13)
(2.06226e-13 -1.52902e-14 0 2.06276e-13 0 2.0625e-13)
(2.05618e-13 -1.52371e-14 0 2.05694e-13 0 2.05656e-13)
(2.38568e-13 -1.9719e-14 0 2.38547e-13 0 2.38556e-13)
(2.37451e-13 -1.9646e-14 0 2.37463e-13 0 2.3746e-13)
(2.3607e-13 -1.97171e-14 0 2.36133e-13 0 2.36099e-13)
(2.35381e-13 -1.96216e-14 0 2.35464e-13 0 2.35423e-13)
(2.72986e-13 -2.52406e-14 0 2.72965e-13 0 2.72973e-13)
(2.71719e-13 -2.51643e-14 0 2.71742e-13 0 2.71733e-13)
(2.70153e-13 -2.52464e-14 0 2.7023e-13 0 2.70189e-13)
(2.69375e-13 -2.50759e-14 0 2.69462e-13 0 2.69419e-13)
(3.12316e-13 -3.20531e-14 0 3.12287e-13 0 3.12301e-13)
(3.10877e-13 -3.19771e-14 0 3.10911e-13 0 3.10898e-13)
(3.09104e-13 -3.20237e-14 0 3.09189e-13 0 3.09147e-13)
(3.08222e-13 -3.174e-14 0 3.08314e-13 0 3.08268e-13)
(3.57288e-13 -4.0228e-14 0 3.57257e-13 0 3.57273e-13)
(3.55657e-13 -4.00908e-14 0 3.55709e-13 0 3.55685e-13)
(3.53651e-13 -4.00723e-14 0 3.53745e-13 0 3.53698e-13)
(3.52652e-13 -3.9775e-14 0 3.52748e-13 0 3.52699e-13)
(4.08766e-13 -4.99961e-14 0 4.08731e-13 0 4.08748e-13)
(4.06918e-13 -4.97656e-14 0 4.06991e-13 0 4.06953e-13)
(4.04645e-13 -4.97071e-14 0 4.04753e-13 0 4.04699e-13)
(4.03517e-13 -4.94626e-14 0 4.03615e-13 0 4.03566e-13)
(4.6776e-13 -6.1628e-14 0 4.67718e-13 0 4.6774e-13)
(4.65671e-13 -6.13444e-14 0 4.65756e-13 0 4.65714e-13)
(4.63091e-13 -6.12201e-14 0 4.63213e-13 0 4.63153e-13)
(4.61815e-13 -6.09603e-14 0 4.61919e-13 0 4.61867e-13)
(5.35455e-13 -7.53075e-14 0 5.35414e-13 0 5.35434e-13)
(5.33097e-13 -7.49718e-14 0 5.33199e-13 0 5.33148e-13)
(5.30166e-13 -7.47685e-14 0 5.30309e-13 0 5.30236e-13)
(5.28728e-13 -7.44732e-14 0 5.28832e-13 0 5.2878e-13)
(6.13257e-13 -9.12568e-14 0 6.13215e-13 0 6.13235e-13)
(6.10598e-13 -9.08807e-14 0 6.10716e-13 0 6.10656e-13)
(6.07267e-13 -9.05806e-14 0 6.07425e-13 0 6.07346e-13)
(6.05644e-13 -9.02471e-14 0 6.05746e-13 0 6.05696e-13)
(7.02829e-13 -1.09711e-13 0 7.02787e-13 0 7.02809e-13)
(6.99834e-13 -1.09291e-13 0 6.99963e-13 0 6.999e-13)
(6.96045e-13 -1.0889e-13 0 6.96218e-13 0 6.96131e-13)
(6.94211e-13 -1.08507e-13 0 6.94314e-13 0 6.94262e-13)
(8.06156e-13 -1.30894e-13 0 8.06118e-13 0 8.06137e-13)
(8.02779e-13 -1.30452e-13 0 8.02928e-13 0 8.02854e-13)
(7.98466e-13 -1.29939e-13 0 7.98657e-13 0 7.98562e-13)
(7.96396e-13 -1.29517e-13 0 7.96498e-13 0 7.96447e-13)
(9.25615e-13 -1.55069e-13 0 9.25585e-13 0 9.256e-13)
(9.21808e-13 -1.54594e-13 0 9.2198e-13 0 9.21894e-13)
(9.16895e-13 -1.53995e-13 0 9.17103e-13 0 9.16999e-13)
(9.14557e-13 -1.53546e-13 0 9.14657e-13 0 9.14607e-13)
(1.06408e-12 -1.82458e-13 0 1.06406e-12 0 1.06407e-12)
(1.05978e-12 -1.81962e-13 0 1.05998e-12 0 1.05988e-12)
(1.05418e-12 -1.81296e-13 0 1.05441e-12 0 1.05429e-12)
(1.05154e-12 -1.80872e-13 0 1.05164e-12 0 1.05159e-12)
(1.22504e-12 -2.13358e-13 0 1.22503e-12 0 1.22504e-12)
(1.22019e-12 -2.1279e-13 0 1.22041e-12 0 1.2203e-12)
(1.21377e-12 -2.12113e-13 0 1.21403e-12 0 1.2139e-12)
(1.21079e-12 -2.1178e-13 0 1.2109e-12 0 1.21084e-12)
(1.41277e-12 -2.48014e-13 0 1.41277e-12 0 1.41277e-12)
(1.40727e-12 -2.47362e-13 0 1.40755e-12 0 1.40741e-12)
(1.39991e-12 -2.46715e-13 0 1.40022e-12 0 1.40006e-12)
(1.39655e-12 -2.46571e-13 0 1.39666e-12 0 1.39661e-12)
(1.63254e-12 -2.86784e-13 0 1.63255e-12 0 1.63254e-12)
(1.62631e-12 -2.85935e-13 0 1.62664e-12 0 1.62647e-12)
(1.61783e-12 -2.85357e-13 0 1.6182e-12 0 1.61801e-12)
(1.61403e-12 -2.85616e-13 0 1.61416e-12 0 1.61409e-12)
(1.89094e-12 -3.29865e-13 0 1.89092e-12 0 1.89094e-12)
(1.88386e-12 -3.28772e-13 0 1.8842e-12 0 1.88404e-12)
(1.87404e-12 -3.28203e-13 0 1.87449e-12 0 1.87426e-12)
(1.86972e-12 -3.29066e-13 0 1.86991e-12 0 1.86981e-12)
(2.19621e-12 -3.81905e-13 0 2.19618e-12 0 2.1962e-12)
(2.18816e-12 -3.80088e-13 0 2.18855e-12 0 2.18836e-12)
(2.17673e-12 -3.7907e-13 0 2.17728e-12 0 2.17701e-12)
(2.17179e-12 -3.80594e-13 0 2.17204e-12 0 2.17193e-12)
(2.5588e-12 -6.05399e-13 0 2.55874e-12 0 2.55877e-12)
(2.54968e-12 -6.00712e-13 0 2.54997e-12 0 2.54988e-12)
(2.53631e-12 -5.95929e-13 0 2.53683e-12 0 2.53666e-12)
(2.5306e-12 -5.96403e-13 0 2.53088e-12 0 2.53079e-12)
(1.4803e-16 -1.67193e-20 0 1.4803e-16 0 1.4803e-16)
(1.4803e-16 -1.67167e-20 0 1.4803e-16 0 1.4803e-16)
(1.4803e-16 -1.67801e-20 0 1.4803e-16 0 1.4803e-16)
(1.4803e-16 -1.67791e-20 0 1.4803e-16 0 1.4803e-16)
(1.4803e-16 -8.92352e-20 0 1.4803e-16 0 1.4803e-16)
(1.4803e-16 -8.92729e-20 0 1.4803e-16 0 1.4803e-16)
(1.4803e-16 -8.95689e-20 0 1.4803e-16 0 1.4803e-16)
(1.4803e-16 -8.95305e-20 0 1.4803e-16 0 1.4803e-16)
(1.4803e-16 -2.40652e-19 0 1.4803e-16 0 1.4803e-16)
(1.4803e-16 -2.40889e-19 0 1.4803e-16 0 1.4803e-16)
(1.4803e-16 -2.41642e-19 0 1.4803e-16 0 1.4803e-16)
(1.4803e-16 -2.4164e-19 0 1.4803e-16 0 1.4803e-16)
(1.4803e-16 -4.68911e-19 0 1.4803e-16 0 1.4803e-16)
(1.4803e-16 -4.69537e-19 0 1.4803e-16 0 1.4803e-16)
(1.4803e-16 -4.70947e-19 0 1.4803e-16 0 1.4803e-16)
(1.4803e-16 -4.71113e-19 0 1.4803e-16 0 1.4803e-16)
(1.4803e-16 -7.59534e-19 0 1.48029e-16 0 1.4803e-16)
(1.48029e-16 -7.60639e-19 0 1.4803e-16 0 1.4803e-16)
(1.4803e-16 -7.62824e-19 0 1.4803e-16 0 1.4803e-16)
(1.4803e-16 -7.63267e-19 0 1.4803e-16 0 1.4803e-16)
(1.4803e-16 -1.08859e-18 0 1.48029e-16 0 1.4803e-16)
(1.48029e-16 -1.09017e-18 0 1.4803e-16 0 1.4803e-16)
(1.48029e-16 -1.09317e-18 0 1.4803e-16 0 1.4803e-16)
(1.48029e-16 -1.09397e-18 0 1.4803e-16 0 1.4803e-16)
(1.48031e-16 -1.43612e-18 0 1.48029e-16 0 1.4803e-16)
(1.48029e-16 -1.43806e-18 0 1.48031e-16 0 1.4803e-16)
(1.48575e-16 -1.44718e-18 0 1.48576e-16 0 1.48575e-16)
(1.48843e-16 -1.45095e-18 0 1.48844e-16 0 1.48843e-16)
(2.37321e-16 -2.86212e-18 0 2.37317e-16 0 2.37319e-16)
(2.39064e-16 -2.88666e-18 0 2.39069e-16 0 2.39066e-16)
(2.40469e-16 -2.91098e-18 0 2.40473e-16 0 2.40471e-16)
(2.40922e-16 -2.91869e-18 0 2.40924e-16 0 2.40923e-16)
(3.64464e-16 -5.22497e-18 0 3.64456e-16 0 3.64461e-16)
(3.67185e-16 -5.26935e-18 0 3.67195e-16 0 3.6719e-16)
(3.69385e-16 -5.31377e-18 0 3.69392e-16 0 3.69388e-16)
(3.70095e-16 -5.32768e-18 0 3.701e-16 0 3.70098e-16)
(5.35346e-16 -8.80928e-18 0 5.35331e-16 0 5.35339e-16)
(5.39363e-16 -8.88242e-18 0 5.39381e-16 0 5.39372e-16)
(5.42621e-16 -8.95639e-18 0 5.42636e-16 0 5.42628e-16)
(5.4368e-16 -8.97934e-18 0 5.4369e-16 0 5.43685e-16)
(7.5806e-16 -1.39188e-17 0 7.58033e-16 0 7.58048e-16)
(7.63748e-16 -1.40303e-17 0 7.63782e-16 0 7.63764e-16)
(7.68379e-16 -1.41444e-17 0 7.68407e-16 0 7.68393e-16)
(7.69899e-16 -1.41805e-17 0 7.69917e-16 0 7.69908e-16)
(1.04166e-15 -2.08477e-17 0 1.04161e-15 0 1.04164e-15)
(1.04945e-15 -2.1009e-17 0 1.04951e-15 0 1.04948e-15)
(1.05583e-15 -2.1171e-17 0 1.05588e-15 0 1.05585e-15)
(1.05794e-15 -2.12245e-17 0 1.05797e-15 0 1.05796e-15)
(1.39626e-15 -2.98601e-17 0 1.39619e-15 0 1.39623e-15)
(1.40667e-15 -3.00828e-17 0 1.40676e-15 0 1.40672e-15)
(1.41522e-15 -3.02975e-17 0 1.4153e-15 0 1.41526e-15)
(1.41809e-15 -3.03727e-17 0 1.41813e-15 0 1.41811e-15)
(1.83321e-15 -4.1179e-17 0 1.8331e-15 0 1.83316e-15)
(1.8468e-15 -4.149e-17 0 1.84695e-15 0 1.84687e-15)
(1.85803e-15 -4.17471e-17 0 1.85815e-15 0 1.85809e-15)
(1.86184e-15 -4.18397e-17 0 1.86191e-15 0 1.86188e-15)
(2.36521e-15 -5.49657e-17 0 2.36507e-15 0 2.36515e-15)
(2.38266e-15 -5.54133e-17 0 2.38289e-15 0 2.38276e-15)
(2.39713e-15 -5.57257e-17 0 2.39732e-15 0 2.39723e-15)
(2.40211e-15 -5.58201e-17 0 2.40222e-15 0 2.40216e-15)
(3.0067e-15 -7.13321e-17 0 3.00651e-15 0 3.00661e-15)
(3.02874e-15 -7.18826e-17 0 3.02906e-15 0 3.02889e-15)
(3.04712e-15 -7.22858e-17 0 3.04739e-15 0 3.04725e-15)
(3.05353e-15 -7.23713e-17 0 3.05368e-15 0 3.0536e-15)
(3.77374e-15 -9.03439e-17 0 3.77348e-15 0 3.77362e-15)
(3.8012e-15 -9.0908e-17 0 3.80168e-15 0 3.80141e-15)
(3.82425e-15 -9.14012e-17 0 3.82463e-15 0 3.82444e-15)
(3.83241e-15 -9.14804e-17 0 3.8326e-15 0 3.83251e-15)
(4.68451e-15 -1.11986e-16 0 4.68416e-15 0 4.68435e-15)
(4.71836e-15 -1.12578e-16 0 4.71897e-15 0 4.71866e-15)
(4.74692e-15 -1.1319e-16 0 4.74742e-15 0 4.74719e-15)
(4.7572e-15 -1.13262e-16 0 4.75744e-15 0 4.75732e-15)
(5.75961e-15 -1.36271e-16 0 5.75914e-15 0 5.75941e-15)
(5.8009e-15 -1.36896e-16 0 5.80171e-15 0 5.80131e-15)
(5.83597e-15 -1.376e-16 0 5.83663e-15 0 5.83632e-15)
(5.8488e-15 -1.37625e-16 0 5.84909e-15 0 5.84895e-15)
(7.02229e-15 -1.632e-16 0 7.02172e-15 0 7.02204e-15)
(7.07222e-15 -1.63815e-16 0 7.07336e-15 0 7.07275e-15)
(7.11491e-15 -1.64555e-16 0 7.11582e-15 0 7.11538e-15)
(7.13081e-15 -1.64491e-16 0 7.13117e-15 0 7.13099e-15)
(8.49889e-15 -1.92886e-16 0 8.49819e-15 0 8.49859e-15)
(8.55882e-15 -1.93469e-16 0 8.56028e-15 0 8.55951e-15)
(8.61038e-15 -1.94119e-16 0 8.61157e-15 0 8.611e-15)
(8.62994e-15 -1.93899e-16 0 8.63037e-15 0 8.63015e-15)
(1.02192e-14 -2.25526e-16 0 1.02183e-14 0 1.02188e-14)
(1.02906e-14 -2.2596e-16 0 1.02925e-14 0 1.02915e-14)
(1.03525e-14 -2.26339e-16 0 1.0354e-14 0 1.03533e-14)
(1.03764e-14 -2.25905e-16 0 1.03769e-14 0 1.03766e-14)
(1.22168e-14 -2.61558e-16 0 1.22158e-14 0 1.22164e-14)
(1.23014e-14 -2.61708e-16 0 1.23038e-14 0 1.23025e-14)
(1.23752e-14 -2.61547e-16 0 1.23771e-14 0 1.23762e-14)
(1.24043e-14 -2.60827e-16 0 1.24048e-14 0 1.24046e-14)
(1.45299e-14 -3.01722e-16 0 1.45287e-14 0 1.45294e-14)
(1.46296e-14 -3.01326e-16 0 1.46324e-14 0 1.46309e-14)
(1.47172e-14 -3.00323e-16 0 1.47194e-14 0 1.47184e-14)
(1.47523e-14 -2.99301e-16 0 1.47529e-14 0 1.47526e-14)
(1.72017e-14 -3.47256e-16 0 1.72001e-14 0 1.72011e-14)
(1.73185e-14 -3.45986e-16 0 1.73218e-14 0 1.73201e-14)
(1.74219e-14 -3.43681e-16 0 1.74246e-14 0 1.74233e-14)
(1.74642e-14 -3.42366e-16 0 1.74647e-14 0 1.74644e-14)
(2.02808e-14 -4.00107e-16 0 2.02792e-14 0 2.02801e-14)
(2.04171e-14 -3.97596e-16 0 2.04212e-14 0 2.0419e-14)
(2.05387e-14 -3.93607e-16 0 2.05419e-14 0 2.05404e-14)
(2.05894e-14 -3.92043e-16 0 2.05899e-14 0 2.05897e-14)
(2.38229e-14 -4.63215e-16 0 2.38208e-14 0 2.38221e-14)
(2.39815e-14 -4.59201e-16 0 2.39858e-14 0 2.39835e-14)
(2.41238e-14 -4.52741e-16 0 2.41273e-14 0 2.41257e-14)
(2.41843e-14 -4.5135e-16 0 2.41846e-14 0 2.41845e-14)
(2.78906e-14 -5.40653e-16 0 2.78883e-14 0 2.78898e-14)
(2.80744e-14 -5.34862e-16 0 2.80792e-14 0 2.80765e-14)
(2.82404e-14 -5.2636e-16 0 2.82443e-14 0 2.82425e-14)
(2.83123e-14 -5.25588e-16 0 2.83125e-14 0 2.83124e-14)
(3.25552e-14 -6.38034e-16 0 3.2553e-14 0 3.25544e-14)
(3.27675e-14 -6.31188e-16 0 3.2773e-14 0 3.27697e-14)
(3.29606e-14 -6.21072e-16 0 3.29651e-14 0 3.29629e-14)
(3.3046e-14 -6.22391e-16 0 3.30459e-14 0 3.30458e-14)
(3.78981e-14 -7.66559e-16 0 3.7895e-14 0 3.78974e-14)
(3.81426e-14 -7.63847e-16 0 3.81475e-14 0 3.81448e-14)
(3.83661e-14 -7.43852e-16 0 3.83711e-14 0 3.83687e-14)
(3.84674e-14 -7.51149e-16 0 3.84663e-14 0 3.84669e-14)
(4.40106e-14 -9.33952e-16 0 4.401e-14 0 4.40106e-14)
(4.42923e-14 -9.33434e-16 0 4.42976e-14 0 4.42944e-14)
(4.45506e-14 -8.95937e-16 0 4.45569e-14 0 4.45534e-14)
(4.46707e-14 -9.08273e-16 0 4.46686e-14 0 4.46695e-14)
(5.09985e-14 -1.15068e-15 0 5.10001e-14 0 5.09992e-14)
(5.13229e-14 -1.14289e-15 0 5.13257e-14 0 5.13242e-14)
(5.16204e-14 -1.09848e-15 0 5.16261e-14 0 5.1623e-14)
(5.17614e-14 -1.10957e-15 0 5.17579e-14 0 5.17598e-14)
(5.89812e-14 -1.44092e-15 0 5.89838e-14 0 5.89826e-14)
(5.9353e-14 -1.42599e-15 0 5.93529e-14 0 5.93532e-14)
(5.96952e-14 -1.38375e-15 0 5.96997e-14 0 5.96975e-14)
(5.98604e-14 -1.39265e-15 0 5.98552e-14 0 5.98581e-14)
(6.80943e-14 -1.83032e-15 0 6.80988e-14 0 6.80962e-14)
(6.8519e-14 -1.81156e-15 0 6.85167e-14 0 6.85177e-14)
(6.89121e-14 -1.76939e-15 0 6.8916e-14 0 6.8914e-14)
(6.91053e-14 -1.7767e-15 0 6.90991e-14 0 6.91023e-14)
(7.84941e-14 -2.35368e-15 0 7.84986e-14 0 7.84965e-14)
(7.89782e-14 -2.33448e-15 0 7.8971e-14 0 7.8975e-14)
(7.94286e-14 -2.29163e-15 0 7.94309e-14 0 7.94298e-14)
(7.96544e-14 -2.29678e-15 0 7.96458e-14 0 7.96504e-14)
(9.03575e-14 -3.05474e-15 0 9.03626e-14 0 9.03602e-14)
(9.09077e-14 -3.04138e-15 0 9.08966e-14 0 9.0902e-14)
(9.14234e-14 -2.99565e-15 0 9.14242e-14 0 9.14237e-14)
(9.16866e-14 -2.99808e-15 0 9.16765e-14 0 9.16818e-14)
(1.03887e-13 -3.99069e-15 0 1.03894e-13 0 1.0389e-13)
(1.04512e-13 -3.98652e-15 0 1.04495e-13 0 1.04504e-13)
(1.05102e-13 -3.93834e-15 0 1.051e-13 0 1.05101e-13)
(1.05408e-13 -3.93973e-15 0 1.05396e-13 0 1.05402e-13)
(1.19317e-13 -5.22998e-15 0 1.19323e-13 0 1.1932e-13)
(1.20025e-13 -5.23861e-15 0 1.20001e-13 0 1.20013e-13)
(1.20699e-13 -5.19098e-15 0 1.20693e-13 0 1.20696e-13)
(1.21054e-13 -5.19296e-15 0 1.2104e-13 0 1.21047e-13)
(1.36912e-13 -6.85826e-15 0 1.36919e-13 0 1.36916e-13)
(1.37713e-13 -6.88562e-15 0 1.37681e-13 0 1.37697e-13)
(1.38482e-13 -6.84115e-15 0 1.38472e-13 0 1.38477e-13)
(1.38895e-13 -6.84301e-15 0 1.38878e-13 0 1.38887e-13)
(1.5698e-13 -8.97519e-15 0 1.56987e-13 0 1.56983e-13)
(1.57883e-13 -9.02965e-15 0 1.57844e-13 0 1.57863e-13)
(1.58762e-13 -8.9932e-15 0 1.58746e-13 0 1.58753e-13)
(1.5924e-13 -8.99399e-15 0 1.5922e-13 0 1.59231e-13)
(1.79872e-13 -1.1703e-14 0 1.79877e-13 0 1.79875e-13)
(1.8089e-13 -1.17923e-14 0 1.8084e-13 0 1.80865e-13)
(1.81892e-13 -1.17697e-14 0 1.81869e-13 0 1.8188e-13)
(1.82446e-13 -1.17694e-14 0 1.82423e-13 0 1.82435e-13)
(2.05993e-13 -1.51741e-14 0 2.05997e-13 0 2.05995e-13)
(2.07139e-13 -1.53098e-14 0 2.07077e-13 0 2.07109e-13)
(2.08281e-13 -1.53075e-14 0 2.08249e-13 0 2.08265e-13)
(2.08923e-13 -1.53076e-14 0 2.08894e-13 0 2.0891e-13)
(2.35809e-13 -1.9551e-14 0 2.35816e-13 0 2.35812e-13)
(2.37096e-13 -1.97409e-14 0 2.3703e-13 0 2.37062e-13)
(2.384e-13 -1.97556e-14 0 2.38359e-13 0 2.38379e-13)
(2.39145e-13 -1.9762e-14 0 2.3911e-13 0 2.39128e-13)
(2.69865e-13 -2.5001e-14 0 2.69869e-13 0 2.69868e-13)
(2.7131e-13 -2.52568e-14 0 2.71229e-13 0 2.7127e-13)
(2.72796e-13 -2.52968e-14 0 2.72742e-13 0 2.72769e-13)
(2.73656e-13 -2.53168e-14 0 2.73617e-13 0 2.73637e-13)
(3.08782e-13 -3.17263e-14 0 3.08791e-13 0 3.08786e-13)
(3.10401e-13 -3.20785e-14 0 3.10314e-13 0 3.10358e-13)
(3.12096e-13 -3.2108e-14 0 3.1203e-13 0 3.12063e-13)
(3.13094e-13 -3.2144e-14 0 3.13045e-13 0 3.1307e-13)
(3.53288e-13 -3.98043e-14 0 3.53312e-13 0 3.53298e-13)
(3.55103e-13 -4.02305e-14 0 3.55015e-13 0 3.55055e-13)
(3.5704e-13 -4.02934e-14 0 3.56957e-13 0 3.56998e-13)
(3.58192e-13 -4.03275e-14 0 3.58139e-13 0 3.58164e-13)
(4.04247e-13 -4.94298e-14 0 4.04272e-13 0 4.04262e-13)
(4.06281e-13 -4.98685e-14 0 4.0617e-13 0 4.0623e-13)
(4.08486e-13 -5.00366e-14 0 4.08381e-13 0 4.08435e-13)
(4.09819e-13 -5.00928e-14 0 4.09753e-13 0 4.09784e-13)
(4.62656e-13 -6.08852e-14 0 4.62692e-13 0 4.62672e-13)
(4.64926e-13 -6.13357e-14 0 4.64815e-13 0 4.6487e-13)
(4.67442e-13 -6.15833e-14 0 4.67321e-13 0 4.67382e-13)
(4.68986e-13 -6.16909e-14 0 4.68907e-13 0 4.68947e-13)
(5.29699e-13 -7.43789e-14 0 5.29739e-13 0 5.29718e-13)
(5.32231e-13 -7.48611e-14 0 5.32114e-13 0 5.32172e-13)
(5.35099e-13 -7.51944e-14 0 5.3496e-13 0 5.3503e-13)
(5.36886e-13 -7.53513e-14 0 5.36799e-13 0 5.36842e-13)
(6.06772e-13 -9.01514e-14 0 6.06811e-13 0 6.06792e-13)
(6.09595e-13 -9.06531e-14 0 6.09462e-13 0 6.09532e-13)
(6.12862e-13 -9.10768e-14 0 6.12703e-13 0 6.12784e-13)
(6.14929e-13 -9.12882e-14 0 6.14834e-13 0 6.14882e-13)
(6.95523e-13 -1.08427e-13 0 6.9557e-13 0 6.95544e-13)
(6.98667e-13 -1.08959e-13 0 6.98537e-13 0 6.98601e-13)
(7.02395e-13 -1.09479e-13 0 7.0222e-13 0 7.02308e-13)
(7.04789e-13 -1.09744e-13 0 7.04686e-13 0 7.04737e-13)
(7.97933e-13 -1.29461e-13 0 7.97977e-13 0 7.97952e-13)
(8.01435e-13 -1.29996e-13 0 8.01292e-13 0 8.01364e-13)
(8.05687e-13 -1.30622e-13 0 8.05492e-13 0 8.0559e-13)
(8.08457e-13 -1.30938e-13 0 8.08348e-13 0 8.08402e-13)
(9.16363e-13 -1.53523e-13 0 9.16401e-13 0 9.16381e-13)
(9.20265e-13 -1.5405e-13 0 9.20109e-13 0 9.20188e-13)
(9.2512e-13 -1.5477e-13 0 9.24902e-13 0 9.25012e-13)
(9.28329e-13 -1.55134e-13 0 9.2821e-13 0 9.28269e-13)
(1.05367e-12 -1.80887e-13 0 1.0537e-12 0 1.05368e-12)
(1.05802e-12 -1.81357e-13 0 1.05785e-12 0 1.05793e-12)
(1.06357e-12 -1.82184e-13 0 1.06333e-12 0 1.06345e-12)
(1.06729e-12 -1.82591e-13 0 1.06716e-12 0 1.06722e-12)
(1.21332e-12 -2.11856e-13 0 1.21334e-12 0 1.21332e-12)
(1.21817e-12 -2.12231e-13 0 1.21798e-12 0 1.21807e-12)
(1.22453e-12 -2.13124e-13 0 1.22426e-12 0 1.22439e-12)
(1.22884e-12 -2.13583e-13 0 1.2287e-12 0 1.22877e-12)
(1.39956e-12 -2.46722e-13 0 1.39956e-12 0 1.39956e-12)
(1.40498e-12 -2.46942e-13 0 1.40475e-12 0 1.40487e-12)
(1.41228e-12 -2.47883e-13 0 1.41198e-12 0 1.41213e-12)
(1.41729e-12 -2.48395e-13 0 1.41714e-12 0 1.41721e-12)
(1.61764e-12 -2.85923e-13 0 1.6176e-12 0 1.61762e-12)
(1.6237e-12 -2.85907e-13 0 1.62342e-12 0 1.62357e-12)
(1.6321e-12 -2.86788e-13 0 1.63176e-12 0 1.63193e-12)
(1.63794e-12 -2.8736e-13 0 1.63776e-12 0 1.63785e-12)
(1.87405e-12 -3.29734e-13 0 1.87401e-12 0 1.87402e-12)
(1.88087e-12 -3.29399e-13 0 1.88056e-12 0 1.8807e-12)
(1.89058e-12 -3.30104e-13 0 1.8902e-12 0 1.89038e-12)
(1.89739e-12 -3.30707e-13 0 1.89718e-12 0 1.89729e-12)
(2.17703e-12 -3.81556e-13 0 2.17696e-12 0 2.17697e-12)
(2.18471e-12 -3.81374e-13 0 2.18433e-12 0 2.1845e-12)
(2.19597e-12 -3.825e-13 0 2.19558e-12 0 2.19574e-12)
(2.20396e-12 -3.83107e-13 0 2.20373e-12 0 2.20383e-12)
(2.53689e-12 -5.98474e-13 0 2.53684e-12 0 2.53683e-12)
(2.54556e-12 -6.01644e-13 0 2.54523e-12 0 2.54532e-12)
(2.55873e-12 -6.06158e-13 0 2.55835e-12 0 2.55848e-12)
(2.56812e-12 -6.07655e-13 0 2.56788e-12 0 2.56797e-12)
(2.98839e-12 -2.24764e-12 0 2.98816e-12 0 2.98825e-12)
(2.97815e-12 -2.22709e-12 0 2.97814e-12 0 2.97821e-12)
(2.96255e-12 -2.18154e-12 0 2.96276e-12 0 2.96284e-12)
(2.9558e-12 -2.13494e-12 0 2.95607e-12 0 2.95604e-12)
(3.40641e-12 -3.84717e-12 0 3.40552e-12 0 3.40587e-12)
(3.39731e-12 -3.83571e-12 0 3.39501e-12 0 3.39584e-12)
(3.38368e-12 -3.81647e-12 0 3.38015e-12 0 3.38135e-12)
(3.37908e-12 -3.81296e-12 0 3.3772e-12 0 3.3778e-12)
(3.64778e-12 -3.98659e-12 0 3.64652e-12 0 3.64721e-12)
(3.64009e-12 -3.97978e-12 0 3.63734e-12 0 3.63887e-12)
(3.63041e-12 -3.98219e-12 0 3.62673e-12 0 3.6288e-12)
(3.63166e-12 -4.00761e-12 0 3.63005e-12 0 3.63099e-12)
(3.69864e-12 -3.63685e-12 0 3.69757e-12 0 3.69812e-12)
(3.69239e-12 -3.63285e-12 0 3.69046e-12 0 3.69149e-12)
(3.68522e-12 -3.63387e-12 0 3.68302e-12 0 3.68423e-12)
(3.68897e-12 -3.65223e-12 0 3.68839e-12 0 3.68872e-12)
(3.61326e-12 -3.27373e-12 0 3.61241e-12 0 3.61281e-12)
(3.60858e-12 -3.27181e-12 0 3.60736e-12 0 3.60795e-12)
(3.60317e-12 -3.2712e-12 0 3.60214e-12 0 3.60263e-12)
(3.60728e-12 -3.28308e-12 0 3.60741e-12 0 3.60734e-12)
(3.43453e-12 -2.91651e-12 0 3.43382e-12 0 3.43417e-12)
(3.43152e-12 -2.91635e-12 0 3.43067e-12 0 3.43112e-12)
(3.42758e-12 -2.91503e-12 0 3.42709e-12 0 3.42734e-12)
(3.43095e-12 -2.92129e-12 0 3.4314e-12 0 3.43117e-12)
(3.19499e-12 -2.56831e-12 0 3.19449e-12 0 3.19473e-12)
(3.19364e-12 -2.56919e-12 0 3.19325e-12 0 3.19345e-12)
(3.19109e-12 -2.56792e-12 0 3.19101e-12 0 3.19105e-12)
(3.19347e-12 -2.57044e-12 0 3.19405e-12 0 3.19374e-12)
(2.92093e-12 -2.136e-12 0 2.9206e-12 0 2.92075e-12)
(2.92106e-12 -2.14092e-12 0 2.921e-12 0 2.92103e-12)
(2.91953e-12 -2.14569e-12 0 2.9197e-12 0 2.91961e-12)
(2.92077e-12 -2.14929e-12 0 2.9213e-12 0 2.92105e-12)
(2.63838e-12 -1.699e-12 0 2.63822e-12 0 2.63829e-12)
(2.63996e-12 -1.70348e-12 0 2.64014e-12 0 2.64006e-12)
(2.63922e-12 -1.7072e-12 0 2.63947e-12 0 2.63935e-12)
(2.63944e-12 -1.70875e-12 0 2.63987e-12 0 2.63964e-12)
(2.36365e-12 -1.35995e-12 0 2.36364e-12 0 2.36364e-12)
(2.36679e-12 -1.36403e-12 0 2.36715e-12 0 2.36698e-12)
(2.36668e-12 -1.36672e-12 0 2.36696e-12 0 2.36683e-12)
(2.3661e-12 -1.36706e-12 0 2.36636e-12 0 2.36624e-12)
(2.10567e-12 -1.10752e-12 0 2.10575e-12 0 2.10571e-12)
(2.11058e-12 -1.11147e-12 0 2.11108e-12 0 2.11083e-12)
(2.11101e-12 -1.11329e-12 0 2.11131e-12 0 2.11116e-12)
(2.10987e-12 -1.113e-12 0 2.11002e-12 0 2.10993e-12)
(1.86808e-12 -9.23146e-13 0 1.86827e-12 0 1.86816e-12)
(1.87544e-12 -9.27516e-13 0 1.87601e-12 0 1.87572e-12)
(1.87628e-12 -9.28698e-13 0 1.87655e-12 0 1.87641e-12)
(1.87477e-12 -9.28081e-13 0 1.87479e-12 0 1.87479e-12)
(1.65161e-12 -7.87057e-13 0 1.65181e-12 0 1.65171e-12)
(1.66229e-12 -7.92514e-13 0 1.66288e-12 0 1.6626e-12)
(1.6634e-12 -7.93307e-13 0 1.66361e-12 0 1.66351e-12)
(1.66168e-12 -7.92525e-13 0 1.66167e-12 0 1.66165e-12)
(1.45529e-12 -6.81918e-13 0 1.45556e-12 0 1.4554e-12)
(1.47031e-12 -6.89126e-13 0 1.47091e-12 0 1.47059e-12)
(1.47158e-12 -6.89754e-13 0 1.4718e-12 0 1.47168e-12)
(1.46979e-12 -6.88897e-13 0 1.46976e-12 0 1.4698e-12)
(1.27754e-12 -5.95118e-13 0 1.27777e-12 0 1.27766e-12)
(1.29794e-12 -6.04719e-13 0 1.29849e-12 0 1.29824e-12)
(1.29938e-12 -6.05322e-13 0 1.29952e-12 0 1.29946e-12)
(1.29762e-12 -6.0446e-13 0 1.29756e-12 0 1.29756e-12)
(1.11656e-12 -5.19395e-13 0 1.11676e-12 0 1.11665e-12)
(1.1435e-12 -5.31996e-13 0 1.14398e-12 0 1.14375e-12)
(1.14498e-12 -5.32619e-13 0 1.14516e-12 0 1.14508e-12)
(1.14324e-12 -5.31777e-13 0 1.14326e-12 0 1.14326e-12)
(9.72177e-13 -4.52122e-13 0 9.7237e-13 0 9.72271e-13)
(1.00526e-12 -4.67595e-13 0 1.00583e-12 0 1.00555e-12)
(1.0068e-12 -4.68226e-13 0 1.00701e-12 0 1.00689e-12)
(1.0052e-12 -4.67413e-13 0 1.00511e-12 0 1.00514e-12)
(8.43728e-13 -3.92351e-13 0 8.43802e-13 0 8.43761e-13)
(8.8188e-13 -4.10181e-13 0 8.82336e-13 0 8.82105e-13)
(8.83277e-13 -4.10791e-13 0 8.83558e-13 0 8.83423e-13)
(8.8168e-13 -4.1e-13 0 8.81748e-13 0 8.81722e-13)
(7.30163e-13 -3.17371e-13 0 7.30223e-13 0 7.30189e-13)
(7.71749e-13 -3.32106e-13 0 7.72197e-13 0 7.71982e-13)
(7.73e-13 -3.33182e-13 0 7.73357e-13 0 7.73178e-13)
(7.71503e-13 -3.33089e-13 0 7.71435e-13 0 7.71455e-13)
(6.3082e-13 -2.49612e-13 0 6.30767e-13 0 6.30783e-13)
(6.7394e-13 -2.62869e-13 0 6.74232e-13 0 6.7407e-13)
(6.74961e-13 -2.63322e-13 0 6.75346e-13 0 6.75154e-13)
(6.73352e-13 -2.63583e-13 0 6.73415e-13 0 6.73394e-13)
(5.44371e-13 -1.92728e-13 0 5.44289e-13 0 5.44326e-13)
(5.87341e-13 -2.05098e-13 0 5.87506e-13 0 5.87437e-13)
(5.88188e-13 -2.05392e-13 0 5.88583e-13 0 5.88389e-13)
(5.8653e-13 -2.05535e-13 0 5.86533e-13 0 5.86517e-13)
(4.69512e-13 -1.46528e-13 0 4.69404e-13 0 4.69459e-13)
(5.10958e-13 -1.57143e-13 0 5.11023e-13 0 5.10989e-13)
(5.11669e-13 -1.57184e-13 0 5.12056e-13 0 5.11866e-13)
(5.09833e-13 -1.57305e-13 0 5.09925e-13 0 5.09889e-13)
(4.04887e-13 -1.08954e-13 0 4.04787e-13 0 4.04831e-13)
(4.43748e-13 -1.17791e-13 0 4.4376e-13 0 4.43757e-13)
(4.44401e-13 -1.17873e-13 0 4.44777e-13 0 4.44589e-13)
(4.42454e-13 -1.17758e-13 0 4.42494e-13 0 4.42461e-13)
(3.49247e-13 -7.91008e-14 0 3.49149e-13 0 3.49198e-13)
(3.84776e-13 -8.60408e-14 0 3.84731e-13 0 3.84754e-13)
(3.85441e-13 -8.60176e-14 0 3.8578e-13 0 3.85613e-13)
(3.83306e-13 -8.58362e-14 0 3.83391e-13 0 3.83358e-13)
(3.01433e-13 -5.56215e-14 0 3.01352e-13 0 3.01388e-13)
(3.33106e-13 -6.08099e-14 0 3.33054e-13 0 3.33078e-13)
(3.33849e-13 -6.085e-14 0 3.34161e-13 0 3.34002e-13)
(3.31628e-13 -6.05324e-14 0 3.31658e-13 0 3.31633e-13)
(2.60399e-13 -3.74548e-14 0 2.60338e-13 0 2.60365e-13)
(2.8793e-13 -4.1167e-14 0 2.87858e-13 0 2.87894e-13)
(2.88782e-13 -4.11605e-14 0 2.89035e-13 0 2.88915e-13)
(2.86465e-13 -4.08541e-14 0 2.86527e-13 0 2.86502e-13)
(2.25212e-13 -2.36503e-14 0 2.25151e-13 0 2.25186e-13)
(2.4847e-13 -2.6084e-14 0 2.48394e-13 0 2.4844e-13)
(2.49445e-13 -2.61115e-14 0 2.49669e-13 0 2.49557e-13)
(2.47157e-13 -2.57912e-14 0 2.47165e-13 0 2.47152e-13)
(1.94996e-13 -1.32369e-14 0 1.94968e-13 0 1.94979e-13)
(2.14045e-13 -1.48015e-14 0 2.13993e-13 0 2.14017e-13)
(2.15156e-13 -1.47782e-14 0 2.15339e-13 0 2.15249e-13)
(2.12905e-13 -1.45064e-14 0 2.12933e-13 0 2.12924e-13)
(1.6897e-13 -5.64909e-15 0 1.68953e-13 0 1.68961e-13)
(1.84056e-13 -6.5262e-15 0 1.84016e-13 0 1.8404e-13)
(1.85292e-13 -6.48347e-15 0 1.85433e-13 0 1.85366e-13)
(1.83166e-13 -6.26555e-15 0 1.83152e-13 0 1.83152e-13)
(1.46351e-13 -1.08024e-16 0 1.46345e-13 0 1.46349e-13)
(1.57966e-13 -6.68832e-16 0 1.57947e-13 0 1.57955e-13)
(1.59296e-13 -5.56474e-16 0 1.59418e-13 0 1.59354e-13)
(1.57301e-13 -3.86349e-16 0 1.57306e-13 0 1.57309e-13)
(1.26434e-13 3.56961e-15 0 1.26454e-13 0 1.26438e-13)
(1.35302e-13 3.29334e-15 0 1.35315e-13 0 1.35303e-13)
(1.367e-13 3.48221e-15 0 1.36783e-13 0 1.36742e-13)
(1.34882e-13 3.58101e-15 0 1.34864e-13 0 1.34869e-13)
(1.08917e-13 5.92969e-15 0 1.0893e-13 0 1.08925e-13)
(1.15675e-13 5.80488e-15 0 1.15677e-13 0 1.15677e-13)
(1.17069e-13 6.09037e-15 0 1.17126e-13 0 1.17099e-13)
(1.15419e-13 6.17352e-15 0 1.1542e-13 0 1.15421e-13)
(9.35057e-14 7.21306e-15 0 9.35261e-14 0 9.3515e-14)
(9.86869e-14 7.22606e-15 0 9.87012e-14 0 9.8695e-14)
(1.00036e-13 7.6123e-15 0 1.0007e-13 0 1.00052e-13)
(9.85761e-14 7.65552e-15 0 9.8564e-14 0 9.85678e-14)
(7.9957e-14 7.8681e-15 0 7.99828e-14 0 7.99695e-14)
(8.40281e-14 8.01379e-15 0 8.40367e-14 0 8.40323e-14)
(8.52733e-14 8.41844e-15 0 8.52847e-14 0 8.52804e-14)
(8.39856e-14 8.41835e-15 0 8.39845e-14 0 8.39859e-14)
(6.81809e-14 8.0804e-15 0 6.82027e-14 0 6.81927e-14)
(7.13802e-14 8.35735e-15 0 7.13847e-14 0 7.13843e-14)
(7.24905e-14 8.66989e-15 0 7.24898e-14 0 7.24898e-14)
(7.1377e-14 8.55948e-15 0 7.13738e-14 0 7.13737e-14)
(5.79542e-14 7.90468e-15 0 5.79743e-14 0 5.79635e-14)
(6.0471e-14 8.22571e-15 0 6.04735e-14 0 6.04713e-14)
(6.14317e-14 8.43476e-15 0 6.14287e-14 0 6.14305e-14)
(6.04798e-14 8.2921e-15 0 6.04831e-14 0 6.0482e-14)
(4.90867e-14 7.49477e-15 0 4.91012e-14 0 4.90937e-14)
(5.10637e-14 7.77925e-15 0 5.10652e-14 0 5.10645e-14)
(5.18807e-14 7.90168e-15 0 5.18762e-14 0 5.18784e-14)
(5.1081e-14 7.81302e-15 0 5.10837e-14 0 5.10823e-14)
(4.14078e-14 6.905e-15 0 4.14177e-14 0 4.14125e-14)
(4.29595e-14 7.16737e-15 0 4.29603e-14 0 4.296e-14)
(4.36428e-14 7.25842e-15 0 4.36391e-14 0 4.36411e-14)
(4.29813e-14 7.19403e-15 0 4.2982e-14 0 4.29817e-14)
(3.4769e-14 6.23239e-15 0 3.47752e-14 0 3.47721e-14)
(3.59849e-14 6.46129e-15 0 3.59863e-14 0 3.59857e-14)
(3.65507e-14 6.54676e-15 0 3.65465e-14 0 3.65486e-14)
(3.60091e-14 6.4807e-15 0 3.60094e-14 0 3.60091e-14)
(2.90413e-14 5.50579e-15 0 2.90438e-14 0 2.90424e-14)
(2.99924e-14 5.70729e-15 0 2.99929e-14 0 2.99927e-14)
(3.04544e-14 5.78042e-15 0 3.04512e-14 0 3.04529e-14)
(3.00165e-14 5.71271e-15 0 3.0017e-14 0 3.00167e-14)
(2.41104e-14 4.77938e-15 0 2.41107e-14 0 2.41106e-14)
(2.48523e-14 4.93998e-15 0 2.48526e-14 0 2.48525e-14)
(2.52261e-14 5.00244e-15 0 2.52236e-14 0 2.52248e-14)
(2.48758e-14 4.94248e-15 0 2.48765e-14 0 2.48761e-14)
(1.98775e-14 4.06776e-15 0 1.98765e-14 0 1.98768e-14)
(2.04541e-14 4.18496e-15 0 2.04541e-14 0 2.04541e-14)
(2.07534e-14 4.2462e-15 0 2.07517e-14 0 2.07526e-14)
(2.04763e-14 4.19441e-15 0 2.04771e-14 0 2.04766e-14)
(1.62552e-14 3.39627e-15 0 1.62546e-14 0 1.6255e-14)
(1.67021e-14 3.48674e-15 0 1.6702e-14 0 1.67021e-14)
(1.69396e-14 3.53457e-15 0 1.69381e-14 0 1.69388e-14)
(1.67224e-14 3.4926e-15 0 1.67231e-14 0 1.67227e-14)
(1.31692e-14 2.77411e-15 0 1.31683e-14 0 1.31686e-14)
(1.35132e-14 2.84376e-15 0 1.35131e-14 0 1.35132e-14)
(1.36996e-14 2.88532e-15 0 1.36985e-14 0 1.36992e-14)
(1.35314e-14 2.85268e-15 0 1.35319e-14 0 1.35316e-14)
(1.05523e-14 2.22224e-15 0 1.05519e-14 0 1.05521e-14)
(1.08157e-14 2.2759e-15 0 1.08157e-14 0 1.08157e-14)
(1.09604e-14 2.30672e-15 0 1.09593e-14 0 1.09598e-14)
(1.08314e-14 2.28022e-15 0 1.08317e-14 0 1.08315e-14)
(8.34728e-15 1.73077e-15 0 8.34669e-15 0 8.34693e-15)
(8.54687e-15 1.77074e-15 0 8.54681e-15 0 8.54685e-15)
(8.65741e-15 1.79339e-15 0 8.65681e-15 0 8.65716e-15)
(8.55993e-15 1.77356e-15 0 8.56014e-15 0 8.56003e-15)
(6.50339e-15 1.31082e-15 0 6.50316e-15 0 6.50329e-15)
(6.65314e-15 1.33977e-15 0 6.65307e-15 0 6.65311e-15)
(6.73646e-15 1.35653e-15 0 6.73599e-15 0 6.73621e-15)
(6.66372e-15 1.34175e-15 0 6.66385e-15 0 6.66378e-15)
(4.97702e-15 9.62449e-16 0 4.97675e-15 0 4.97685e-15)
(5.08758e-15 9.83073e-16 0 5.08756e-15 0 5.08757e-15)
(5.14921e-15 9.94543e-16 0 5.14899e-15 0 5.14911e-15)
(5.09592e-15 9.84025e-16 0 5.09601e-15 0 5.09596e-15)
(3.72836e-15 6.81158e-16 0 3.72823e-15 0 3.72831e-15)
(3.80861e-15 6.94949e-16 0 3.80857e-15 0 3.80859e-15)
(3.85333e-15 7.03092e-16 0 3.85317e-15 0 3.85325e-15)
(3.81501e-15 6.96051e-16 0 3.81507e-15 0 3.81503e-15)
(2.72212e-15 4.61644e-16 0 2.72202e-15 0 2.72206e-15)
(2.779e-15 4.7071e-16 0 2.77897e-15 0 2.77899e-15)
(2.81064e-15 4.75934e-16 0 2.81057e-15 0 2.81061e-15)
(2.78376e-15 4.71324e-16 0 2.7838e-15 0 2.78378e-15)
(1.92597e-15 2.96732e-16 0 1.92593e-15 0 1.92596e-15)
(1.96516e-15 3.0216e-16 0 1.96515e-15 0 1.96515e-15)
(1.98691e-15 3.05546e-16 0 1.98687e-15 0 1.98689e-15)
(1.9686e-15 3.02827e-16 0 1.96863e-15 0 1.96861e-15)
(1.3105e-15 1.7867e-16 0 1.31047e-15 0 1.31048e-15)
(1.33653e-15 1.81837e-16 0 1.33652e-15 0 1.33653e-15)
(1.35093e-15 1.83797e-16 0 1.35092e-15 0 1.35092e-15)
(1.33891e-15 1.82246e-16 0 1.33892e-15 0 1.33891e-15)
(8.48446e-16 9.885e-17 0 8.4844e-16 0 8.48443e-16)
(8.64972e-16 1.00578e-16 0 8.6497e-16 0 8.64971e-16)
(8.74069e-16 1.01663e-16 0 8.74061e-16 0 8.74065e-16)
(8.66516e-16 1.00833e-16 0 8.66523e-16 0 8.6652e-16)
(5.14683e-16 4.89105e-17 0 5.14681e-16 0 5.14682e-16)
(5.24553e-16 4.97833e-17 0 5.24552e-16 0 5.24553e-16)
(5.29948e-16 5.03054e-17 0 5.29945e-16 0 5.29946e-16)
(5.25479e-16 4.98954e-17 0 5.25482e-16 0 5.2548e-16)
(2.86006e-16 2.08175e-17 0 2.86006e-16 0 2.86006e-16)
(2.91409e-16 2.11956e-17 0 2.91409e-16 0 2.91409e-16)
(2.94346e-16 2.14129e-17 0 2.94345e-16 0 2.94346e-16)
(2.91915e-16 2.1238e-17 0 2.91917e-16 0 2.91916e-16)
(1.4803e-16 7.5671e-18 0 1.4803e-16 0 1.4803e-16)
(1.4803e-16 7.56539e-18 0 1.4803e-16 0 1.4803e-16)
(1.4803e-16 7.56574e-18 0 1.4803e-16 0 1.4803e-16)
(1.4803e-16 7.56541e-18 0 1.4803e-16 0 1.4803e-16)
(1.4803e-16 4.68686e-18 0 1.4803e-16 0 1.4803e-16)
(1.4803e-16 4.68693e-18 0 1.4803e-16 0 1.4803e-16)
(1.4803e-16 4.68654e-18 0 1.4803e-16 0 1.4803e-16)
(1.4803e-16 4.68624e-18 0 1.4803e-16 0 1.4803e-16)
(1.4803e-16 2.40867e-18 0 1.4803e-16 0 1.4803e-16)
(1.4803e-16 2.40909e-18 0 1.4803e-16 0 1.4803e-16)
(1.4803e-16 2.40853e-18 0 1.4803e-16 0 1.4803e-16)
(1.4803e-16 2.40846e-18 0 1.4803e-16 0 1.4803e-16)
(1.4803e-16 8.93407e-19 0 1.4803e-16 0 1.4803e-16)
(1.4803e-16 8.93681e-19 0 1.4803e-16 0 1.4803e-16)
(1.4803e-16 8.93369e-19 0 1.4803e-16 0 1.4803e-16)
(1.4803e-16 8.93381e-19 0 1.4803e-16 0 1.4803e-16)
(1.4803e-16 1.67379e-19 0 1.4803e-16 0 1.4803e-16)
(1.4803e-16 1.67448e-19 0 1.4803e-16 0 1.4803e-16)
(1.4803e-16 1.67371e-19 0 1.4803e-16 0 1.4803e-16)
(1.4803e-16 1.67375e-19 0 1.4803e-16 0 1.4803e-16)
(2.96324e-12 -2.13896e-12 0 2.96345e-12 0 2.96327e-12)
(2.97293e-12 -2.18629e-12 0 2.97293e-12 0 2.97283e-12)
(2.98846e-12 -2.22931e-12 0 2.9881e-12 0 2.98827e-12)
(2.9996e-12 -2.25403e-12 0 2.99924e-12 0 2.99942e-12)
(3.38556e-12 -3.82707e-12 0 3.38773e-12 0 3.38695e-12)
(3.39137e-12 -3.83693e-12 0 3.39495e-12 0 3.39373e-12)
(3.40657e-12 -3.85756e-12 0 3.40888e-12 0 3.40808e-12)
(3.41873e-12 -3.87366e-12 0 3.41929e-12 0 3.41913e-12)
(3.63916e-12 -4.02069e-12 0 3.64165e-12 0 3.64026e-12)
(3.6389e-12 -3.99982e-12 0 3.64274e-12 0 3.64056e-12)
(3.64987e-12 -3.99491e-12 0 3.65244e-12 0 3.65096e-12)
(3.66014e-12 -3.99775e-12 0 3.66072e-12 0 3.66038e-12)
(3.697e-12 -3.66208e-12 0 3.69864e-12 0 3.69776e-12)
(3.69358e-12 -3.64411e-12 0 3.69589e-12 0 3.69463e-12)
(3.7019e-12 -3.64254e-12 0 3.70352e-12 0 3.70265e-12)
(3.71064e-12 -3.64554e-12 0 3.71083e-12 0 3.71074e-12)
(3.61503e-12 -3.29068e-12 0 3.61593e-12 0 3.61552e-12)
(3.6103e-12 -3.27577e-12 0 3.61136e-12 0 3.61088e-12)
(3.61694e-12 -3.27692e-12 0 3.61799e-12 0 3.61744e-12)
(3.6246e-12 -3.28047e-12 0 3.62461e-12 0 3.62459e-12)
(3.43778e-12 -2.92597e-12 0 3.4383e-12 0 3.43801e-12)
(3.43286e-12 -2.91458e-12 0 3.43337e-12 0 3.4331e-12)
(3.43844e-12 -2.91797e-12 0 3.43916e-12 0 3.4388e-12)
(3.44526e-12 -2.92183e-12 0 3.4451e-12 0 3.4452e-12)
(3.19928e-12 -2.57371e-12 0 3.19931e-12 0 3.1993e-12)
(3.19482e-12 -2.566e-12 0 3.19485e-12 0 3.19485e-12)
(3.19945e-12 -2.56965e-12 0 3.19998e-12 0 3.19971e-12)
(3.20542e-12 -2.57316e-12 0 3.20521e-12 0 3.20532e-12)
(2.92553e-12 -2.15135e-12 0 2.92531e-12 0 2.92543e-12)
(2.92192e-12 -2.14494e-12 0 2.92169e-12 0 2.92181e-12)
(2.92574e-12 -2.14641e-12 0 2.92613e-12 0 2.92593e-12)
(2.93086e-12 -2.14875e-12 0 2.93059e-12 0 2.93073e-12)
(2.64324e-12 -1.71002e-12 0 2.64288e-12 0 2.64306e-12)
(2.64052e-12 -1.70611e-12 0 2.64019e-12 0 2.64036e-12)
(2.64365e-12 -1.7073e-12 0 2.64393e-12 0 2.64379e-12)
(2.64786e-12 -1.70906e-12 0 2.64758e-12 0 2.64772e-12)
(2.3691e-12 -1.36792e-12 0 2.36865e-12 0 2.36887e-12)
(2.36723e-12 -1.36573e-12 0 2.36684e-12 0 2.36703e-12)
(2.36975e-12 -1.3667e-12 0 2.36993e-12 0 2.36984e-12)
(2.37297e-12 -1.36797e-12 0 2.37271e-12 0 2.37285e-12)
(2.11223e-12 -1.11368e-12 0 2.11174e-12 0 2.11198e-12)
(2.11106e-12 -1.11256e-12 0 2.11067e-12 0 2.11088e-12)
(2.11302e-12 -1.11336e-12 0 2.11315e-12 0 2.11308e-12)
(2.11524e-12 -1.11419e-12 0 2.115e-12 0 2.11511e-12)
(1.87659e-12 -9.28653e-13 0 1.87608e-12 0 1.87636e-12)
(1.87605e-12 -9.28183e-13 0 1.8756e-12 0 1.87583e-12)
(1.87753e-12 -9.28846e-13 0 1.87756e-12 0 1.87755e-12)
(1.87862e-12 -9.29222e-13 0 1.87844e-12 0 1.87854e-12)
(1.66301e-12 -7.92992e-13 0 1.66264e-12 0 1.66281e-12)
(1.66291e-12 -7.92885e-13 0 1.66257e-12 0 1.66275e-12)
(1.66403e-12 -7.93409e-13 0 1.66401e-12 0 1.66401e-12)
(1.66406e-12 -7.93335e-13 0 1.66384e-12 0 1.66394e-12)
(1.47074e-12 -6.89218e-13 0 1.47029e-12 0 1.47054e-12)
(1.47109e-12 -6.89355e-13 0 1.47062e-12 0 1.47086e-12)
(1.47172e-12 -6.89729e-13 0 1.47172e-12 0 1.47171e-12)
(1.47058e-12 -6.89158e-13 0 1.47045e-12 0 1.47053e-12)
(1.29811e-12 -6.04633e-13 0 1.29784e-12 0 1.29795e-12)
(1.29873e-12 -6.04922e-13 0 1.29846e-12 0 1.29859e-12)
(1.29915e-12 -6.05154e-13 0 1.29907e-12 0 1.29911e-12)
(1.29685e-12 -6.04048e-13 0 1.29663e-12 0 1.29674e-12)
(1.14348e-12 -5.31806e-13 0 1.14318e-12 0 1.14331e-12)
(1.14444e-12 -5.32222e-13 0 1.14401e-12 0 1.1442e-12)
(1.14449e-12 -5.32337e-13 0 1.14444e-12 0 1.14447e-12)
(1.14091e-12 -5.30661e-13 0 1.14081e-12 0 1.14087e-12)
(1.00507e-12 -4.67318e-13 0 1.00481e-12 0 1.00496e-12)
(1.00621e-12 -4.67845e-13 0 1.00594e-12 0 1.00609e-12)
(1.00617e-12 -4.67858e-13 0 1.00606e-12 0 1.0061e-12)
(1.0014e-12 -4.65618e-13 0 1.00118e-12 0 1.00129e-12)
(8.81341e-13 -4.09779e-13 0 8.81148e-13 0 8.81239e-13)
(8.82818e-13 -4.10416e-13 0 8.82418e-13 0 8.82603e-13)
(8.82568e-13 -4.10356e-13 0 8.82395e-13 0 8.8249e-13)
(8.76584e-13 -4.07586e-13 0 8.7646e-13 0 8.76535e-13)
(7.70871e-13 -3.32278e-13 0 7.70638e-13 0 7.70759e-13)
(7.7256e-13 -3.34827e-13 0 7.7229e-13 0 7.72456e-13)
(7.72281e-13 -3.33387e-13 0 7.7211e-13 0 7.72188e-13)
(7.65292e-13 -3.30846e-13 0 7.6516e-13 0 7.65213e-13)
(6.72498e-13 -2.63047e-13 0 6.72375e-13 0 6.72443e-13)
(6.74625e-13 -2.64518e-13 0 6.7431e-13 0 6.74448e-13)
(6.74274e-13 -2.62915e-13 0 6.7409e-13 0 6.74175e-13)
(6.66477e-13 -2.61755e-13 0 6.66449e-13 0 6.66482e-13)
(5.85373e-13 -2.04953e-13 0 5.85213e-13 0 5.85289e-13)
(5.87877e-13 -2.06512e-13 0 5.87596e-13 0 5.8776e-13)
(5.87562e-13 -2.04492e-13 0 5.87402e-13 0 5.87492e-13)
(5.79284e-13 -2.02774e-13 0 5.79377e-13 0 5.79318e-13)
(5.08315e-13 -1.56599e-13 0 5.08243e-13 0 5.08282e-13)
(5.11437e-13 -1.57426e-13 0 5.11112e-13 0 5.11252e-13)
(5.11184e-13 -1.56313e-13 0 5.11e-13 0 5.11076e-13)
(5.0269e-13 -1.55148e-13 0 5.02859e-13 0 5.02787e-13)
(4.40452e-13 -1.16989e-13 0 4.40309e-13 0 4.40372e-13)
(4.44179e-13 -1.18192e-13 0 4.43883e-13 0 4.44048e-13)
(4.44015e-13 -1.17229e-13 0 4.43901e-13 0 4.43969e-13)
(4.35648e-13 -1.15806e-13 0 4.35878e-13 0 4.35761e-13)
(3.80628e-13 -8.48634e-14 0 3.80548e-13 0 3.806e-13)
(3.85241e-13 -8.57545e-14 0 3.84925e-13 0 3.85074e-13)
(3.85205e-13 -8.54376e-14 0 3.85054e-13 0 3.85115e-13)
(3.7712e-13 -8.43576e-14 0 3.77378e-13 0 3.77255e-13)
(3.28055e-13 -5.96729e-14 0 3.27915e-13 0 3.27979e-13)
(3.33622e-13 -6.08034e-14 0 3.33364e-13 0 3.33508e-13)
(3.3369e-13 -6.04648e-14 0 3.33612e-13 0 3.33664e-13)
(3.26138e-13 -5.94038e-14 0 3.26404e-13 0 3.26272e-13)
(2.81681e-13 -3.98362e-14 0 2.81626e-13 0 2.81656e-13)
(2.88584e-13 -4.07674e-14 0 2.88348e-13 0 2.8845e-13)
(2.88758e-13 -4.08464e-14 0 2.88655e-13 0 2.88688e-13)
(2.81791e-13 -4.00096e-14 0 2.82049e-13 0 2.81921e-13)
(2.41209e-13 -2.49713e-14 0 2.41092e-13 0 2.41142e-13)
(2.49279e-13 -2.58962e-14 0 2.49096e-13 0 2.49196e-13)
(2.49506e-13 -2.5945e-14 0 2.49453e-13 0 2.49492e-13)
(2.43259e-13 -2.52255e-14 0 2.43483e-13 0 2.43375e-13)
(2.06097e-13 -1.37641e-14 0 2.06038e-13 0 2.06077e-13)
(2.15073e-13 -1.4359e-14 0 2.14896e-13 0 2.14979e-13)
(2.1535e-13 -1.46882e-14 0 2.15271e-13 0 2.15298e-13)
(2.09783e-13 -1.4124e-14 0 2.09983e-13 0 2.09883e-13)
(1.75909e-13 -5.95646e-15 0 1.75827e-13 0 1.75855e-13)
(1.85262e-13 -6.34645e-15 0 1.85157e-13 0 1.85211e-13)
(1.85555e-13 -6.49869e-15 0 1.85527e-13 0 1.85549e-13)
(1.80706e-13 -6.02797e-15 0 1.80864e-13 0 1.80786e-13)
(1.49954e-13 -4.24262e-16 0 1.49895e-13 0 1.4994e-13)
(1.59374e-13 -4.69374e-16 0 1.59247e-13 0 1.59315e-13)
(1.59682e-13 -6.58008e-16 0 1.59604e-13 0 1.5964e-13)
(1.5543e-13 -2.67432e-16 0 1.55546e-13 0 1.55491e-13)
(1.27732e-13 3.33172e-15 0 1.27677e-13 0 1.27698e-13)
(1.36828e-13 3.50686e-15 0 1.36763e-13 0 1.36799e-13)
(1.37126e-13 3.29165e-15 0 1.371e-13 0 1.37116e-13)
(1.3344e-13 3.60356e-15 0 1.33521e-13 0 1.3348e-13)
(1.08673e-13 5.6622e-15 0 1.08657e-13 0 1.08668e-13)
(1.17264e-13 6.08935e-15 0 1.17212e-13 0 1.17232e-13)
(1.17563e-13 5.84221e-15 0 1.17507e-13 0 1.17531e-13)
(1.14294e-13 5.98854e-15 0 1.14341e-13 0 1.1432e-13)
(9.23863e-14 7.08847e-15 0 9.23552e-14 0 9.23691e-14)
(1.00268e-13 7.65602e-15 0 1.00235e-13 0 1.00257e-13)
(1.00541e-13 7.39535e-15 0 1.00517e-13 0 1.00533e-13)
(9.76154e-14 7.4273e-15 0 9.76376e-14 0 9.76267e-14)
(7.84216e-14 7.67526e-15 0 7.8421e-14 0 7.84214e-14)
(8.55303e-14 8.37455e-15 0 8.55154e-14 0 8.55187e-14)
(8.57931e-14 8.30253e-15 0 8.57613e-14 0 8.57726e-14)
(8.30615e-14 8.14596e-15 0 8.30752e-14 0 8.30684e-14)
(6.64864e-14 7.88442e-15 0 6.64779e-14 0 6.64807e-14)
(7.27601e-14 8.65511e-15 0 7.27471e-14 0 7.27556e-14)
(7.29909e-14 8.55794e-15 0 7.2974e-14 0 7.29852e-14)
(7.0743e-14 8.33607e-15 0 7.0749e-14 0 7.07466e-14)
(5.6259e-14 7.60959e-15 0 5.62589e-14 0 5.62608e-14)
(6.17052e-14 8.36523e-15 0 6.16964e-14 0 6.17007e-14)
(6.19141e-14 8.4074e-15 0 6.18961e-14 0 6.19034e-14)
(6.01672e-14 8.17231e-15 0 6.01706e-14 0 6.01691e-14)
(4.75078e-14 7.26771e-15 0 4.75075e-14 0 4.75068e-14)
(5.21468e-14 7.98469e-15 0 5.214e-14 0 5.21434e-14)
(5.23263e-14 7.96703e-15 0 5.2317e-14 0 5.23223e-14)
(5.10211e-14 7.73421e-15 0 5.10234e-14 0 5.10223e-14)
(4.00101e-14 6.68282e-15 0 4.00118e-14 0 4.00112e-14)
(4.38921e-14 7.29063e-15 0 4.38885e-14 0 4.38906e-14)
(4.40496e-14 7.32776e-15 0 4.40418e-14 0 4.40451e-14)
(4.30869e-14 7.14391e-15 0 4.30877e-14 0 4.30875e-14)
(3.35879e-14 6.01759e-15 0 3.359e-14 0 3.35888e-14)
(3.67773e-14 6.57504e-15 0 3.67753e-14 0 3.67762e-14)
(3.69118e-14 6.59857e-15 0 3.69072e-14 0 3.69097e-14)
(3.62066e-14 6.43387e-15 0 3.62071e-14 0 3.62069e-14)
(2.80836e-14 5.32045e-15 0 2.80869e-14 0 2.80854e-14)
(3.06561e-14 5.78564e-15 0 3.06549e-14 0 3.06556e-14)
(3.07706e-14 5.81526e-15 0 3.07678e-14 0 3.0769e-14)
(3.02567e-14 5.69376e-15 0 3.02564e-14 0 3.02566e-14)
(2.33655e-14 4.62622e-15 0 2.33691e-14 0 2.33673e-14)
(2.54021e-14 5.01692e-15 0 2.54017e-14 0 2.54019e-14)
(2.54984e-14 5.03237e-15 0 2.54967e-14 0 2.54976e-14)
(2.5126e-14 4.94085e-15 0 2.51255e-14 0 2.51257e-14)
(1.93192e-14 3.94728e-15 0 1.93226e-14 0 1.93209e-14)
(2.09043e-14 4.2596e-15 0 2.09045e-14 0 2.09045e-14)
(2.09846e-14 4.28052e-15 0 2.0984e-14 0 2.09842e-14)
(2.07166e-14 4.22681e-15 0 2.07156e-14 0 2.07161e-14)
(1.5847e-14 3.30696e-15 0 1.585e-14 0 1.58485e-14)
(1.70668e-14 3.55494e-15 0 1.70671e-14 0 1.70669e-14)
(1.71332e-14 3.56594e-15 0 1.71323e-14 0 1.71326e-14)
(1.69406e-14 3.52721e-15 0 1.69396e-14 0 1.69402e-14)
(1.28743e-14 2.71309e-15 0 1.28766e-14 0 1.28754e-14)
(1.3805e-14 2.90441e-15 0 1.38056e-14 0 1.38053e-14)
(1.38591e-14 2.91441e-15 0 1.38586e-14 0 1.38589e-14)
(1.37217e-14 2.88639e-15 0 1.37206e-14 0 1.37212e-14)
(1.03425e-14 2.17753e-15 0 1.03443e-14 0 1.03434e-14)
(1.10461e-14 2.32333e-15 0 1.10465e-14 0 1.10463e-14)
(1.10896e-14 2.3308e-15 0 1.10891e-14 0 1.10894e-14)
(1.09917e-14 2.3107e-15 0 1.0991e-14 0 1.09914e-14)
(8.20011e-15 1.69956e-15 0 8.20135e-15 0 8.20073e-15)
(8.72594e-15 1.80696e-15 0 8.72642e-15 0 8.72621e-15)
(8.76038e-15 1.81325e-15 0 8.76022e-15 0 8.76035e-15)
(8.69123e-15 1.7997e-15 0 8.69056e-15 0 8.69088e-15)
(6.4021e-15 1.28954e-15 0 6.40297e-15 0 6.40254e-15)
(6.79009e-15 1.367e-15 0 6.79041e-15 0 6.79024e-15)
(6.81694e-15 1.37196e-15 0 6.81674e-15 0 6.81683e-15)
(6.76818e-15 1.36313e-15 0 6.7678e-15 0 6.768e-15)
(4.9085e-15 9.48248e-16 0 4.90904e-15 0 4.90877e-15)
(5.19029e-15 1.00222e-15 0 5.19055e-15 0 5.19043e-15)
(5.21075e-15 1.00589e-15 0 5.21072e-15 0 5.21073e-15)
(5.17684e-15 1.00029e-15 0 5.17652e-15 0 5.17667e-15)
(3.68304e-15 6.72089e-16 0 3.68338e-15 0 3.68321e-15)
(3.88399e-15 7.086e-16 0 3.88414e-15 0 3.88406e-15)
(3.89924e-15 7.11293e-16 0 3.89918e-15 0 3.8992e-15)
(3.87584e-15 7.0796e-16 0 3.87565e-15 0 3.87576e-15)
(2.69279e-15 4.55929e-16 0 2.69299e-15 0 2.69289e-15)
(2.83288e-15 4.79558e-16 0 2.83298e-15 0 2.83294e-15)
(2.84392e-15 4.8129e-16 0 2.84389e-15 0 2.84391e-15)
(2.82808e-15 4.79384e-16 0 2.82796e-15 0 2.82802e-15)
(1.90751e-15 2.93326e-16 0 1.90762e-15 0 1.90757e-15)
(2.00251e-15 3.07923e-16 0 2.00257e-15 0 2.00254e-15)
(2.01024e-15 3.09067e-16 0 2.01021e-15 0 2.01022e-15)
(1.99974e-15 3.0809e-16 0 1.99967e-15 0 1.99971e-15)
(1.29924e-15 1.76755e-16 0 1.29929e-15 0 1.29927e-15)
(1.36144e-15 1.85216e-16 0 1.36147e-15 0 1.36146e-15)
(1.36662e-15 1.8584e-16 0 1.36661e-15 0 1.36662e-15)
(1.35987e-15 1.8532e-16 0 1.35983e-15 0 1.35985e-15)
(8.41876e-16 9.79173e-17 0 8.419e-16 0 8.41888e-16)
(8.80805e-16 1.02463e-16 0 8.80818e-16 0 8.80812e-16)
(8.84109e-16 1.02817e-16 0 8.841e-16 0 8.84104e-16)
(8.79912e-16 1.0252e-16 0 8.79892e-16 0 8.79902e-16)
(5.11064e-16 4.85142e-17 0 5.11073e-16 0 5.11068e-16)
(5.3399e-16 5.07157e-17 0 5.33996e-16 0 5.33993e-16)
(5.35963e-16 5.08819e-17 0 5.35959e-16 0 5.35961e-16)
(5.33476e-16 5.06978e-17 0 5.33467e-16 0 5.33471e-16)
(2.84152e-16 2.06725e-17 0 2.84155e-16 0 2.84154e-16)
(2.96555e-16 2.15871e-17 0 2.96557e-16 0 2.96556e-16)
(2.97635e-16 2.16605e-17 0 2.97634e-16 0 2.97635e-16)
(2.96271e-16 2.15705e-17 0 2.96268e-16 0 2.9627e-16)
(1.48029e-16 7.5665e-18 0 1.4803e-16 0 1.4803e-16)
(1.48029e-16 7.57124e-18 0 1.4803e-16 0 1.4803e-16)
(1.4803e-16 7.56988e-18 0 1.4803e-16 0 1.4803e-16)
(1.4803e-16 7.56909e-18 0 1.48029e-16 0 1.4803e-16)
(1.4803e-16 4.68725e-18 0 1.4803e-16 0 1.4803e-16)
(1.4803e-16 4.6896e-18 0 1.4803e-16 0 1.4803e-16)
(1.4803e-16 4.68952e-18 0 1.4803e-16 0 1.4803e-16)
(1.4803e-16 4.68825e-18 0 1.4803e-16 0 1.4803e-16)
(1.4803e-16 2.40912e-18 0 1.4803e-16 0 1.4803e-16)
(1.4803e-16 2.41003e-18 0 1.4803e-16 0 1.4803e-16)
(1.4803e-16 2.41015e-18 0 1.4803e-16 0 1.4803e-16)
(1.4803e-16 2.40922e-18 0 1.4803e-16 0 1.4803e-16)
(1.4803e-16 8.93653e-19 0 1.4803e-16 0 1.4803e-16)
(1.4803e-16 8.93806e-19 0 1.4803e-16 0 1.4803e-16)
(1.4803e-16 8.9393e-19 0 1.4803e-16 0 1.4803e-16)
(1.4803e-16 8.93591e-19 0 1.4803e-16 0 1.4803e-16)
(1.4803e-16 1.67429e-19 0 1.4803e-16 0 1.4803e-16)
(1.4803e-16 1.67432e-19 0 1.4803e-16 0 1.4803e-16)
(1.4803e-16 1.67459e-19 0 1.4803e-16 0 1.4803e-16)
(1.4803e-16 1.67399e-19 0 1.4803e-16 0 1.4803e-16)
)
;

boundaryField
{
    topWall
    {
        type            kqRWallFunction;
        value           uniform (1.4803e-16 0 0 1.4803e-16 0 1.4803e-16);
    }
    botWall
    {
        type            kqRWallFunction;
        value           uniform (1.4803e-16 0 0 1.4803e-16 0 1.4803e-16);
    }
    inlet
    {
        type            cyclic;
    }
    outlet
    {
        type            cyclic;
    }
    fixWall
    {
        type            empty;
    }
}


// ************************************************************************* //
