/*--------------------------------*- C++ -*----------------------------------*\
  =========                 |
  \\      /  F ield         | OpenFOAM: The Open Source CFD Toolbox
   \\    /   O peration     | Website:  https://openfoam.org
    \\  /    A nd           | Version:  dev
     \\/     M anipulation  |

   OpenFOAM for Windows 20.09 (v1)
   Built by CFD Support, www.cfdsupport.com (based on Symscape).
\*---------------------------------------------------------------------------*/
FoamFile
{
    version     2.0;
    format      ascii;
    class       faceList;
    location    "constant/polyMesh";
    object      faces;
}
// * * * * * * * * * * * * * * * * * * * * * * * * * * * * * * * * * * * * * //


503
(
4(1 19 94 6)
4(18 93 94 19)
4(2 20 95 7)
4(19 94 95 20)
4(3 21 96 8)
4(20 95 96 21)
4(21 96 97 22)
4(4 22 97 9)
4(19 24 99 94)
4(23 98 99 24)
4(20 25 100 95)
4(24 99 100 25)
4(21 26 101 96)
4(25 100 101 26)
4(26 101 102 27)
4(22 27 102 97)
4(24 29 104 99)
4(28 103 104 29)
4(25 30 105 100)
4(29 104 105 30)
4(26 31 106 101)
4(30 105 106 31)
4(31 106 107 32)
4(27 32 107 102)
4(29 34 109 104)
4(33 108 109 34)
4(30 35 110 105)
4(34 109 110 35)
4(31 36 111 106)
4(35 110 111 36)
4(36 111 112 37)
4(32 37 112 107)
4(34 39 114 109)
4(38 113 114 39)
4(35 40 115 110)
4(39 114 115 40)
4(36 41 116 111)
4(40 115 116 41)
4(41 116 117 42)
4(37 42 117 112)
4(39 44 119 114)
4(43 118 119 44)
4(40 45 120 115)
4(44 119 120 45)
4(41 46 121 116)
4(45 120 121 46)
4(46 121 122 47)
4(42 47 122 117)
4(44 49 124 119)
4(48 123 124 49)
4(45 50 125 120)
4(49 124 125 50)
4(46 51 126 121)
4(50 125 126 51)
4(51 126 127 52)
4(47 52 127 122)
4(49 54 129 124)
4(53 128 129 54)
4(50 55 130 125)
4(54 129 130 55)
4(51 56 131 126)
4(55 130 131 56)
4(56 131 132 57)
4(52 57 132 127)
4(54 59 134 129)
4(58 133 134 59)
4(55 60 135 130)
4(59 134 135 60)
4(56 61 136 131)
4(60 135 136 61)
4(61 136 137 62)
4(57 62 137 132)
4(59 64 139 134)
4(63 138 139 64)
4(60 65 140 135)
4(64 139 140 65)
4(61 66 141 136)
4(65 140 141 66)
4(66 141 142 67)
4(62 67 142 137)
4(64 69 144 139)
4(68 143 144 69)
4(65 70 145 140)
4(69 144 145 70)
4(66 71 146 141)
4(70 145 146 71)
4(71 146 147 72)
4(67 72 147 142)
4(69 74 149 144)
4(73 148 149 74)
4(70 75 150 145)
4(74 149 150 75)
4(71 76 151 146)
4(75 150 151 76)
4(76 151 152 77)
4(72 77 152 147)
4(74 79 154 149)
4(78 153 154 79)
4(75 80 155 150)
4(79 154 155 80)
4(76 81 156 151)
4(80 155 156 81)
4(81 156 157 82)
4(77 82 157 152)
4(79 84 159 154)
4(83 158 159 84)
4(80 85 160 155)
4(84 159 160 85)
4(81 86 161 156)
4(85 160 161 86)
4(86 161 162 87)
4(82 87 162 157)
4(84 89 164 159)
4(85 90 165 160)
4(86 91 166 161)
4(87 92 167 162)
4(10 168 228 14)
4(22 97 228 168)
4(11 169 229 15)
4(168 228 229 169)
4(12 170 230 16)
4(169 229 230 170)
4(170 230 231 171)
4(168 172 232 228)
4(27 102 232 172)
4(169 173 233 229)
4(172 232 233 173)
4(170 174 234 230)
4(173 233 234 174)
4(174 234 235 175)
4(172 176 236 232)
4(32 107 236 176)
4(173 177 237 233)
4(176 236 237 177)
4(174 178 238 234)
4(177 237 238 178)
4(178 238 239 179)
4(176 180 240 236)
4(37 112 240 180)
4(177 181 241 237)
4(180 240 241 181)
4(178 182 242 238)
4(181 241 242 182)
4(182 242 243 183)
4(180 184 244 240)
4(42 117 244 184)
4(181 185 245 241)
4(184 244 245 185)
4(182 186 246 242)
4(185 245 246 186)
4(186 246 247 187)
4(184 188 248 244)
4(47 122 248 188)
4(185 189 249 245)
4(188 248 249 189)
4(186 190 250 246)
4(189 249 250 190)
4(190 250 251 191)
4(188 192 252 248)
4(52 127 252 192)
4(189 193 253 249)
4(192 252 253 193)
4(190 194 254 250)
4(193 253 254 194)
4(194 254 255 195)
4(192 196 256 252)
4(57 132 256 196)
4(193 197 257 253)
4(196 256 257 197)
4(194 198 258 254)
4(197 257 258 198)
4(198 258 259 199)
4(196 200 260 256)
4(62 137 260 200)
4(197 201 261 257)
4(200 260 261 201)
4(198 202 262 258)
4(201 261 262 202)
4(202 262 263 203)
4(200 204 264 260)
4(67 142 264 204)
4(201 205 265 261)
4(204 264 265 205)
4(202 206 266 262)
4(205 265 266 206)
4(206 266 267 207)
4(204 208 268 264)
4(72 147 268 208)
4(205 209 269 265)
4(208 268 269 209)
4(206 210 270 266)
4(209 269 270 210)
4(210 270 271 211)
4(208 212 272 268)
4(77 152 272 212)
4(209 213 273 269)
4(212 272 273 213)
4(210 214 274 270)
4(213 273 274 214)
4(214 274 275 215)
4(212 216 276 272)
4(82 157 276 216)
4(213 217 277 273)
4(216 276 277 217)
4(214 218 278 274)
4(217 277 278 218)
4(218 278 279 219)
4(216 220 280 276)
4(87 162 280 220)
4(217 221 281 277)
4(220 280 281 221)
4(218 222 282 278)
4(221 281 282 222)
4(222 282 283 223)
4(220 224 284 280)
4(221 225 285 281)
4(222 226 286 282)
4(18 93 98 23)
4(18 0 5 93)
4(98 103 28 23)
4(103 108 33 28)
4(108 113 38 33)
4(113 118 43 38)
4(118 123 48 43)
4(123 128 53 48)
4(128 133 58 53)
4(133 138 63 58)
4(138 143 68 63)
4(143 148 73 68)
4(148 153 78 73)
4(153 158 83 78)
4(158 163 88 83)
4(171 175 235 231)
4(171 231 17 13)
4(235 175 179 239)
4(239 179 183 243)
4(243 183 187 247)
4(247 187 191 251)
4(251 191 195 255)
4(255 195 199 259)
4(259 199 203 263)
4(263 203 207 267)
4(267 207 211 271)
4(271 211 215 275)
4(275 215 219 279)
4(279 219 223 283)
4(283 223 227 287)
4(0 18 19 1)
4(18 23 24 19)
4(23 28 29 24)
4(28 33 34 29)
4(33 38 39 34)
4(38 43 44 39)
4(43 48 49 44)
4(48 53 54 49)
4(53 58 59 54)
4(58 63 64 59)
4(63 68 69 64)
4(68 73 74 69)
4(73 78 79 74)
4(78 83 84 79)
4(83 88 89 84)
4(1 19 20 2)
4(19 24 25 20)
4(24 29 30 25)
4(29 34 35 30)
4(34 39 40 35)
4(39 44 45 40)
4(44 49 50 45)
4(49 54 55 50)
4(54 59 60 55)
4(59 64 65 60)
4(64 69 70 65)
4(69 74 75 70)
4(74 79 80 75)
4(79 84 85 80)
4(84 89 90 85)
4(2 20 21 3)
4(20 25 26 21)
4(25 30 31 26)
4(30 35 36 31)
4(35 40 41 36)
4(40 45 46 41)
4(45 50 51 46)
4(50 55 56 51)
4(55 60 61 56)
4(60 65 66 61)
4(65 70 71 66)
4(70 75 76 71)
4(75 80 81 76)
4(80 85 86 81)
4(85 90 91 86)
4(3 21 22 4)
4(21 26 27 22)
4(26 31 32 27)
4(31 36 37 32)
4(36 41 42 37)
4(41 46 47 42)
4(46 51 52 47)
4(51 56 57 52)
4(56 61 62 57)
4(61 66 67 62)
4(66 71 72 67)
4(71 76 77 72)
4(76 81 82 77)
4(81 86 87 82)
4(86 91 92 87)
4(4 22 168 10)
4(22 27 172 168)
4(27 32 176 172)
4(32 37 180 176)
4(37 42 184 180)
4(42 47 188 184)
4(47 52 192 188)
4(52 57 196 192)
4(57 62 200 196)
4(62 67 204 200)
4(67 72 208 204)
4(72 77 212 208)
4(77 82 216 212)
4(82 87 220 216)
4(87 92 224 220)
4(10 168 169 11)
4(168 172 173 169)
4(172 176 177 173)
4(176 180 181 177)
4(180 184 185 181)
4(184 188 189 185)
4(188 192 193 189)
4(192 196 197 193)
4(196 200 201 197)
4(200 204 205 201)
4(204 208 209 205)
4(208 212 213 209)
4(212 216 217 213)
4(216 220 221 217)
4(220 224 225 221)
4(11 169 170 12)
4(169 173 174 170)
4(173 177 178 174)
4(177 181 182 178)
4(181 185 186 182)
4(185 189 190 186)
4(189 193 194 190)
4(193 197 198 194)
4(197 201 202 198)
4(201 205 206 202)
4(205 209 210 206)
4(209 213 214 210)
4(213 217 218 214)
4(217 221 222 218)
4(221 225 226 222)
4(12 170 171 13)
4(170 174 175 171)
4(174 178 179 175)
4(178 182 183 179)
4(182 186 187 183)
4(186 190 191 187)
4(190 194 195 191)
4(194 198 199 195)
4(198 202 203 199)
4(202 206 207 203)
4(206 210 211 207)
4(210 214 215 211)
4(214 218 219 215)
4(218 222 223 219)
4(222 226 227 223)
4(5 6 94 93)
4(93 94 99 98)
4(98 99 104 103)
4(103 104 109 108)
4(108 109 114 113)
4(113 114 119 118)
4(118 119 124 123)
4(123 124 129 128)
4(128 129 134 133)
4(133 134 139 138)
4(138 139 144 143)
4(143 144 149 148)
4(148 149 154 153)
4(153 154 159 158)
4(158 159 164 163)
4(6 7 95 94)
4(94 95 100 99)
4(99 100 105 104)
4(104 105 110 109)
4(109 110 115 114)
4(114 115 120 119)
4(119 120 125 124)
4(124 125 130 129)
4(129 130 135 134)
4(134 135 140 139)
4(139 140 145 144)
4(144 145 150 149)
4(149 150 155 154)
4(154 155 160 159)
4(159 160 165 164)
4(7 8 96 95)
4(95 96 101 100)
4(100 101 106 105)
4(105 106 111 110)
4(110 111 116 115)
4(115 116 121 120)
4(120 121 126 125)
4(125 126 131 130)
4(130 131 136 135)
4(135 136 141 140)
4(140 141 146 145)
4(145 146 151 150)
4(150 151 156 155)
4(155 156 161 160)
4(160 161 166 165)
4(8 9 97 96)
4(96 97 102 101)
4(101 102 107 106)
4(106 107 112 111)
4(111 112 117 116)
4(116 117 122 121)
4(121 122 127 126)
4(126 127 132 131)
4(131 132 137 136)
4(136 137 142 141)
4(141 142 147 146)
4(146 147 152 151)
4(151 152 157 156)
4(156 157 162 161)
4(161 162 167 166)
4(9 14 228 97)
4(97 228 232 102)
4(102 232 236 107)
4(107 236 240 112)
4(112 240 244 117)
4(117 244 248 122)
4(122 248 252 127)
4(127 252 256 132)
4(132 256 260 137)
4(137 260 264 142)
4(142 264 268 147)
4(147 268 272 152)
4(152 272 276 157)
4(157 276 280 162)
4(162 280 284 167)
4(14 15 229 228)
4(228 229 233 232)
4(232 233 237 236)
4(236 237 241 240)
4(240 241 245 244)
4(244 245 249 248)
4(248 249 253 252)
4(252 253 257 256)
4(256 257 261 260)
4(260 261 265 264)
4(264 265 269 268)
4(268 269 273 272)
4(272 273 277 276)
4(276 277 281 280)
4(280 281 285 284)
4(15 16 230 229)
4(229 230 234 233)
4(233 234 238 237)
4(237 238 242 241)
4(241 242 246 245)
4(245 246 250 249)
4(249 250 254 253)
4(253 254 258 257)
4(257 258 262 261)
4(261 262 266 265)
4(265 266 270 269)
4(269 270 274 273)
4(273 274 278 277)
4(277 278 282 281)
4(281 282 286 285)
4(16 17 231 230)
4(230 231 235 234)
4(234 235 239 238)
4(238 239 243 242)
4(242 243 247 246)
4(246 247 251 250)
4(250 251 255 254)
4(254 255 259 258)
4(258 259 263 262)
4(262 263 267 266)
4(266 267 271 270)
4(270 271 275 274)
4(274 275 279 278)
4(278 279 283 282)
4(282 283 287 286)
4(0 1 6 5)
4(1 2 7 6)
4(2 3 8 7)
4(3 4 9 8)
4(4 10 14 9)
4(10 11 15 14)
4(11 12 16 15)
4(12 13 17 16)
4(88 163 164 89)
4(89 164 165 90)
4(90 165 166 91)
4(91 166 167 92)
4(92 167 284 224)
4(224 284 285 225)
4(225 285 286 226)
4(226 286 287 227)
)


// ************************************************************************* //
