/*--------------------------------*- C++ -*----------------------------------*\
  =========                 |
  \\      /  F ield         | OpenFOAM: The Open Source CFD Toolbox
   \\    /   O peration     | Website:  https://openfoam.org
    \\  /    A nd           | Version:  dev
     \\/     M anipulation  |

   OpenFOAM for Windows 20.09 (v1)
   Built by CFD Support, www.cfdsupport.com (based on Symscape).
\*---------------------------------------------------------------------------*/
FoamFile
{
    version     2.0;
    format      ascii;
    class       vectorField;
    location    "constant/polyMesh";
    object      points;
}
// * * * * * * * * * * * * * * * * * * * * * * * * * * * * * * * * * * * * * //


288
(
(0 0.05 0)
(0.05 0.05 0)
(0.1 0.05 0)
(0.15 0.05 0)
(0.2 0.05 0)
(0 0.05 0.001)
(0.05 0.05 0.001)
(0.1 0.05 0.001)
(0.15 0.05 0.001)
(0.2 0.05 0.001)
(0.25 0.05 0)
(0.3 0.05 0)
(0.35 0.05 0)
(0.4 0.05 0)
(0.25 0.05 0.001)
(0.3 0.05 0.001)
(0.35 0.05 0.001)
(0.4 0.05 0.001)
(0 0.05083333333 0)
(0.05 0.05083333333 0)
(0.1 0.05083333333 0)
(0.15 0.05083333333 0)
(0.2 0.05083333333 0)
(0 0.05166666667 0)
(0.05 0.05166666667 0)
(0.1 0.05166666667 0)
(0.15 0.05166666667 0)
(0.2 0.05166666667 0)
(0 0.0525 0)
(0.05 0.0525 0)
(0.1 0.0525 0)
(0.15 0.0525 0)
(0.2 0.0525 0)
(0 0.05333333333 0)
(0.05 0.05333333333 0)
(0.1 0.05333333333 0)
(0.15 0.05333333333 0)
(0.2 0.05333333333 0)
(0 0.05416666667 0)
(0.05 0.05416666667 0)
(0.1 0.05416666667 0)
(0.15 0.05416666667 0)
(0.2 0.05416666667 0)
(0 0.055 0)
(0.05 0.055 0)
(0.1 0.055 0)
(0.15 0.055 0)
(0.2 0.055 0)
(0 0.05583333333 0)
(0.05 0.05583333333 0)
(0.1 0.05583333333 0)
(0.15 0.05583333333 0)
(0.2 0.05583333333 0)
(0 0.05666666667 0)
(0.05 0.05666666667 0)
(0.1 0.05666666667 0)
(0.15 0.05666666667 0)
(0.2 0.05666666667 0)
(0 0.0575 0)
(0.05 0.0575 0)
(0.1 0.0575 0)
(0.15 0.0575 0)
(0.2 0.0575 0)
(0 0.05833333333 0)
(0.05 0.05833333333 0)
(0.1 0.05833333333 0)
(0.15 0.05833333333 0)
(0.2 0.05833333333 0)
(0 0.05916666667 0)
(0.05 0.05916666667 0)
(0.1 0.05916666667 0)
(0.15 0.05916666667 0)
(0.2 0.05916666667 0)
(0 0.06 0)
(0.05 0.06 0)
(0.1 0.06 0)
(0.15 0.06 0)
(0.2 0.06 0)
(0 0.06083333333 0)
(0.05 0.06083333333 0)
(0.1 0.06083333333 0)
(0.15 0.06083333333 0)
(0.2 0.06083333333 0)
(0 0.06166666667 0)
(0.05 0.06166666667 0)
(0.1 0.06166666667 0)
(0.15 0.06166666667 0)
(0.2 0.06166666667 0)
(0 0.0625 0)
(0.05 0.0625 0)
(0.1 0.0625 0)
(0.15 0.0625 0)
(0.2 0.0625 0)
(0 0.05083333333 0.001)
(0.05 0.05083333333 0.001)
(0.1 0.05083333333 0.001)
(0.15 0.05083333333 0.001)
(0.2 0.05083333333 0.001)
(0 0.05166666667 0.001)
(0.05 0.05166666667 0.001)
(0.1 0.05166666667 0.001)
(0.15 0.05166666667 0.001)
(0.2 0.05166666667 0.001)
(0 0.0525 0.001)
(0.05 0.0525 0.001)
(0.1 0.0525 0.001)
(0.15 0.0525 0.001)
(0.2 0.0525 0.001)
(0 0.05333333333 0.001)
(0.05 0.05333333333 0.001)
(0.1 0.05333333333 0.001)
(0.15 0.05333333333 0.001)
(0.2 0.05333333333 0.001)
(0 0.05416666667 0.001)
(0.05 0.05416666667 0.001)
(0.1 0.05416666667 0.001)
(0.15 0.05416666667 0.001)
(0.2 0.05416666667 0.001)
(0 0.055 0.001)
(0.05 0.055 0.001)
(0.1 0.055 0.001)
(0.15 0.055 0.001)
(0.2 0.055 0.001)
(0 0.05583333333 0.001)
(0.05 0.05583333333 0.001)
(0.1 0.05583333333 0.001)
(0.15 0.05583333333 0.001)
(0.2 0.05583333333 0.001)
(0 0.05666666667 0.001)
(0.05 0.05666666667 0.001)
(0.1 0.05666666667 0.001)
(0.15 0.05666666667 0.001)
(0.2 0.05666666667 0.001)
(0 0.0575 0.001)
(0.05 0.0575 0.001)
(0.1 0.0575 0.001)
(0.15 0.0575 0.001)
(0.2 0.0575 0.001)
(0 0.05833333333 0.001)
(0.05 0.05833333333 0.001)
(0.1 0.05833333333 0.001)
(0.15 0.05833333333 0.001)
(0.2 0.05833333333 0.001)
(0 0.05916666667 0.001)
(0.05 0.05916666667 0.001)
(0.1 0.05916666667 0.001)
(0.15 0.05916666667 0.001)
(0.2 0.05916666667 0.001)
(0 0.06 0.001)
(0.05 0.06 0.001)
(0.1 0.06 0.001)
(0.15 0.06 0.001)
(0.2 0.06 0.001)
(0 0.06083333333 0.001)
(0.05 0.06083333333 0.001)
(0.1 0.06083333333 0.001)
(0.15 0.06083333333 0.001)
(0.2 0.06083333333 0.001)
(0 0.06166666667 0.001)
(0.05 0.06166666667 0.001)
(0.1 0.06166666667 0.001)
(0.15 0.06166666667 0.001)
(0.2 0.06166666667 0.001)
(0 0.0625 0.001)
(0.05 0.0625 0.001)
(0.1 0.0625 0.001)
(0.15 0.0625 0.001)
(0.2 0.0625 0.001)
(0.25 0.05083333333 0)
(0.3 0.05083333333 0)
(0.35 0.05083333333 0)
(0.4 0.05083333333 0)
(0.25 0.05166666667 0)
(0.3 0.05166666667 0)
(0.35 0.05166666667 0)
(0.4 0.05166666667 0)
(0.25 0.0525 0)
(0.3 0.0525 0)
(0.35 0.0525 0)
(0.4 0.0525 0)
(0.25 0.05333333333 0)
(0.3 0.05333333333 0)
(0.35 0.05333333333 0)
(0.4 0.05333333333 0)
(0.25 0.05416666667 0)
(0.3 0.05416666667 0)
(0.35 0.05416666667 0)
(0.4 0.05416666667 0)
(0.25 0.055 0)
(0.3 0.055 0)
(0.35 0.055 0)
(0.4 0.055 0)
(0.25 0.05583333333 0)
(0.3 0.05583333333 0)
(0.35 0.05583333333 0)
(0.4 0.05583333333 0)
(0.25 0.05666666667 0)
(0.3 0.05666666667 0)
(0.35 0.05666666667 0)
(0.4 0.05666666667 0)
(0.25 0.0575 0)
(0.3 0.0575 0)
(0.35 0.0575 0)
(0.4 0.0575 0)
(0.25 0.05833333333 0)
(0.3 0.05833333333 0)
(0.35 0.05833333333 0)
(0.4 0.05833333333 0)
(0.25 0.05916666667 0)
(0.3 0.05916666667 0)
(0.35 0.05916666667 0)
(0.4 0.05916666667 0)
(0.25 0.06 0)
(0.3 0.06 0)
(0.35 0.06 0)
(0.4 0.06 0)
(0.25 0.06083333333 0)
(0.3 0.06083333333 0)
(0.35 0.06083333333 0)
(0.4 0.06083333333 0)
(0.25 0.06166666667 0)
(0.3 0.06166666667 0)
(0.35 0.06166666667 0)
(0.4 0.06166666667 0)
(0.25 0.0625 0)
(0.3 0.0625 0)
(0.35 0.0625 0)
(0.4 0.0625 0)
(0.25 0.05083333333 0.001)
(0.3 0.05083333333 0.001)
(0.35 0.05083333333 0.001)
(0.4 0.05083333333 0.001)
(0.25 0.05166666667 0.001)
(0.3 0.05166666667 0.001)
(0.35 0.05166666667 0.001)
(0.4 0.05166666667 0.001)
(0.25 0.0525 0.001)
(0.3 0.0525 0.001)
(0.35 0.0525 0.001)
(0.4 0.0525 0.001)
(0.25 0.05333333333 0.001)
(0.3 0.05333333333 0.001)
(0.35 0.05333333333 0.001)
(0.4 0.05333333333 0.001)
(0.25 0.05416666667 0.001)
(0.3 0.05416666667 0.001)
(0.35 0.05416666667 0.001)
(0.4 0.05416666667 0.001)
(0.25 0.055 0.001)
(0.3 0.055 0.001)
(0.35 0.055 0.001)
(0.4 0.055 0.001)
(0.25 0.05583333333 0.001)
(0.3 0.05583333333 0.001)
(0.35 0.05583333333 0.001)
(0.4 0.05583333333 0.001)
(0.25 0.05666666667 0.001)
(0.3 0.05666666667 0.001)
(0.35 0.05666666667 0.001)
(0.4 0.05666666667 0.001)
(0.25 0.0575 0.001)
(0.3 0.0575 0.001)
(0.35 0.0575 0.001)
(0.4 0.0575 0.001)
(0.25 0.05833333333 0.001)
(0.3 0.05833333333 0.001)
(0.35 0.05833333333 0.001)
(0.4 0.05833333333 0.001)
(0.25 0.05916666667 0.001)
(0.3 0.05916666667 0.001)
(0.35 0.05916666667 0.001)
(0.4 0.05916666667 0.001)
(0.25 0.06 0.001)
(0.3 0.06 0.001)
(0.35 0.06 0.001)
(0.4 0.06 0.001)
(0.25 0.06083333333 0.001)
(0.3 0.06083333333 0.001)
(0.35 0.06083333333 0.001)
(0.4 0.06083333333 0.001)
(0.25 0.06166666667 0.001)
(0.3 0.06166666667 0.001)
(0.35 0.06166666667 0.001)
(0.4 0.06166666667 0.001)
(0.25 0.0625 0.001)
(0.3 0.0625 0.001)
(0.35 0.0625 0.001)
(0.4 0.0625 0.001)
)


// ************************************************************************* //
