/*--------------------------------*- C++ -*----------------------------------*\
  =========                 |
  \\      /  F ield         | OpenFOAM: The Open Source CFD Toolbox
   \\    /   O peration     | Website:  https://openfoam.org
    \\  /    A nd           | Version:  dev
     \\/     M anipulation  |

   OpenFOAM for Windows 20.09 (v1)
   Built by CFD Support, www.cfdsupport.com (based on Symscape).
\*---------------------------------------------------------------------------*/
FoamFile
{
    version     2.0;
    format      ascii;
    class       volTensorField;
    location    "6";
    object      gradU;
}
// * * * * * * * * * * * * * * * * * * * * * * * * * * * * * * * * * * * * * //

dimensions      [0 0 -1 0 0 0 0];

internalField   nonuniform List<tensor> 
960
(
(-0.000179143 -1.48481e-06 0 4.87907 -0.0030798 0 0 0 0)
(2.78619e-05 6.59589e-05 0 4.86424 -0.000183596 0 0 0 0)
(0.000250199 1.37637e-06 0 4.86655 -5.28567e-05 0 0 0 0)
(8.08263e-05 2.13743e-07 0 4.89762 -0.000233318 0 0 0 0)
(-9.93394e-05 -2.4401e-06 0 4.39032 0.00199978 0 0 0 0)
(-0.000236555 -1.55099e-05 0 4.37919 0.000363777 0 0 0 0)
(0.0003062 -2.20507e-06 0 4.36344 -0.00021071 0 0 0 0)
(0.000173729 4.8e-06 0 4.38627 -0.000344482 0 0 0 0)
(-5.325e-05 9.08086e-07 0 3.91051 -0.00148087 0 0 0 0)
(-0.000420105 2.91175e-05 0 3.90233 0.000699713 0 0 0 0)
(0.000368191 -1.04279e-05 0 3.89334 -0.000279515 0 0 0 0)
(0.000186541 1.10521e-05 0 3.90777 -0.000391763 0 0 0 0)
(2.80383e-05 6.93015e-06 0 3.46646 0.00183401 0 0 0 0)
(-0.000522745 4.51266e-06 0 3.46333 0.000835064 0 0 0 0)
(0.000396979 -2.03963e-05 0 3.45811 -0.000295084 0 0 0 0)
(0.000130553 2.04082e-05 0 3.46546 -0.000340185 0 0 0 0)
(0.000126446 1.41381e-05 0 3.05829 -0.00089235 0 0 0 0)
(-0.000559237 -6.36739e-06 0 3.05812 0.000835869 0 0 0 0)
(0.00040367 -3.00154e-05 0 3.05575 -0.000313898 0 0 0 0)
(5.08444e-05 2.9663e-05 0 3.059 -0.000256999 0 0 0 0)
(0.000195716 2.23139e-05 0 2.68532 -0.000650249 0 0 0 0)
(-0.000565089 1.41535e-05 0 2.68645 0.000836638 0 0 0 0)
(0.000411605 -3.86108e-05 0 2.6863 -0.000307429 0 0 0 0)
(-2.31089e-05 4.18897e-05 0 2.68748 -0.000179714 0 0 0 0)
(0.000239043 3.07283e-05 0 2.34606 -0.000789895 0 0 0 0)
(-0.000543002 -6.53709e-07 0 2.34834 0.000799942 0 0 0 0)
(0.000420767 -4.69546e-05 0 2.3496 -0.000325392 0 0 0 0)
(-8.23041e-05 5.27823e-05 0 2.34985 -0.000120585 0 0 0 0)
(0.00025781 3.91714e-05 0 2.03923 -0.000731822 0 0 0 0)
(-0.000506149 2.18952e-05 0 2.04288 0.000752917 0 0 0 0)
(0.000436744 -5.39529e-05 0 2.04463 -0.000324565 0 0 0 0)
(-0.000117994 6.69787e-05 0 2.04451 -8.58147e-05 0 0 0 0)
(0.000268228 4.70418e-05 0 1.76319 -0.000598209 0 0 0 0)
(-0.000452961 6.1339e-06 0 1.76779 0.000687658 0 0 0 0)
(0.00044798 -6.09335e-05 0 1.77004 -0.000352567 0 0 0 0)
(-0.00013214 7.88077e-05 0 1.7701 -6.75241e-05 0 0 0 0)
(0.000249306 5.39174e-05 0 1.51658 -0.000821075 0 0 0 0)
(-0.000392086 2.59893e-05 0 1.52195 0.000592856 0 0 0 0)
(0.000475134 -6.65393e-05 0 1.52413 -0.000352713 0 0 0 0)
(-0.000117354 9.41373e-05 0 1.52447 -8.83621e-05 0 0 0 0)
(0.000229474 5.9431e-05 0 1.29756 -0.000473281 0 0 0 0)
(-0.000327251 1.39399e-05 0 1.30282 0.000577203 0 0 0 0)
(0.000490041 -7.22871e-05 0 1.30532 -0.00040034 0 0 0 0)
(-7.98087e-05 0.000106346 0 1.3062 -0.000117829 0 0 0 0)
(0.00016058 6.3911e-05 0 1.10422 -0.000680704 0 0 0 0)
(-0.000262679 2.7205e-05 0 1.10925 0.000521775 0 0 0 0)
(0.000531499 -7.81231e-05 0 1.11181 -0.000409964 0 0 0 0)
(-1.23646e-05 0.000121951 0 1.11273 -0.000283214 0 0 0 0)
(9.74174e-05 6.48924e-05 0 0.934877 -0.000309047 0 0 0 0)
(-0.000200884 1.84523e-05 0 0.9382 0.000458763 0 0 0 0)
(0.000548066 -8.57036e-05 0 0.941056 -0.000440064 0 0 0 0)
(6.9459e-05 0.000134246 0 0.942713 -0.00030982 0 0 0 0)
(-2.85623e-05 6.43268e-05 0 0.788153 -0.000468262 0 0 0 0)
(-0.000159706 2.50213e-05 0 0.788496 0.000333857 0 0 0 0)
(0.000606717 -9.09329e-05 0 0.791205 -0.000495072 0 0 0 0)
(0.00018719 0.000149243 0 0.793616 -0.00027662 0 0 0 0)
(-0.000154475 6.61109e-05 0 0.661761 -8.56064e-05 0 0 0 0)
(-0.000150022 1.80054e-05 0 0.658556 0.000188343 0 0 0 0)
(0.000633402 -9.58782e-05 0 0.661155 -0.000514337 0 0 0 0)
(0.000314894 0.000160964 0 0.664591 -0.000475577 0 0 0 0)
(-0.000349592 6.44147e-05 0 0.549847 3.13663e-06 0 0 0 0)
(-0.000169814 1.78758e-05 0 0.549724 0.000223191 0 0 0 0)
(0.000707295 -0.000101998 0 0.550927 -0.000621608 0 0 0 0)
(0.000479049 0.000173553 0 0.553683 -0.000511979 0 0 0 0)
(-0.00039538 6.3612e-05 0 0.453291 0.000200158 0 0 0 0)
(-0.00013202 7.59303e-06 0 0.457449 0.000240042 0 0 0 0)
(0.000699396 -0.000108131 0 0.456924 -0.000565796 0 0 0 0)
(0.00058964 0.000184624 0 0.459148 -0.000738236 0 0 0 0)
(-0.000480347 6.04841e-05 0 0.373919 0.000252121 0 0 0 0)
(-0.00010927 5.10995e-06 0 0.377051 0.000255174 0 0 0 0)
(0.000735614 -0.000118303 0 0.375758 -0.000642594 0 0 0 0)
(0.000716105 0.000194422 0 0.379668 -0.000950007 0 0 0 0)
(-0.00051684 5.27917e-05 0 0.307206 0.000354678 0 0 0 0)
(-0.000101365 -7.31889e-06 0 0.309351 0.00032325 0 0 0 0)
(0.000743007 -0.000128217 0 0.307018 -0.000628451 0 0 0 0)
(0.000830913 0.000205029 0 0.311894 -0.001034 0 0 0 0)
(-0.000581878 4.5707e-05 0 0.251605 0.000342689 0 0 0 0)
(-0.000112399 -1.12755e-05 0 0.252471 0.000225224 0 0 0 0)
(0.000778 -0.000140924 0 0.249432 -0.000649436 0 0 0 0)
(0.000949169 0.000213654 0 0.2552 -0.00111313 0 0 0 0)
(-0.000602294 3.88724e-05 0 0.205456 0.000426034 0 0 0 0)
(-0.000137585 -2.38543e-05 0 0.205292 0.000221233 0 0 0 0)
(0.000788498 -0.000150523 0 0.201324 -0.000683608 0 0 0 0)
(0.00105669 0.000223986 0 0.207319 -0.00120765 0 0 0 0)
(-0.000643592 3.07536e-05 0 0.167508 0.000425287 0 0 0 0)
(-0.000181271 -2.97695e-05 0 0.166233 0.000285216 0 0 0 0)
(0.000811782 -0.000164738 0 0.161591 -0.000680764 0 0 0 0)
(0.00115953 0.000231304 0 0.167742 -0.00132955 0 0 0 0)
(-0.000646945 2.35107e-05 0 0.136454 0.00049009 0 0 0 0)
(-0.000236199 -4.22885e-05 0 0.134678 0.000329352 0 0 0 0)
(0.000813655 -0.000177436 0 0.129131 -0.000704782 0 0 0 0)
(0.00125401 0.000241445 0 0.134894 -0.00140773 0 0 0 0)
(-0.000660757 1.61504e-05 0 0.111197 0.00045958 0 0 0 0)
(-0.000303322 -4.96841e-05 0 0.108952 0.000397927 0 0 0 0)
(0.000815387 -0.00019369 0 0.102839 -0.000682908 0 0 0 0)
(0.00133882 0.000248215 0 0.108305 -0.0015116 0 0 0 0)
(-0.000644298 9.54697e-06 0 0.0907972 0.0005132 0 0 0 0)
(-0.000375501 -6.13299e-05 0 0.0886771 0.000436636 0 0 0 0)
(0.000802868 -0.000209261 0 0.0820374 -0.000701296 0 0 0 0)
(0.00142017 0.000257763 0 0.0868333 -0.00155726 0 0 0 0)
(-0.000631238 3.38452e-06 0 0.0745295 0.000429652 0 0 0 0)
(-0.000449318 -6.99257e-05 0 0.0726274 0.000549318 0 0 0 0)
(0.000784658 -0.000226921 0 0.0663338 -0.000627718 0 0 0 0)
(0.00148734 0.000264526 0 0.0708391 -0.00167646 0 0 0 0)
(-0.000597592 -2.82291e-07 0 0.0615898 0.000460267 0 0 0 0)
(-0.000512096 -7.89528e-05 0 0.0606439 0.000734045 0 0 0 0)
(0.000773064 -0.000246358 0 0.0552425 -0.000690288 0 0 0 0)
(0.00155366 0.000271737 0 0.0586779 -0.00181907 0 0 0 0)
(-0.000558773 -4.3128e-06 0 0.0510977 0.000434781 0 0 0 0)
(-0.000555107 -8.91016e-05 0 0.0516266 0.000749264 0 0 0 0)
(0.000751891 -0.000269473 0 0.0492641 -0.000637052 0 0 0 0)
(0.00159443 0.000279257 0 0.0518326 -0.00181867 0 0 0 0)
(-0.000509272 -6.6176e-06 0 0.0426694 0.000359261 0 0 0 0)
(-0.000542657 -9.68167e-05 0 0.0453484 0.000541124 0 0 0 0)
(0.000776497 -0.000289157 0 0.0475907 -0.000635749 0 0 0 0)
(0.0016182 0.000286059 0 0.0479395 -0.00174586 0 0 0 0)
(-0.000455032 -1.09485e-05 0 0.0325925 0.000336946 0 0 0 0)
(-0.000473085 -0.000105685 0 0.0419902 0.000373526 0 0 0 0)
(0.000795077 -0.00030759 0 0.0499818 -0.000774878 0 0 0 0)
(0.00159062 0.000296558 0 0.0427131 -0.00160903 0 0 0 0)
(-0.00036195 -1.66631e-05 0 0.0293852 0.000273553 0 0 0 0)
(-0.000252834 -0.000115347 0 0.0422068 0.000150236 0 0 0 0)
(0.000788545 -0.000322199 0 0.0520953 -0.000648062 0 0 0 0)
(0.00150946 0.000305923 0 0.0413776 -0.00141907 0 0 0 0)
(-0.000261217 -2.36399e-05 0 0.0364747 0.000132495 0 0 0 0)
(-9.45834e-05 -0.000121045 0 0.0452536 2.46387e-06 0 0 0 0)
(0.000781257 -0.000333745 0 0.0510164 -0.000776716 0 0 0 0)
(0.00142506 0.000312631 0 0.0452756 -0.00133457 0 0 0 0)
(-0.000164303 -3.32925e-05 0 0.0450111 0.000100941 0 0 0 0)
(-1.04721e-05 -0.000130501 0 0.0504665 0.000127613 0 0 0 0)
(0.000788911 -0.000344483 0 0.0511796 -0.000783842 0 0 0 0)
(0.00139649 0.000321388 0 0.0487378 -0.00138332 0 0 0 0)
(-7.45035e-05 -3.97718e-05 0 0.0554159 -7.38209e-07 0 0 0 0)
(8.22423e-06 -0.000135792 0 0.0581814 0.000134175 0 0 0 0)
(0.000752445 -0.000358927 0 0.05538 -0.000741439 0 0 0 0)
(0.00137956 0.000328054 0 0.0542159 -0.00137711 0 0 0 0)
(5.6571e-06 -4.79682e-05 0 0.068035 -7.57596e-05 0 0 0 0)
(-1.10707e-05 -0.000142846 0 0.0688132 2.52062e-05 0 0 0 0)
(0.000722819 -0.000369671 0 0.0643793 -0.000751294 0 0 0 0)
(0.00138642 0.000335559 0 0.0640675 -0.00131695 0 0 0 0)
(7.54892e-05 -5.56424e-05 0 0.0833718 -0.000132484 0 0 0 0)
(-5.27035e-05 -0.000147051 0 0.0829449 4.59421e-05 0 0 0 0)
(0.000673351 -0.000381296 0 0.0776853 -0.00063463 0 0 0 0)
(0.0013814 0.000343829 0 0.076985 -0.00128415 0 0 0 0)
(0.000139837 -6.15079e-05 0 0.102285 -0.000246441 0 0 0 0)
(-0.000105846 -0.000151215 0 0.101219 8.42334e-05 0 0 0 0)
(0.000623487 -0.000391839 0 0.0960369 -0.000668422 0 0 0 0)
(0.0013827 0.000349272 0 0.0946772 -0.00132222 0 0 0 0)
(0.000199963 -6.70727e-05 0 0.125283 -0.000191683 0 0 0 0)
(-0.000156844 -0.000154084 0 0.12429 0.000190414 0 0 0 0)
(0.000564325 -0.000404737 0 0.119755 -0.000484897 0 0 0 0)
(0.00136154 0.000356906 0 0.116963 -0.00123664 0 0 0 0)
(0.000261436 -7.19332e-05 0 0.153613 -0.00044155 0 0 0 0)
(-0.000197977 -0.000156102 0 0.152906 0.000163651 0 0 0 0)
(0.00050138 -0.000415624 0 0.149531 -0.000612022 0 0 0 0)
(0.00133185 0.000360053 0 0.144898 -0.00134933 0 0 0 0)
(0.000322784 -7.34505e-05 0 0.187852 -0.000316098 0 0 0 0)
(-0.000224889 -0.000156925 0 0.187721 0.000104679 0 0 0 0)
(0.000430865 -0.000429954 0 0.186097 -0.000460989 0 0 0 0)
(0.00126927 0.000366631 0 0.179019 -0.00130822 0 0 0 0)
(0.000384014 -8.3427e-05 0 0.229251 -0.000312987 0 0 0 0)
(-0.00022723 -0.000158516 0 0.229677 0.000421504 0 0 0 0)
(0.000356354 -0.000439172 0 0.23043 -0.000157581 0 0 0 0)
(0.00118361 0.000367899 0 0.220409 -0.000593456 0 0 0 0)
(0.000446438 -7.9097e-05 0 0.278763 -0.00072029 0 0 0 0)
(-0.000205241 -0.000154335 0 0.279886 0.000301649 0 0 0 0)
(0.000276411 -0.00044687 0 0.283493 -0.000366427 0 0 0 0)
(0.00104974 0.000373847 0 0.270056 -0.00146709 0 0 0 0)
(0.000501313 -7.77994e-05 0 0.337983 -0.000392577 0 0 0 0)
(-0.000148388 -0.000152619 0 0.339172 0.000225319 0 0 0 0)
(0.000192513 -0.000468651 0 0.346355 -7.19359e-05 0 0 0 0)
(0.000878262 0.000364542 0 0.329299 -0.000625404 0 0 0 0)
(0.000548697 -8.93429e-05 0 0.407635 -0.00065983 0 0 0 0)
(-6.56974e-05 -0.000148991 0 0.408923 0.000188942 0 0 0 0)
(0.000111873 -0.000461048 0 0.420248 -2.6886e-05 0 0 0 0)
(0.000644345 0.000376139 0 0.399347 -0.000238399 0 0 0 0)
(0.000575525 -7.85182e-05 0 0.489073 -0.00081255 0 0 0 0)
(6.18408e-05 -0.00014207 0 0.489827 -0.000500705 0 0 0 0)
(3.29077e-05 -0.000475773 0 0.5067 -0.000483525 0 0 0 0)
(0.000359636 0.000363464 0 0.481757 -0.00124179 0 0 0 0)
(0.000570626 -9.58683e-05 0 0.582934 -0.000187259 0 0 0 0)
(0.000228087 -0.000143507 0 0.583041 -0.000534678 0 0 0 0)
(-2.26244e-05 -0.0004734 0 0.599238 2.83177e-05 0 0 0 0)
(7.1196e-06 0.000367762 0 0.576264 0.000917185 0 0 0 0)
(0.000570216 -0.000107293 0 0.692865 -0.000501683 0 0 0 0)
(0.000333575 -0.000138477 0 0.69263 -0.000368191 0 0 0 0)
(-8.00437e-05 -0.000451576 0 0.702459 0.000138402 0 0 0 0)
(-0.000218343 0.000371434 0 0.685272 0.000330949 0 0 0 0)
(0.000604047 -9.86999e-05 0 0.820261 -0.000491673 0 0 0 0)
(0.000387984 -0.000132839 0 0.820808 -0.000541669 0 0 0 0)
(-0.000145244 -0.000461747 0 0.825956 1.08135e-06 0 0 0 0)
(-0.000398246 0.000354236 0 0.81219 0.000153973 0 0 0 0)
(0.000646371 -0.000114685 0 0.966281 -0.000377056 0 0 0 0)
(0.000428498 -0.000130264 0 0.967147 -0.000320119 0 0 0 0)
(-0.000223665 -0.000439982 0 0.968685 0.000473757 0 0 0 0)
(-0.000520155 0.000361194 0 0.957603 0.00128055 0 0 0 0)
(0.000716534 -0.000111924 0 1.13143 -0.000676253 0 0 0 0)
(0.000428048 -0.000118659 0 1.13342 -0.000452452 0 0 0 0)
(-0.000304299 -0.00043507 0 1.13199 0.000266664 0 0 0 0)
(-0.00062134 0.000344509 0 1.12275 0.000309719 0 0 0 0)
(0.000784768 -0.000112998 0 1.31859 -0.00069221 0 0 0 0)
(0.000437786 -0.000114549 0 1.32083 -0.000689401 0 0 0 0)
(-0.000401539 -0.000427279 0 1.31743 0.000240312 0 0 0 0)
(-0.000691286 0.000339745 0 1.30938 0.000852659 0 0 0 0)
(0.000876966 -0.00012646 0 1.52719 -0.000620667 0 0 0 0)
(0.000408636 -0.000103117 0 1.53168 -0.000488546 0 0 0 0)
(-0.000495098 -0.000409369 0 1.52656 0.000562437 0 0 0 0)
(-0.000755822 0.000331177 0 1.51874 0.000982974 0 0 0 0)
(0.000965636 -0.00012158 0 1.76154 -0.000853235 0 0 0 0)
(0.00042732 -9.48305e-05 0 1.76684 -0.000532327 0 0 0 0)
(-0.000617124 -0.000402753 0 1.76081 0.00056568 0 0 0 0)
(-0.000812097 0.000319564 0 1.75279 0.000903021 0 0 0 0)
(0.00108258 -0.000133412 0 2.01934 -0.000965251 0 0 0 0)
(0.000396475 -7.94681e-05 0 2.02828 -0.000491069 0 0 0 0)
(-0.00072925 -0.000385446 0 2.02152 0.000728256 0 0 0 0)
(-0.000869803 0.000308571 0 2.01261 0.00109046 0 0 0 0)
(0.00118955 -0.00012783 0 2.30565 -0.000990874 0 0 0 0)
(0.000463756 -6.66053e-05 0 2.31618 0.000130238 0 0 0 0)
(-0.000878351 -0.000376395 0 2.30985 0.00125323 0 0 0 0)
(-0.000937601 0.000294153 0 2.3 0.00112043 0 0 0 0)
(0.00131461 -0.00011081 0 2.61788 -0.00145684 0 0 0 0)
(0.000466417 -4.20663e-05 0 2.63228 -0.00183852 0 0 0 0)
(-0.000998936 -0.000368943 0 2.62651 0.000254868 0 0 0 0)
(-0.00100484 0.000268183 0 2.61566 0.000992659 0 0 0 0)
(0.00140915 -0.000187216 0 2.96078 -0.000793271 0 0 0 0)
(0.000607611 -3.80769e-05 0 2.97601 -0.00165936 0 0 0 0)
(-0.00115549 -0.000329208 0 2.97275 0.000286276 0 0 0 0)
(-0.00108383 0.000283929 0 2.96226 0.000322646 0 0 0 0)
(0.0014612 -0.00015494 0 3.33161 -0.00254957 0 0 0 0)
(0.000665888 -2.40739e-05 0 3.34727 0.00105277 0 0 0 0)
(-0.00122803 -0.000335909 0 3.34739 0.00285648 0 0 0 0)
(-0.00113566 0.000251977 0 3.33957 0.0028887 0 0 0 0)
(0.0014062 -0.000105263 0 3.76417 -0.00301428 0 0 0 0)
(0.00087064 5.2024e-05 0 3.76696 -0.00410378 0 0 0 0)
(-0.00128393 -0.00029861 0 3.76826 0.00046652 0 0 0 0)
(-0.00115587 0.00020716 0 3.76679 0.00138465 0 0 0 0)
(0.00127915 -0.000238676 0 5.8237 -0.000475159 0 0 0 0)
(0.000734106 3.39395e-05 0 5.77758 -0.000522676 0 0 0 0)
(-0.001231 -0.000244435 0 5.78297 0.000476295 0 0 0 0)
(-0.0011507 0.000254155 0 5.82247 8.59635e-05 0 0 0 0)
(-0.000113213 4.4789e-07 0 4.88183 0.000247968 0 0 0 0)
(1.00955e-05 -2.61453e-07 0 4.87275 -0.000104846 0 0 0 0)
(4.21574e-05 -3.39454e-07 0 4.88695 3.47746e-05 0 0 0 0)
(-0.000118784 -6.59112e-05 0 4.88095 5.18985e-05 0 0 0 0)
(-0.000301254 1.69332e-06 0 4.36978 0.000439593 0 0 0 0)
(7.53696e-05 -3.29177e-06 0 4.36422 -0.000183298 0 0 0 0)
(9.43933e-05 2.95186e-06 0 4.37745 -5.01906e-05 0 0 0 0)
(-1.25434e-05 1.40017e-05 0 4.37163 0.000220203 0 0 0 0)
(-0.000480758 3.13429e-06 0 3.89075 0.000656977 0 0 0 0)
(0.000137873 -8.42451e-06 0 3.88674 -0.000268852 0 0 0 0)
(0.000165817 6.38557e-06 0 3.89699 -0.000113587 0 0 0 0)
(9.56904e-05 -3.17451e-05 0 3.89468 0.000137498 0 0 0 0)
(-0.00065182 3.74183e-06 0 3.44997 0.000821568 0 0 0 0)
(0.000179419 -1.61345e-05 0 3.44648 -0.000302336 0 0 0 0)
(0.000226803 9.72436e-06 0 3.45335 -0.000173147 0 0 0 0)
(0.000212773 -8.78636e-06 0 3.45255 4.12645e-05 0 0 0 0)
(-0.000797096 3.76511e-06 0 3.04653 0.000974993 0 0 0 0)
(0.00019426 -2.50031e-05 0 3.04316 -0.000327272 0 0 0 0)
(0.00026698 1.21122e-05 0 3.04785 -0.000210267 0 0 0 0)
(0.000314133 1.70748e-06 0 3.04806 -8.71577e-05 0 0 0 0)
(-0.000915738 2.57061e-06 0 2.67831 0.00107973 0 0 0 0)
(0.000201545 -3.58888e-05 0 2.67489 -0.000323722 0 0 0 0)
(0.000308418 1.37263e-05 0 2.67867 -0.000252842 0 0 0 0)
(0.000386652 -2.01544e-05 0 2.6797 -0.000158776 0 0 0 0)
(-0.00100692 1.36497e-06 0 2.34391 0.00117995 0 0 0 0)
(0.00020032 -4.72126e-05 0 2.34049 -0.000329086 0 0 0 0)
(0.000347107 1.48613e-05 0 2.34381 -0.000288794 0 0 0 0)
(0.000424987 -4.91597e-06 0 2.34461 -0.000211507 0 0 0 0)
(-0.00107177 -9.04418e-07 0 2.04164 0.00123696 0 0 0 0)
(0.000199992 -6.03679e-05 0 2.03831 -0.000321867 0 0 0 0)
(0.000377211 1.56859e-05 0 2.04141 -0.000308112 0 0 0 0)
(0.000424152 -2.85061e-05 0 2.04113 -0.000225892 0 0 0 0)
(-0.00111027 -2.56923e-06 0 1.77007 0.00127695 0 0 0 0)
(0.000196447 -7.29638e-05 0 1.76689 -0.000323429 0 0 0 0)
(0.000394057 1.64609e-05 0 1.76988 -0.000341829 0 0 0 0)
(0.000388655 -1.19778e-05 0 1.7683 -0.000197103 0 0 0 0)
(-0.00112527 -5.16951e-06 0 1.52727 0.00129961 0 0 0 0)
(0.000196783 -8.73475e-05 0 1.52431 -0.000327282 0 0 0 0)
(0.00040083 1.77914e-05 0 1.52714 -0.000302567 0 0 0 0)
(0.000312657 -3.27791e-05 0 1.52427 -0.000150496 0 0 0 0)
(-0.00111297 -6.55122e-06 0 1.31162 0.00126847 0 0 0 0)
(0.000194308 -9.96668e-05 0 1.30867 -0.000308879 0 0 0 0)
(0.000393459 1.94073e-05 0 1.31143 -0.000355499 0 0 0 0)
(0.000212751 -2.06196e-05 0 1.30814 -2.2413e-05 0 0 0 0)
(-0.00108413 -8.35368e-06 0 1.12076 0.00126403 0 0 0 0)
(0.000193625 -0.000114414 0 1.1181 -0.000355038 0 0 0 0)
(0.00039205 2.25658e-05 0 1.12058 -0.000246947 0 0 0 0)
(8.14183e-05 -3.47421e-05 0 1.11717 0.000194093 0 0 0 0)
(-0.00102351 -7.74829e-06 0 0.953029 0.00119745 0 0 0 0)
(0.000191291 -0.00012485 0 0.951267 -0.000296143 0 0 0 0)
(0.000378025 2.85595e-05 0 0.952861 -0.000237872 0 0 0 0)
(-5.98659e-05 -2.78489e-05 0 0.949549 0.000433816 0 0 0 0)
(-0.000941568 -8.12572e-06 0 0.805931 0.00110802 0 0 0 0)
(0.000190826 -0.000138336 0 0.805487 -0.000288401 0 0 0 0)
(0.000363413 3.47318e-05 0 0.805946 -0.000399837 0 0 0 0)
(-0.00021831 -3.59284e-05 0 0.80361 0.000260744 0 0 0 0)
(-0.000825659 -7.94464e-06 0 0.678666 0.000944295 0 0 0 0)
(0.000191541 -0.000149981 0 0.67899 -0.000310801 0 0 0 0)
(0.000346733 3.77119e-05 0 0.678329 -0.000268726 0 0 0 0)
(-0.000356413 -2.89893e-05 0 0.677818 0.000183071 0 0 0 0)
(-0.000701587 -5.37946e-06 0 0.567412 0.000797983 0 0 0 0)
(0.000185208 -0.000158553 0 0.568318 -0.00023604 0 0 0 0)
(0.000343885 4.2963e-05 0 0.567607 -0.000306691 0 0 0 0)
(-0.000494443 -3.28764e-05 0 0.564178 0.000373127 0 0 0 0)
(-0.000581755 -3.34566e-06 0 0.471147 0.000686363 0 0 0 0)
(0.000194794 -0.000168392 0 0.472093 -0.000292992 0 0 0 0)
(0.000277738 4.78647e-05 0 0.472444 -0.000208233 0 0 0 0)
(-0.000652414 -2.38255e-05 0 0.465294 0.000475875 0 0 0 0)
(-0.000485835 2.04127e-06 0 0.390235 0.000581715 0 0 0 0)
(0.000206833 -0.000173463 0 0.390282 -0.00033103 0 0 0 0)
(0.000230568 5.57774e-05 0 0.391178 -3.43838e-05 0 0 0 0)
(-0.000813669 -2.60699e-05 0 0.384339 0.000904391 0 0 0 0)
(-0.000404853 6.97061e-06 0 0.321002 0.000525464 0 0 0 0)
(0.000210514 -0.00017866 0 0.320674 -0.000309779 0 0 0 0)
(0.000178686 6.84551e-05 0 0.321835 -6.6006e-06 0 0 0 0)
(-0.000940061 -1.90504e-05 0 0.315442 0.00120988 0 0 0 0)
(-0.000339501 1.41116e-05 0 0.262978 0.000487945 0 0 0 0)
(0.000220717 -0.00018233 0 0.262288 -0.000336885 0 0 0 0)
(0.000143379 8.1105e-05 0 0.263254 6.90236e-06 0 0 0 0)
(-0.00105749 -2.00486e-05 0 0.257598 0.00106038 0 0 0 0)
(-0.000286729 1.9908e-05 0 0.213946 0.000375389 0 0 0 0)
(0.000215099 -0.000186678 0 0.213263 -0.000320473 0 0 0 0)
(0.000100525 9.17429e-05 0 0.213909 1.61284e-05 0 0 0 0)
(-0.0011342 -1.3454e-05 0 0.208995 0.00111844 0 0 0 0)
(-0.000240434 2.88979e-05 0 0.173431 0.000366808 0 0 0 0)
(0.000220105 -0.000188318 0 0.172727 -0.000321854 0 0 0 0)
(7.22435e-05 0.000105087 0 0.17291 6.59304e-05 0 0 0 0)
(-0.00119837 -1.32168e-05 0 0.168912 0.00120692 0 0 0 0)
(-0.000203642 3.6703e-05 0 0.139888 0.000309866 0 0 0 0)
(0.000206411 -0.000191692 0 0.139104 -0.000313394 0 0 0 0)
(3.69328e-05 0.000117222 0 0.138798 9.50054e-05 0 0 0 0)
(-0.00122422 -7.4647e-06 0 0.135708 0.00120555 0 0 0 0)
(-0.000170276 4.71369e-05 0 0.112808 0.000296128 0 0 0 0)
(0.00020194 -0.000191899 0 0.111819 -0.000311316 0 0 0 0)
(1.56466e-05 0.000130403 0 0.110993 0.000106156 0 0 0 0)
(-0.00123744 -6.63206e-06 0 0.108793 0.00123575 0 0 0 0)
(-0.000145078 5.67076e-05 0 0.0909484 0.000277352 0 0 0 0)
(0.000176156 -0.000194858 0 0.0895441 -0.000269113 0 0 0 0)
(-1.3492e-05 0.000143007 0 0.0882161 0.000162119 0 0 0 0)
(-0.00122083 -1.5743e-06 0 0.0869059 0.00120259 0 0 0 0)
(-0.000125096 6.86059e-05 0 0.0743429 0.000210748 0 0 0 0)
(0.000156401 -0.00019382 0 0.0719134 -0.000288577 0 0 0 0)
(-2.83236e-05 0.000154931 0 0.0701034 0.000144415 0 0 0 0)
(-0.00119442 -7.8071e-07 0 0.069825 0.00113907 0 0 0 0)
(-0.000127172 7.9839e-05 0 0.0616681 0.000193577 0 0 0 0)
(0.000105499 -0.000195964 0 0.0582318 -0.000209494 0 0 0 0)
(-4.82992e-05 0.000166801 0 0.0555057 0.000199807 0 0 0 0)
(-0.00114706 3.17965e-06 0 0.0562959 0.00119588 0 0 0 0)
(-0.00013253 9.54321e-05 0 0.0531367 0.000222247 0 0 0 0)
(5.36949e-05 -0.000193716 0 0.0478567 -0.000169138 0 0 0 0)
(-6.05882e-05 0.000178354 0 0.0443275 0.000249316 0 0 0 0)
(-0.00109302 3.56029e-06 0 0.0463274 0.00112938 0 0 0 0)
(-0.000193439 0.000107331 0 0.0473619 0.000402311 0 0 0 0)
(-4.13204e-05 -0.000195513 0 0.0406469 -8.40193e-05 0 0 0 0)
(-7.3787e-05 0.000188443 0 0.0356209 0.000141653 0 0 0 0)
(-0.00103422 6.27074e-06 0 0.0391239 0.000939268 0 0 0 0)
(-0.000254074 0.00012313 0 0.0434574 0.000417009 0 0 0 0)
(-0.000141988 -0.00019806 0 0.0401678 9.43236e-05 0 0 0 0)
(-8.59714e-05 0.000195409 0 0.0321713 0.000190205 0 0 0 0)
(-0.000975543 7.18709e-06 0 0.0331509 0.000976254 0 0 0 0)
(-0.000235861 0.000135721 0 0.0421621 0.000316321 0 0 0 0)
(-0.000229421 -0.000199293 0 0.0409849 0.000245104 0 0 0 0)
(-0.000190734 0.000203142 0 0.0316803 0.000148192 0 0 0 0)
(-0.0010272 8.71643e-06 0 0.0305779 0.000911721 0 0 0 0)
(-0.000260618 0.000150866 0 0.0442385 0.000151131 0 0 0 0)
(-0.000316686 -0.000200862 0 0.0414861 0.000411924 0 0 0 0)
(-0.000259422 0.000206519 0 0.0338477 0.000203232 0 0 0 0)
(-0.00101379 9.27643e-06 0 0.0333948 0.00100023 0 0 0 0)
(-0.00029902 0.000164829 0 0.0484491 0.000141529 0 0 0 0)
(-0.000402601 -0.000198424 0 0.0464648 0.00050758 0 0 0 0)
(-0.000325589 0.000212947 0 0.0404462 0.000290347 0 0 0 0)
(-0.000983419 7.53747e-06 0 0.0392637 0.00109553 0 0 0 0)
(-0.000298502 0.000182381 0 0.0547755 0.000108871 0 0 0 0)
(-0.000450068 -0.000198382 0 0.054412 0.000528789 0 0 0 0)
(-0.00037944 0.000216318 0 0.0493555 0.000363791 0 0 0 0)
(-0.000937712 6.11967e-06 0 0.0479838 0.00101471 0 0 0 0)
(-0.000295751 0.000196594 0 0.0644901 0.000195203 0 0 0 0)
(-0.000492934 -0.000194176 0 0.0652741 0.00060975 0 0 0 0)
(-0.000432726 0.000221046 0 0.0611626 0.000397971 0 0 0 0)
(-0.000882413 1.46198e-06 0 0.0598136 0.000977443 0 0 0 0)
(-0.000278392 0.000214492 0 0.0774625 0.000188152 0 0 0 0)
(-0.000505526 -0.000195002 0 0.0797809 0.000599509 0 0 0 0)
(-0.000470448 0.000222446 0 0.0761473 0.000413491 0 0 0 0)
(-0.000823173 -1.77583e-06 0 0.0748941 0.000858325 0 0 0 0)
(-0.000249151 0.000227988 0 0.0948455 0.000116198 0 0 0 0)
(-0.000514853 -0.00019042 0 0.0984822 0.000606388 0 0 0 0)
(-0.000514173 0.000225359 0 0.094971 0.00048009 0 0 0 0)
(-0.000762004 -7.63759e-06 0 0.0937503 0.000770051 0 0 0 0)
(-0.000214975 0.000246636 0 0.116704 0.000161924 0 0 0 0)
(-0.000503434 -0.000188938 0 0.121845 0.000627686 0 0 0 0)
(-0.000549313 0.000225174 0 0.118312 0.000498069 0 0 0 0)
(-0.000701266 -1.38847e-05 0 0.116994 0.000815935 0 0 0 0)
(-0.00016778 0.00025906 0 0.143994 -2.85216e-05 0 0 0 0)
(-0.000488038 -0.000184818 0 0.150715 0.000547192 0 0 0 0)
(-0.000595036 0.000228497 0 0.146826 0.000548146 0 0 0 0)
(-0.000645833 -1.91334e-05 0 0.145536 0.000546316 0 0 0 0)
(-0.00011803 0.000278245 0 0.177203 9.78519e-06 0 0 0 0)
(-0.000456244 -0.000179326 0 0.18565 0.000518487 0 0 0 0)
(-0.00063562 0.000225159 0 0.181491 0.000610341 0 0 0 0)
(-0.000588138 -3.03796e-05 0 0.180366 0.000794303 0 0 0 0)
(-5.72632e-05 0.000289505 0 0.217258 0.000275403 0 0 0 0)
(-0.000416559 -0.000174809 0 0.227678 0.000708914 0 0 0 0)
(-0.000683105 0.000233094 0 0.222962 0.000697379 0 0 0 0)
(-0.000539821 -3.45741e-05 0 0.222257 0.000760297 0 0 0 0)
(3.10915e-06 0.000299951 0 0.265172 -0.000567831 0 0 0 0)
(-0.000361183 -0.000172293 0 0.277525 0.000222344 0 0 0 0)
(-0.000725958 0.000226016 0 0.272748 0.00044171 0 0 0 0)
(-0.000483314 -4.72191e-05 0 0.272848 -3.60066e-05 0 0 0 0)
(6.72256e-05 0.000317663 0 0.322032 6.55813e-05 0 0 0 0)
(-0.000290288 -0.000157983 0 0.336172 0.00042229 0 0 0 0)
(-0.000761052 0.000228788 0 0.33121 0.000724128 0 0 0 0)
(-0.000439586 -5.39408e-05 0 0.333036 0.000840071 0 0 0 0)
(0.000117658 0.000317412 0 0.389131 -9.15737e-05 0 0 0 0)
(-0.000208217 -0.000161318 0 0.40449 0.000463458 0 0 0 0)
(-0.000778229 0.000232979 0 0.400068 0.000767744 0 0 0 0)
(-0.00037043 -6.58308e-05 0 0.40447 0.000232075 0 0 0 0)
(0.000152948 0.00032936 0 0.468467 -0.00098614 0 0 0 0)
(-0.000107996 -0.000143661 0 0.486229 -9.9419e-05 0 0 0 0)
(-0.00076138 0.000224931 0 0.482074 0.000610635 0 0 0 0)
(-0.000313481 -7.77337e-05 0 0.488511 -0.000109179 0 0 0 0)
(0.000192199 0.000336452 0 0.564559 0.000506477 0 0 0 0)
(1.85658e-05 -0.000134705 0 0.582977 0.000483565 0 0 0 0)
(-0.000740201 0.000232816 0 0.578732 0.00112507 0 0 0 0)
(-0.000253772 -8.95506e-05 0 0.583359 0.0011918 0 0 0 0)
(0.00026483 0.000322133 0 0.678137 -0.000673171 0 0 0 0)
(0.000128223 -0.000133351 0 0.694268 -5.04865e-05 0 0 0 0)
(-0.000755003 0.000236735 0 0.689444 0.000649702 0 0 0 0)
(-0.000243455 -9.96059e-05 0 0.690624 -0.000198294 0 0 0 0)
(0.000342123 0.000330095 0 0.807847 -0.000613286 0 0 0 0)
(0.000207006 -0.000112657 0 0.821456 -0.000309161 0 0 0 0)
(-0.000800926 0.000230353 0 0.816309 0.000712587 0 0 0 0)
(-0.000196744 -0.00010874 0 0.816238 -9.81338e-05 0 0 0 0)
(0.000419266 0.000314414 0 0.9553 -0.00010984 0 0 0 0)
(0.000269256 -0.000111253 0 0.96647 -4.3137e-05 0 0 0 0)
(-0.000841971 0.000240252 0 0.9616 0.000897492 0 0 0 0)
(-0.0001776 -0.000119677 0 0.960397 0.000473302 0 0 0 0)
(0.000489898 0.000308033 0 1.12172 -0.00102028 0 0 0 0)
(0.000312019 -9.5868e-05 0 1.13106 -0.000445534 0 0 0 0)
(-0.000902132 0.00023896 0 1.1267 0.000692081 0 0 0 0)
(-0.000118728 -0.000129983 0 1.12512 -0.000553673 0 0 0 0)
(0.000557773 0.000301827 0 1.30936 -0.000559624 0 0 0 0)
(0.000352313 -8.27137e-05 0 1.31683 -0.000262899 0 0 0 0)
(-0.000941003 0.00023845 0 1.31333 0.00105786 0 0 0 0)
(-9.88133e-05 -0.000142482 0 1.31121 0.000182767 0 0 0 0)
(0.000613973 0.000289441 0 1.51931 -0.000648395 0 0 0 0)
(0.000378159 -6.89099e-05 0 1.52552 -0.000301212 0 0 0 0)
(-0.000995841 0.000246388 0 1.52302 0.000983273 0 0 0 0)
(-3.09736e-05 -0.000159151 0 1.52083 2.63955e-05 0 0 0 0)
(0.00067071 0.000280424 0 1.75397 -0.000790681 0 0 0 0)
(0.000414212 -5.55192e-05 0 1.75863 -0.000360575 0 0 0 0)
(-0.00101922 0.00024391 0 1.7572 0.00102654 0 0 0 0)
(-2.94352e-05 -0.000169215 0 1.7545 -0.000115197 0 0 0 0)
(0.0007113 0.000268381 0 2.01399 -0.000796452 0 0 0 0)
(0.00043205 -3.86229e-05 0 2.01747 -0.000365397 0 0 0 0)
(-0.00106463 0.000250477 0 2.01776 0.00105281 0 0 0 0)
(4.12785e-05 -0.00019048 0 2.01485 -0.000116097 0 0 0 0)
(0.000751726 0.000256159 0 2.30175 -0.00117008 0 0 0 0)
(0.00047706 -2.46982e-05 0 2.30317 -0.000424412 0 0 0 0)
(-0.00106293 0.000248065 0 2.30543 0.000636147 0 0 0 0)
(-3.21462e-06 -0.000202849 0 2.30226 -0.00122587 0 0 0 0)
(0.000764112 0.000242633 0 2.61773 -0.000358552 0 0 0 0)
(0.000493468 -8.51916e-06 0 2.61694 -0.00044511 0 0 0 0)
(-0.00107979 0.00023712 0 2.62195 0.00182968 0 0 0 0)
(4.4951e-05 -0.000217597 0 2.61911 0.00172462 0 0 0 0)
(0.00077306 0.000232197 0 2.9649 -0.000686046 0 0 0 0)
(0.000547244 1.17723e-05 0 2.96047 -0.000460465 0 0 0 0)
(-0.00102672 0.000284227 0 2.96876 0.00166916 0 0 0 0)
(-7.10265e-05 -0.000257624 0 2.96721 0.000988418 0 0 0 0)
(0.000734164 0.000229581 0 3.34307 -0.00174964 0 0 0 0)
(0.00055774 3.07343e-05 0 3.33369 -0.000344361 0 0 0 0)
(-0.000967329 0.000261268 0 3.34596 -0.000578641 0 0 0 0)
(-8.79685e-05 -0.000258638 0 3.34745 -0.00386439 0 0 0 0)
(0.00067519 0.000178312 0 3.76736 0.000597178 0 0 0 0)
(0.000595503 3.1289e-05 0 3.75439 -0.000831974 0 0 0 0)
(-0.000797458 0.00022556 0 3.76904 0.000617177 0 0 0 0)
(-0.000310275 -0.000290473 0 3.77789 0.000920362 0 0 0 0)
(0.000527533 0.000192638 0 5.80139 -0.000682977 0 0 0 0)
(0.000585848 3.10676e-05 0 5.78823 -0.000591861 0 0 0 0)
(-0.000575684 0.000290473 0 5.80388 0.000490907 0 0 0 0)
(-0.000169249 -0.000319162 0 5.82179 -0.000202842 0 0 0 0)
(0.000669327 -0.000110593 0 21.8279 0.00377877 0 0 0 0)
(0.000191672 6.78816e-05 0 21.3898 0.0123371 0 0 0 0)
(-0.000535675 -0.000288466 0 21.4278 0.00458033 0 0 0 0)
(-0.000848721 0.000187839 0 21.9913 0.00422365 0 0 0 0)
(-0.00275142 4.40368e-05 0 35.7265 0.00542854 0 0 0 0)
(-0.00593328 4.72988e-05 0 35.4233 -0.00752799 0 0 0 0)
(0.00879404 -0.00037966 0 35.4692 -0.0130487 0 0 0 0)
(0.0049014 0.000120897 0 35.9184 -0.0112944 0 0 0 0)
(-0.00360987 -0.0004776 0 33.4899 -0.00243305 0 0 0 0)
(-0.00409798 -0.000240072 0 33.6849 0.00281035 0 0 0 0)
(0.0077161 -0.00035124 0 33.706 -0.00789064 0 0 0 0)
(0.00458676 0.000466502 0 33.5435 -0.00212453 0 0 0 0)
(-0.00339667 0.000157453 0 29.7431 0.00454227 0 0 0 0)
(-0.00233166 -4.36611e-05 0 29.9421 0.0124325 0 0 0 0)
(0.00643694 -0.000461909 0 29.9471 -0.000740254 0 0 0 0)
(0.00376351 0.000259209 0 29.7776 0.000773308 0 0 0 0)
(-0.00269736 -9.38851e-05 0 26.3136 0.00417255 0 0 0 0)
(-0.000698205 -0.000328114 0 26.4806 -0.00849158 0 0 0 0)
(0.00497395 -0.00054556 0 26.4677 -0.0110072 0 0 0 0)
(0.00283722 0.000442387 0 26.3048 -0.00868829 0 0 0 0)
(-0.0016887 -0.000194293 0 23.1672 -0.000306404 0 0 0 0)
(0.000236433 -0.000296657 0 23.3002 0.00237085 0 0 0 0)
(0.00350753 -0.000465187 0 23.2725 -0.00115713 0 0 0 0)
(0.00181792 0.000504119 0 23.1267 0.00170251 0 0 0 0)
(-0.000548802 -5.02211e-05 0 20.2992 0.00245365 0 0 0 0)
(0.00105659 -0.000342293 0 20.3894 -0.000116754 0 0 0 0)
(0.00208275 -0.000556699 0 20.3591 -0.00126669 0 0 0 0)
(0.000839405 0.000471786 0 20.2474 -0.00168845 0 0 0 0)
(0.000280586 -0.000194074 0 17.7008 -0.00113185 0 0 0 0)
(0.00123484 -0.000358663 0 17.7526 -0.00257027 0 0 0 0)
(0.00114195 -0.000491382 0 17.7259 -0.00163143 0 0 0 0)
(3.55002e-05 0.000536484 0 17.6461 0.000431468 0 0 0 0)
(0.00106338 -0.000160425 0 15.3497 -0.00124063 0 0 0 0)
(0.00147478 -0.000350619 0 15.3816 -0.00122997 0 0 0 0)
(0.000307212 -0.00050667 0 15.366 -0.000217428 0 0 0 0)
(-0.000756246 0.000525193 0 15.3108 0.000166313 0 0 0 0)
(0.00161445 -0.000215969 0 13.2487 -0.00101516 0 0 0 0)
(0.00150685 -0.00034161 0 13.2563 -0.00307364 0 0 0 0)
(-3.75206e-05 -0.00046811 0 13.2474 -0.00079307 0 0 0 0)
(-0.00145571 0.000549765 0 13.2132 0.000299753 0 0 0 0)
(0.0019777 -0.000265652 0 11.3741 -0.000998027 0 0 0 0)
(0.00145436 -0.000346918 0 11.3619 0.000684156 0 0 0 0)
(-0.000410701 -0.000450447 0 11.3579 0.00301609 0 0 0 0)
(-0.00192264 0.000561077 0 11.3385 0.00680121 0 0 0 0)
(0.00199225 -0.000230168 0 9.71293 -0.00383471 0 0 0 0)
(0.00123692 -0.000274708 0 9.68065 -0.00174593 0 0 0 0)
(-0.000427609 -0.00036616 0 9.68553 -0.00070816 0 0 0 0)
(-0.00228351 0.000560503 0 9.67484 -0.00240817 0 0 0 0)
(0.00180829 -0.000248941 0 8.24443 -0.000547506 0 0 0 0)
(0.000997812 -0.000294809 0 8.20204 -0.00138561 0 0 0 0)
(-0.000507483 -0.000461484 0 8.21444 0.00133314 0 0 0 0)
(-0.00246016 0.000540672 0 8.20845 0.00440465 0 0 0 0)
(0.00134462 -0.00030415 0 6.96371 -0.0016907 0 0 0 0)
(0.00073713 -0.000243364 0 6.91291 0.0012449 0 0 0 0)
(-0.000320781 -0.000269655 0 6.92954 0.00199976 0 0 0 0)
(-0.00258314 0.000589091 0 6.92371 0.00555102 0 0 0 0)
(0.000790069 -0.000204201 0 5.84591 -0.00166868 0 0 0 0)
(0.00042835 -0.000233301 0 5.78312 -0.00418522 0 0 0 0)
(-0.000327465 -0.000389715 0 5.80962 -0.00434242 0 0 0 0)
(-0.00257919 0.000537563 0 5.81269 -0.0067075 0 0 0 0)
(-0.000167763 -0.00035631 0 4.89233 0.00237502 0 0 0 0)
(0.000132262 -0.000287926 0 4.81544 -0.000621296 0 0 0 0)
(0.000172096 -0.000311693 0 4.85304 0.00188748 0 0 0 0)
(-0.00249147 0.000605694 0 4.8643 0.0108917 0 0 0 0)
(-0.00106453 -0.000333429 0 4.06943 0.00125985 0 0 0 0)
(-0.000226535 -0.000241427 0 4.00592 0.00188293 0 0 0 0)
(0.000486757 -0.000197831 0 4.03874 0.000329501 0 0 0 0)
(-0.0024887 0.000632245 0 4.04591 0.00104315 0 0 0 0)
(-0.00158933 -0.000273097 0 3.36634 0.000799998 0 0 0 0)
(-0.000379241 -0.000303432 0 3.31011 -0.00112439 0 0 0 0)
(0.00083867 -0.000325689 0 3.34305 -0.00215008 0 0 0 0)
(-0.00249481 0.00058735 0 3.34905 -0.000130821 0 0 0 0)
(-0.00200813 -0.000327809 0 2.76921 0.00275158 0 0 0 0)
(-0.000614692 -0.000290595 0 2.71944 0.00241151 0 0 0 0)
(0.00113571 -0.000181272 0 2.74767 0.00175797 0 0 0 0)
(-0.00256938 0.000676833 0 2.75193 0.00795945 0 0 0 0)
(-0.00211597 -0.000247084 0 2.25307 0.001462 0 0 0 0)
(-0.000738242 -0.000319992 0 2.2183 0.000654822 0 0 0 0)
(0.00138007 -0.000233224 0 2.24214 -0.0022466 0 0 0 0)
(-0.0025014 0.000630453 0 2.24594 -0.00185161 0 0 0 0)
(-0.00201827 -0.000218186 0 1.82116 0.00169121 0 0 0 0)
(-0.000796805 -0.000352405 0 1.79672 -0.000167329 0 0 0 0)
(0.00159644 -0.000223046 0 1.81374 -0.00217602 0 0 0 0)
(-0.00247236 0.000691444 0 1.8164 0.00314386 0 0 0 0)
(-0.00189567 -0.000230242 0 1.45977 0.00285828 0 0 0 0)
(-0.000861972 -0.000384446 0 1.44434 0.000835821 0 0 0 0)
(0.00170802 -0.000178037 0 1.45111 -0.000900682 0 0 0 0)
(-0.00216576 0.000715042 0 1.45305 0.00289606 0 0 0 0)
(-0.00179476 -0.00016875 0 1.15938 0.0013457 0 0 0 0)
(-0.000941152 -0.000415054 0 1.15025 0.000782272 0 0 0 0)
(0.00174164 -0.000188708 0 1.14855 -0.00199799 0 0 0 0)
(-0.00183645 0.000753266 0 1.14886 0.00143516 0 0 0 0)
(-0.00172443 -0.000143371 0 0.909046 0.00204117 0 0 0 0)
(-0.00104252 -0.000440174 0 0.905861 0.000916425 0 0 0 0)
(0.00168485 -0.000167156 0 0.893249 -0.00134226 0 0 0 0)
(-0.00140061 0.000774785 0 0.893876 0.00163853 0 0 0 0)
(-0.00165024 -9.31382e-05 0 0.699877 0.0016537 0 0 0 0)
(-0.00120444 -0.000471445 0 0.702101 0.00107633 0 0 0 0)
(0.00154188 -0.000176673 0 0.68249 -0.00146764 0 0 0 0)
(-0.00107832 0.000806054 0 0.682285 0.00102446 0 0 0 0)
(-0.00158451 -5.51632e-05 0 0.523939 0.0016049 0 0 0 0)
(-0.0013323 -0.000492196 0 0.532001 0.00114011 0 0 0 0)
(0.00135457 -0.00016802 0 0.506878 -0.00127641 0 0 0 0)
(-0.000673888 0.000821702 0 0.506424 0.000550799 0 0 0 0)
(-0.00148429 -4.92564e-06 0 0.37407 0.00154603 0 0 0 0)
(-0.00148879 -0.000519466 0 0.387947 0.00144767 0 0 0 0)
(0.0011156 -0.000186495 0 0.360037 -0.00104972 0 0 0 0)
(-0.000407991 0.000843876 0 0.354352 0.000401172 0 0 0 0)
(-0.00137846 4.00514e-05 0 0.243469 0.00141447 0 0 0 0)
(-0.00156619 -0.000535459 0 0.264264 0.00114085 0 0 0 0)
(0.000794657 -0.000185462 0 0.237112 -0.000915174 0 0 0 0)
(-0.000187729 0.000853101 0 0.216245 0.000195649 0 0 0 0)
(-0.00120911 7.56681e-05 0 0.126105 0.00140436 0 0 0 0)
(-0.00159473 -0.000558294 0 0.154116 0.00165321 0 0 0 0)
(0.000315276 -0.000202248 0 0.128066 5.74312e-05 0 0 0 0)
(-0.000393336 0.000867051 0 0.0961913 0.000433882 0 0 0 0)
(-0.00101871 0.000134411 0 0.0160953 0.00101332 0 0 0 0)
(-0.00153351 -0.000557908 0 0.0529109 0.00170865 0 0 0 0)
(-0.000170761 -0.000205784 0 0.0303177 0.000777205 0 0 0 0)
(-0.000392451 0.000860219 0 -0.0065086 0.000827794 0 0 0 0)
(-0.00073169 0.000171284 0 -0.0922755 0.00083103 0 0 0 0)
(-0.00135769 -0.000562229 0 -0.0466836 0.000976777 0 0 0 0)
(-0.000675048 -0.000216929 0 -0.0659707 0.000740097 0 0 0 0)
(-0.000537245 0.000858689 0 -0.108846 3.3538e-05 0 0 0 0)
(-0.000410681 0.000212471 0 -0.204562 0.000318574 0 0 0 0)
(-0.00109509 -0.000559423 0 -0.147386 0.00137422 0 0 0 0)
(-0.0012068 -0.000221505 0 -0.163255 0.00176081 0 0 0 0)
(-0.0005432 0.000844236 0 -0.21421 0.000928507 0 0 0 0)
(5.76417e-05 0.00025666 0 -0.32709 6.62176e-06 0 0 0 0)
(-0.000669241 -0.000538192 0 -0.273177 0.00052953 0 0 0 0)
(-0.00178878 -0.000224358 0 -0.286123 0.00161093 0 0 0 0)
(-0.000711098 0.000820415 0 -0.329216 0.000387404 0 0 0 0)
(0.000331879 0.000278404 0 -0.46539 -0.00030882 0 0 0 0)
(-0.000412307 -0.000532685 0 -0.426599 4.08549e-05 0 0 0 0)
(-0.00214078 -0.000223874 0 -0.439423 0.00196644 0 0 0 0)
(-0.00051284 0.000797542 0 -0.462009 0.000375642 0 0 0 0)
(0.00056044 0.000303761 0 -0.627332 -0.000460308 0 0 0 0)
(-0.000236462 -0.000500271 0 -0.599785 0.000286349 0 0 0 0)
(-0.00237894 -0.000218778 0 -0.616103 0.00279029 0 0 0 0)
(-0.000392948 0.000763012 0 -0.619097 0.000637863 0 0 0 0)
(0.000689745 0.000328652 0 -0.833375 -0.000635924 0 0 0 0)
(-0.000225162 -0.000478508 0 -0.803858 2.13563e-05 0 0 0 0)
(-0.00246266 -0.000218015 0 -0.813191 0.00252555 0 0 0 0)
(-0.000120738 0.000721947 0 -0.809706 -1.45273e-05 0 0 0 0)
(0.000757038 0.000344287 0 -1.09351 -0.000770031 0 0 0 0)
(9.99291e-05 -0.000447579 0 -1.05001 -0.000256913 0 0 0 0)
(-0.00247641 -0.000219376 0 -1.04163 0.00258894 0 0 0 0)
(2.35437e-06 0.000684003 0 -1.04002 -2.36964e-05 0 0 0 0)
(0.000728613 0.000351522 0 -1.37379 -0.000681321 0 0 0 0)
(0.000639423 -0.000422525 0 -1.33282 -0.000711548 0 0 0 0)
(-0.00229627 -0.000214128 0 -1.31809 0.00245836 0 0 0 0)
(0.00017037 0.000640309 0 -1.31613 -0.000185448 0 0 0 0)
(0.000575635 0.00034747 0 -1.68694 -0.000575162 0 0 0 0)
(0.00102818 -0.000395251 0 -1.65709 -0.00106339 0 0 0 0)
(-0.00219828 -0.000210608 0 -1.64903 0.0023508 0 0 0 0)
(0.000256203 0.000600378 0 -1.64732 -0.000282284 0 0 0 0)
(0.000459428 0.00033561 0 -2.07093 -0.00034518 0 0 0 0)
(0.0012712 -0.000373759 0 -2.05345 -0.00137103 0 0 0 0)
(-0.00213335 -0.00020111 0 -2.04811 0.0022954 0 0 0 0)
(0.000338193 0.000556651 0 -2.04521 -0.0003167 0 0 0 0)
(0.000131868 0.000316014 0 -2.53934 -0.000190683 0 0 0 0)
(0.0014085 -0.000351242 0 -2.52913 -0.00148057 0 0 0 0)
(-0.00206084 -0.000193036 0 -2.52716 0.00218629 0 0 0 0)
(0.000362124 0.00051595 0 -2.52343 -0.000407002 0 0 0 0)
(-1.37517e-05 0.00029419 0 -3.1031 -7.67913e-05 0 0 0 0)
(0.00147422 -0.000334143 0 -3.10092 -0.00178579 0 0 0 0)
(-0.00203837 -0.000183217 0 -3.09967 0.00208288 0 0 0 0)
(0.000364522 0.000473399 0 -3.09461 -0.000731277 0 0 0 0)
(-0.000399276 0.000264966 0 -3.77833 0.000276478 0 0 0 0)
(0.00146575 -0.000315247 0 -3.7798 -0.00184356 0 0 0 0)
(-0.00195562 -0.00017546 0 -3.78054 0.00209441 0 0 0 0)
(0.00033374 0.000431797 0 -3.7743 -0.000223945 0 0 0 0)
(-0.000367901 0.000227049 0 -4.57711 0.000669877 0 0 0 0)
(0.00143735 -0.000303844 0 -4.58349 -0.00133673 0 0 0 0)
(-0.00194672 -0.000156223 0 -4.58444 0.00211607 0 0 0 0)
(0.000274139 0.000396757 0 -4.57702 5.91163e-05 0 0 0 0)
(-0.000484812 0.000208915 0 -5.51785 0.000627768 0 0 0 0)
(0.00134364 -0.000291144 0 -5.52622 -0.00113619 0 0 0 0)
(-0.00184788 -0.000152196 0 -5.52862 0.00204211 0 0 0 0)
(0.000202083 0.000355136 0 -5.52023 -0.000285813 0 0 0 0)
(-0.000518417 0.000183213 0 -6.61825 0.000718576 0 0 0 0)
(0.00125785 -0.000280272 0 -6.6269 -0.00107911 0 0 0 0)
(-0.00184692 -0.00014205 0 -6.62972 0.00204625 0 0 0 0)
(9.32961e-05 0.000317105 0 -6.62077 0.000242358 0 0 0 0)
(-0.000304963 0.000158656 0 -7.89415 0.000441235 0 0 0 0)
(0.00115257 -0.000269016 0 -7.90254 -0.000995763 0 0 0 0)
(-0.00174571 -0.000130172 0 -7.90674 0.00189231 0 0 0 0)
(-1.05483e-05 0.000282399 0 -7.8974 -0.000116393 0 0 0 0)
(-0.000298484 0.000143732 0 -9.36673 5.63242e-05 0 0 0 0)
(0.00104805 -0.000256087 0 -9.37301 -0.00130642 0 0 0 0)
(-0.00176128 -0.000127394 0 -9.37866 0.00178131 0 0 0 0)
(-0.000154535 0.000243304 0 -9.36929 -0.000239384 0 0 0 0)
(7.92498e-05 0.000114274 0 -11.0526 -4.72718e-05 0 0 0 0)
(0.000953674 -0.000240266 0 -11.0572 -0.00132456 0 0 0 0)
(-0.00168355 -0.000112388 0 -11.0646 0.00181806 0 0 0 0)
(-0.000268212 0.00021454 0 -11.0553 0.00036241 0 0 0 0)
(0.000174902 9.27322e-05 0 -12.9753 -0.000206954 0 0 0 0)
(0.000848421 -0.000224999 0 -12.9756 -0.000962714 0 0 0 0)
(-0.0017293 -9.92778e-05 0 -12.9853 0.00184693 0 0 0 0)
(-0.000420574 0.000185406 0 -12.9762 0.000411251 0 0 0 0)
(0.000588393 7.98559e-05 0 -15.1549 -0.000528889 0 0 0 0)
(0.000785796 -0.000206035 0 -15.1473 -0.00083048 0 0 0 0)
(-0.00169404 -8.94886e-05 0 -15.159 0.00186314 0 0 0 0)
(-0.000509209 0.000157606 0 -15.1499 0.000499977 0 0 0 0)
(0.000868196 6.59263e-05 0 -17.6051 -0.000883023 0 0 0 0)
(0.000779395 -0.000185131 0 -17.5918 -0.000862733 0 0 0 0)
(-0.00177193 -7.71036e-05 0 -17.6068 0.00190759 0 0 0 0)
(-0.000622566 0.000131483 0 -17.5971 0.00059839 0 0 0 0)
(0.00123571 5.35633e-05 0 -20.3397 -0.00120366 0 0 0 0)
(0.000757335 -0.000159525 0 -20.3284 -0.000827543 0 0 0 0)
(-0.00178276 -6.51365e-05 0 -20.3433 0.00194074 0 0 0 0)
(-0.000633043 0.000107564 0 -20.3328 0.000616878 0 0 0 0)
(0.00144079 4.21829e-05 0 -23.3791 -0.00140791 0 0 0 0)
(0.000720307 -0.000132725 0 -23.3746 -0.00079378 0 0 0 0)
(-0.00184513 -5.30299e-05 0 -23.3859 0.00197373 0 0 0 0)
(-0.000668213 8.37931e-05 0 -23.3743 0.000633092 0 0 0 0)
(0.00151476 3.1458e-05 0 -26.7421 -0.00150052 0 0 0 0)
(0.000642915 -0.000103164 0 -26.7469 -0.000726478 0 0 0 0)
(-0.00177709 -4.13553e-05 0 -26.7501 0.00193485 0 0 0 0)
(-0.000624329 6.2545e-05 0 -26.7367 0.000614931 0 0 0 0)
(0.00146809 2.24667e-05 0 -30.4436 -0.00143993 0 0 0 0)
(0.000586668 -7.54687e-05 0 -30.456 -0.000661895 0 0 0 0)
(-0.00167421 -3.0673e-05 0 -30.4514 0.00180972 0 0 0 0)
(-0.000602021 4.26791e-05 0 -30.4355 0.000564952 0 0 0 0)
(0.00128414 1.41886e-05 0 -34.4927 -0.0012771 0 0 0 0)
(0.000511442 -4.90032e-05 0 -34.5151 -0.000593147 0 0 0 0)
(-0.00143443 -2.09079e-05 0 -34.5015 0.00158856 0 0 0 0)
(-0.000511526 2.65295e-05 0 -34.4826 0.00049484 0 0 0 0)
(0.00101795 7.45538e-06 0 -38.8979 -0.000975073 0 0 0 0)
(0.000440764 -2.77076e-05 0 -38.9293 -0.000523467 0 0 0 0)
(-0.00113187 -1.25399e-05 0 -38.9102 0.0012578 0 0 0 0)
(-0.000439649 1.35265e-05 0 -38.8896 0.000381443 0 0 0 0)
(0.000688068 1.04167e-06 0 -43.667 -0.000676426 0 0 0 0)
(0.000306806 -1.17887e-05 0 -43.7107 -0.000354551 0 0 0 0)
(-0.00077151 -5.82604e-06 0 -43.6872 0.000906984 0 0 0 0)
(-0.000352412 5.30241e-06 0 -43.664 0.000345227 0 0 0 0)
(0.000301374 7.50474e-07 0 -48.7759 -0.000305377 0 0 0 0)
(0.000105165 -1.31744e-06 0 -48.8318 -0.000182114 0 0 0 0)
(-0.000352907 -8.76959e-07 0 -48.8006 0.000480989 0 0 0 0)
(-0.000224885 2.60101e-07 0 -48.7643 0.000220066 0 0 0 0)
(0.000104411 0.000167015 0 21.7909 -0.00341513 0 0 0 0)
(0.000636943 5.08537e-05 0 21.9617 0.000681333 0 0 0 0)
(-0.000238064 0.000232044 0 21.7691 -6.41041e-05 0 0 0 0)
(2.01061e-05 -0.000306574 0 21.6317 -0.0046256 0 0 0 0)
(3.38003e-05 0.000133599 0 35.7953 0.00367107 0 0 0 0)
(0.000222451 8.6918e-05 0 35.8809 -0.00165274 0 0 0 0)
(-0.00607642 0.000202024 0 35.7603 0.00922104 0 0 0 0)
(0.000809436 -0.000255114 0 35.68 0.0144924 0 0 0 0)
(-0.000520236 0.00032771 0 33.6377 0.000408047 0 0 0 0)
(5.42841e-05 0.000143353 0 33.484 -0.000271755 0 0 0 0)
(-0.003586 0.000501129 0 33.6263 0.00258437 0 0 0 0)
(-0.000543063 -0.000369783 0 33.7237 -0.00399463 0 0 0 0)
(-0.000957325 0.000164479 0 29.8421 -0.00218715 0 0 0 0)
(3.2313e-05 0.00012319 0 29.7396 0.00186691 0 0 0 0)
(-0.00208295 0.000139977 0 29.8456 -0.00235119 0 0 0 0)
(-0.00146416 -0.000338738 0 29.8874 -0.0105903 0 0 0 0)
(-0.00115327 0.000345937 0 26.3509 0.00368741 0 0 0 0)
(0.0001115 0.000140619 0 26.2893 -0.00111263 0 0 0 0)
(-0.00112333 0.000293508 0 26.3583 0.00531965 0 0 0 0)
(-0.00225051 -0.000254892 0 26.3781 0.0126132 0 0 0 0)
(-0.00121528 0.00029074 0 23.1526 0.000606839 0 0 0 0)
(0.000155037 0.000150394 0 23.1262 0.000615933 0 0 0 0)
(-0.000603547 0.000368741 0 23.1715 -0.000774966 0 0 0 0)
(-0.00220939 -0.000357856 0 23.1713 -0.000248992 0 0 0 0)
(-0.00116247 0.000327827 0 20.2521 0.000675163 0 0 0 0)
(0.000426523 0.000117589 0 20.2486 -0.00040507 0 0 0 0)
(-0.000371479 0.000279093 0 20.2831 -0.000607966 0 0 0 0)
(-0.00232252 -0.000247082 0 20.2712 -0.00012992 0 0 0 0)
(-0.00119571 0.000312129 0 17.6301 0.00157295 0 0 0 0)
(0.000670988 0.000129009 0 17.6413 -0.00041161 0 0 0 0)
(-0.000226823 0.000373326 0 17.6706 0.000845709 0 0 0 0)
(-0.00194133 -0.000306829 0 17.6559 0.00404194 0 0 0 0)
(-0.00124231 0.000313776 0 15.2766 0.000579454 0 0 0 0)
(0.00110067 0.000105468 0 15.2976 -0.00114078 0 0 0 0)
(-0.000128282 0.000353319 0 15.3229 -0.000495031 0 0 0 0)
(-0.0018192 -0.000280042 0 15.3016 8.37223e-05 0 0 0 0)
(-0.00141533 0.000290345 0 13.1775 0.00136 0 0 0 0)
(0.00144386 0.0001111 0 13.2025 -0.00161589 0 0 0 0)
(-0.000161598 0.000393735 0 13.2203 0.000650242 0 0 0 0)
(-0.001495 -0.000319256 0 13.2014 0.00324002 0 0 0 0)
(-0.00142037 0.000281848 0 11.3083 0.00366035 0 0 0 0)
(0.00181437 9.36392e-05 0 11.3331 0.000101777 0 0 0 0)
(-0.000146629 0.000434251 0 11.3459 -6.08599e-05 0 0 0 0)
(-0.00134609 -0.000307798 0 11.3392 0.00153611 0 0 0 0)
(-0.00150497 0.000178687 0 9.65328 -0.00193247 0 0 0 0)
(0.0020707 4.90803e-05 0 9.67454 -0.00406043 0 0 0 0)
(-5.96761e-05 0.00041764 0 9.6831 -0.00164362 0 0 0 0)
(-0.00102411 -0.000334875 0 9.69081 -0.0027486 0 0 0 0)
(-0.00142533 0.00025431 0 8.19646 0.00304846 0 0 0 0)
(0.00231139 9.84534e-05 0 8.21299 -0.00139258 0 0 0 0)
(0.000124522 0.000456115 0 8.21898 0.000156787 0 0 0 0)
(-0.000849051 -0.000344317 0 8.2409 0.00305333 0 0 0 0)
(-0.00142935 8.20669e-05 0 6.9224 0.0018132 0 0 0 0)
(0.00244602 8.85733e-07 0 6.93348 -0.00147855 0 0 0 0)
(0.000405512 0.000491739 0 6.93862 -0.000793006 0 0 0 0)
(-0.000600002 -0.000346613 0 6.974 -0.00143953 0 0 0 0)
(-0.00126256 0.000137151 0 5.81512 -0.00334625 0 0 0 0)
(0.00258169 5.50166e-05 0 5.82119 -0.00516186 0 0 0 0)
(0.000799957 0.000456765 0 5.82639 -0.000951254 0 0 0 0)
(-0.000430844 -0.000359278 0 5.87386 -0.00105563 0 0 0 0)
(-0.00128767 0.000107828 0 4.85847 0.00756845 0 0 0 0)
(0.0026338 4.08023e-05 0 4.85825 0.000722288 0 0 0 0)
(0.00128334 0.000560176 0 4.86582 0.00141452 0 0 0 0)
(-0.00027459 -0.00035857 0 4.92672 0.0071324 0 0 0 0)
(-0.00136336 -3.23398e-05 0 4.03854 -0.000771136 0 0 0 0)
(0.00270417 -4.75489e-05 0 4.03294 -0.00290648 0 0 0 0)
(0.00194114 0.0005636 0 4.03084 -0.00306388 0 0 0 0)
(1.10605e-05 -0.00034327 0 4.09121 -0.00310987 0 0 0 0)
(-0.00150396 4.20004e-05 0 3.33821 0.000525179 0 0 0 0)
(0.00250548 2.58981e-06 0 3.3259 -0.00348214 0 0 0 0)
(0.00225463 0.000556786 0 3.30484 -0.00295304 0 0 0 0)
(0.000368571 -0.000286508 0 3.36673 -0.00146161 0 0 0 0)
(-0.00174917 -8.81951e-05 0 2.74728 0.00434413 0 0 0 0)
(0.00214794 -0.000105519 0 2.72953 -0.000397708 0 0 0 0)
(0.00262159 0.000597276 0 2.68783 -0.00250943 0 0 0 0)
(0.00103614 -0.000280719 0 2.75104 0.000850728 0 0 0 0)
(-0.00187721 -9.72856e-05 0 2.24797 -0.00136994 0 0 0 0)
(0.00151478 -0.000111636 0 2.22289 -0.00300855 0 0 0 0)
(0.00261312 0.000577593 0 2.16493 -0.00416703 0 0 0 0)
(0.00172486 -0.000198825 0 2.21891 -0.00592256 0 0 0 0)
(-0.00213343 -0.000107477 0 1.83387 0.00289934 0 0 0 0)
(0.000764039 -0.000152137 0 1.80216 -0.000227761 0 0 0 0)
(0.00255525 0.000548709 0 1.73283 -0.00211691 0 0 0 0)
(0.00250513 -0.000186902 0 1.78351 -0.00117785 0 0 0 0)
(-0.00211452 -0.000153479 0 1.48926 0.00280863 0 0 0 0)
(-0.000169326 -0.00019524 0 1.46098 0.000592765 0 0 0 0)
(0.00230217 0.000561758 0 1.39169 -0.00220085 0 0 0 0)
(0.00319706 -0.000135356 0 1.43093 -0.00213034 0 0 0 0)
(-0.00200118 -0.000145866 0 1.19446 0.00158656 0 0 0 0)
(-0.00086209 -0.000235629 0 1.18005 0.000749796 0 0 0 0)
(0.0020543 0.000503324 0 1.11835 -0.00235375 0 0 0 0)
(0.00363969 -0.000102583 0 1.13998 -0.00442998 0 0 0 0)
(-0.0015947 -0.000164902 0 0.938737 0.00182499 0 0 0 0)
(-0.00143775 -0.000260912 0 0.927418 0.00167075 0 0 0 0)
(0.00163428 0.000475429 0 0.884468 -0.00177882 0 0 0 0)
(0.00388088 -7.36986e-05 0 0.897191 -0.00362026 0 0 0 0)
(-0.00144215 -0.000145329 0 0.726093 0.00134739 0 0 0 0)
(-0.00176657 -0.000295692 0 0.718141 0.00196211 0 0 0 0)
(0.00155051 0.00041514 0 0.688228 -0.00167941 0 0 0 0)
(0.00404932 -3.89166e-05 0 0.693706 -0.00421613 0 0 0 0)
(-0.000997088 -0.000149274 0 0.547098 0.000992923 0 0 0 0)
(-0.00206883 -0.000311359 0 0.538848 0.00210513 0 0 0 0)
(0.00122703 0.000372458 0 0.521482 -0.00148094 0 0 0 0)
(0.00407502 -1.81468e-05 0 0.522044 -0.00415264 0 0 0 0)
(-0.000901743 -0.000119423 0 0.389206 0.000834198 0 0 0 0)
(-0.0021935 -0.000336923 0 0.38525 0.00253107 0 0 0 0)
(0.00127043 0.000310844 0 0.37928 -0.00124115 0 0 0 0)
(0.00409028 1.2514e-05 0 0.375583 -0.00426521 0 0 0 0)
(-0.000482125 -0.000113776 0 0.237991 0.000475343 0 0 0 0)
(-0.00223426 -0.000345948 0 0.244293 0.00248883 0 0 0 0)
(0.00106592 0.000259187 0 0.253014 -0.000931295 0 0 0 0)
(0.00398818 2.83063e-05 0 0.247753 -0.00369477 0 0 0 0)
(-0.000434274 -8.12037e-05 0 0.115783 0.00048456 0 0 0 0)
(-0.00194313 -0.000360367 0 0.126555 0.00205788 0 0 0 0)
(0.0013281 0.000207784 0 0.138448 -0.0017584 0 0 0 0)
(0.0039312 5.161e-05 0 0.132532 -0.00400838 0 0 0 0)
(2.39359e-05 -8.67095e-05 0 0.0216832 0.000275472 0 0 0 0)
(-0.00185651 -0.000383331 0 0.0293387 0.00183044 0 0 0 0)
(0.00116554 0.000158082 0 0.0314916 -0.00171588 0 0 0 0)
(0.00378246 8.1019e-05 0 0.0242658 -0.00402828 0 0 0 0)
(0.000163182 -6.44929e-05 0 -0.0750157 -0.000218883 0 0 0 0)
(-0.00177966 -0.000393557 0 -0.0688002 0.00168416 0 0 0 0)
(0.00124356 0.000110139 0 -0.0738887 -0.00158744 0 0 0 0)
(0.00367459 9.70967e-05 0 -0.0831655 -0.0037068 0 0 0 0)
(0.000691362 -5.91992e-05 0 -0.173686 -0.000535604 0 0 0 0)
(-0.00183772 -0.00040614 0 -0.166386 0.00180692 0 0 0 0)
(0.000926117 6.8233e-05 0 -0.180776 -0.00155805 0 0 0 0)
(0.00347602 0.000121327 0 -0.194746 -0.00374836 0 0 0 0)
(0.00096024 -4.98527e-05 0 -0.284302 -0.00119076 0 0 0 0)
(-0.00189782 -0.000410597 0 -0.27655 0.00218035 0 0 0 0)
(0.000770899 1.75507e-05 0 -0.298725 -0.000668203 0 0 0 0)
(0.00327816 0.000128374 0 -0.317731 -0.00342643 0 0 0 0)
(0.00156914 -2.93167e-05 0 -0.420334 -0.00147777 0 0 0 0)
(-0.00207811 -0.000397431 0 -0.409259 0.00226183 0 0 0 0)
(0.000239768 -2.52134e-05 0 -0.430001 -0.000182644 0 0 0 0)
(0.00300326 0.000132574 0 -0.456767 -0.00278524 0 0 0 0)
(0.0018394 -1.84162e-05 0 -0.592577 -0.00174541 0 0 0 0)
(-0.00205893 -0.000389012 0 -0.582182 0.00232871 0 0 0 0)
(-2.09032e-05 -6.65671e-05 0 -0.587353 -0.000146245 0 0 0 0)
(0.00268834 0.000126271 0 -0.621257 -0.00272855 0 0 0 0)
(0.00218438 -1.13586e-06 0 -0.789473 -0.00221495 0 0 0 0)
(-0.00199104 -0.000370778 0 -0.778956 0.00206646 0 0 0 0)
(-0.000411472 -0.000109501 0 -0.774282 0.000170987 0 0 0 0)
(0.00233694 0.00012734 0 -0.815654 -0.00241017 0 0 0 0)
(0.0023519 1.62669e-05 0 -1.02417 -0.00230933 0 0 0 0)
(-0.00180575 -0.000349246 0 -1.01581 0.00196955 0 0 0 0)
(-0.000632532 -0.000141178 0 -1.00141 0.000528359 0 0 0 0)
(0.00170347 0.000112822 0 -1.05234 -0.0016291 0 0 0 0)
(0.0025879 3.20849e-05 0 -1.30286 -0.00255917 0 0 0 0)
(-0.00161176 -0.000323483 0 -1.29551 0.00171559 0 0 0 0)
(-0.00102024 -0.000169479 0 -1.27405 0.000749525 0 0 0 0)
(0.000801969 0.0001057 0 -1.32193 -0.000902518 0 0 0 0)
(0.00269553 4.7951e-05 0 -1.63896 -0.00266869 0 0 0 0)
(-0.00132556 -0.000294101 0 -1.63383 0.00147577 0 0 0 0)
(-0.00107289 -0.000184813 0 -1.60622 0.0009023 0 0 0 0)
(4.11742e-05 8.89749e-05 0 -1.64094 -0.000108691 0 0 0 0)
(0.0028126 6.13858e-05 0 -2.04175 -0.00277026 0 0 0 0)
(-0.00106609 -0.000263967 0 -2.03732 0.0011753 0 0 0 0)
(-0.00113868 -0.000195886 0 -2.00361 0.000896178 0 0 0 0)
(-0.000543304 8.10753e-05 0 -2.02683 0.000516308 0 0 0 0)
(0.00282697 7.28177e-05 0 -2.52558 -0.00280881 0 0 0 0)
(-0.000689945 -0.000232994 0 -2.52299 0.00083329 0 0 0 0)
(-0.000898004 -0.000195796 0 -2.48514 0.000715511 0 0 0 0)
(-0.00108068 6.82856e-05 0 -2.50074 0.00100463 0 0 0 0)
(0.00281994 8.20574e-05 0 -3.10137 -0.00296631 0 0 0 0)
(-0.000392094 -0.000205228 0 -3.0975 0.00025857 0 0 0 0)
(-0.000767821 -0.000193031 0 -3.05864 0.000441355 0 0 0 0)
(-0.00144665 6.59721e-05 0 -3.06905 0.00127707 0 0 0 0)
(0.00277881 8.93151e-05 0 -3.78596 -0.0025041 0 0 0 0)
(2.22753e-05 -0.000176199 0 -3.78423 8.36085e-05 0 0 0 0)
(-0.00042391 -0.000178821 0 -3.75244 0.000289056 0 0 0 0)
(-0.00182177 5.96498e-05 0 -3.75855 0.00218489 0 0 0 0)
(0.00265441 8.71832e-05 0 -4.59234 -0.00248359 0 0 0 0)
(0.000166572 -0.000158675 0 -4.58576 0.000203755 0 0 0 0)
(-0.000339792 -0.000158009 0 -4.57127 0.000210946 0 0 0 0)
(-0.00187807 6.57625e-05 0 -4.57836 0.00202634 0 0 0 0)
(0.00263322 9.17258e-05 0 -5.53947 -0.00273704 0 0 0 0)
(0.000373404 -0.00013129 0 -5.5357 -0.000191763 0 0 0 0)
(-0.000300522 -0.000148445 0 -5.51379 7.188e-05 0 0 0 0)
(-0.00191913 6.72987e-05 0 -5.51719 0.00149395 0 0 0 0)
(0.00239653 8.87507e-05 0 -6.64248 -0.00231793 0 0 0 0)
(0.000594645 -0.00011186 0 -6.63099 -0.000189136 0 0 0 0)
(-3.11959e-05 -0.000129914 0 -6.62603 1.21163e-06 0 0 0 0)
(-0.00194579 7.50273e-05 0 -6.63769 0.00193644 0 0 0 0)
(0.0024628 8.45342e-05 0 -7.92161 -0.00253576 0 0 0 0)
(0.000647538 -9.26381e-05 0 -7.92057 -0.000452221 0 0 0 0)
(-0.000412135 -0.000113018 0 -7.91347 3.55211e-05 0 0 0 0)
(-0.00178956 7.92547e-05 0 -7.91574 0.00137313 0 0 0 0)
(0.00201046 8.31536e-05 0 -9.39412 -0.00229023 0 0 0 0)
(0.000730336 -6.90054e-05 0 -9.39518 -0.000811904 0 0 0 0)
(4.92975e-05 -9.94915e-05 0 -9.39334 -0.000156205 0 0 0 0)
(-0.00162385 8.17891e-05 0 -9.39607 0.00135649 0 0 0 0)
(0.00203121 7.49922e-05 0 -11.0806 -0.00165578 0 0 0 0)
(0.000660443 -5.70709e-05 0 -11.0857 -0.000623041 0 0 0 0)
(-0.000426911 -7.68786e-05 0 -11.0853 1.34646e-06 0 0 0 0)
(-0.0013459 8.27969e-05 0 -11.0856 0.00173542 0 0 0 0)
(0.00150468 6.67294e-05 0 -12.9998 -0.00156914 0 0 0 0)
(0.000652113 -4.13866e-05 0 -13.0079 -0.000498607 0 0 0 0)
(4.97204e-05 -6.01838e-05 0 -13.0043 -5.16385e-06 0 0 0 0)
(-0.00107996 8.09788e-05 0 -13.0061 0.00110239 0 0 0 0)
(0.00150279 5.98279e-05 0 -15.1712 -0.00137228 0 0 0 0)
(0.000585333 -3.10047e-05 0 -15.1781 -0.000465504 0 0 0 0)
(-0.000397145 -5.01952e-05 0 -15.1779 -1.52776e-05 0 0 0 0)
(-0.000861921 7.94337e-05 0 -15.1889 0.000777871 0 0 0 0)
(0.00103407 5.06381e-05 0 -17.6142 -0.00109494 0 0 0 0)
(0.000540572 -1.87699e-05 0 -17.6252 -0.00042015 0 0 0 0)
(-0.000130338 -3.94609e-05 0 -17.6177 0.000100551 0 0 0 0)
(-0.000697401 7.24186e-05 0 -17.6306 0.000714821 0 0 0 0)
(0.00103416 4.28522e-05 0 -20.346 -0.000920642 0 0 0 0)
(0.000527194 -1.10799e-05 0 -20.3525 -0.000388921 0 0 0 0)
(-0.000487112 -3.12791e-05 0 -20.3474 0.000152195 0 0 0 0)
(-0.000651486 6.30408e-05 0 -20.3627 0.000597064 0 0 0 0)
(0.000705609 3.38748e-05 0 -23.3854 -0.0007274 0 0 0 0)
(0.000517553 -8.89328e-07 0 -23.3991 -0.000385049 0 0 0 0)
(-0.000301278 -2.30278e-05 0 -23.3893 0.000185876 0 0 0 0)
(-0.000569647 4.98211e-05 0 -23.3914 0.00053254 0 0 0 0)
(0.000620664 2.58832e-05 0 -26.7461 -0.000531989 0 0 0 0)
(0.000462601 4.14139e-06 0 -26.7577 -0.000337731 0 0 0 0)
(-0.000358342 -1.59859e-05 0 -26.7518 8.89497e-05 0 0 0 0)
(-0.000481187 3.64777e-05 0 -26.7486 0.000456494 0 0 0 0)
(0.000355224 1.79971e-05 0 -30.4447 -0.000351211 0 0 0 0)
(0.000422136 9.45965e-06 0 -30.4592 -0.00028758 0 0 0 0)
(-0.000149097 -9.79072e-06 0 -30.4531 -5.93067e-06 0 0 0 0)
(-0.000406783 2.333e-05 0 -30.4422 0.000374267 0 0 0 0)
(0.000224509 1.16744e-05 0 -34.4917 -0.000160591 0 0 0 0)
(0.000321934 9.89606e-06 0 -34.5015 -0.000200859 0 0 0 0)
(-7.42214e-05 -4.95512e-06 0 -34.5011 -0.000161384 0 0 0 0)
(-0.00032185 1.25776e-05 0 -34.4881 0.000307532 0 0 0 0)
(3.95392e-05 6.4021e-06 0 -38.9006 -1.58267e-05 0 0 0 0)
(0.000266019 9.44644e-06 0 -38.9071 -0.000139562 0 0 0 0)
(7.43806e-05 -1.31754e-06 0 -38.9104 -0.000246652 0 0 0 0)
(-0.000267134 4.7347e-06 0 -38.8936 0.000265351 0 0 0 0)
(-6.78774e-05 2.99094e-06 0 -43.6743 0.000111002 0 0 0 0)
(0.000158471 6.04898e-06 0 -43.6733 -3.28952e-05 0 0 0 0)
(0.000151319 1.79343e-06 0 -43.6868 -0.000349686 0 0 0 0)
(-0.000112865 4.3727e-07 0 -43.6677 4.7743e-05 0 0 0 0)
(-0.000116253 1.00052e-07 0 -48.766 0.000147238 0 0 0 0)
(5.70697e-05 1.76831e-06 0 -48.7533 3.46059e-05 0 0 0 0)
(0.000167787 2.64335e-08 0 -48.7789 -0.000321799 0 0 0 0)
(6.26512e-05 -7.10976e-07 0 -48.7724 -7.45857e-05 0 0 0 0)
)
;

boundaryField
{
    topWall
    {
        type            extrapolatedCalculated;
        value           nonuniform List<tensor> 8((0.000301374 7.50474e-07 0 -48.7759 -0.000305377 0 0 0 0) (0.000105165 -1.31744e-06 0 -48.8318 -0.000182114 0 0 0 0) (-0.000352907 -8.76959e-07 0 -48.8006 0.000480989 0 0 0 0) (-0.000224885 2.60101e-07 0 -48.7643 0.000220066 0 0 0 0) (-0.000116253 1.00052e-07 0 -48.766 0.000147238 0 0 0 0) (5.70697e-05 1.76831e-06 0 -48.7533 3.46059e-05 0 0 0 0) (0.000167787 2.64335e-08 0 -48.7789 -0.000321799 0 0 0 0) (6.26512e-05 -7.10976e-07 0 -48.7724 -7.45857e-05 0 0 0 0));
    }
    botWall
    {
        type            extrapolatedCalculated;
        value           nonuniform List<tensor> 8((-0.000179143 -1.48481e-06 0 4.87907 -0.0030798 0 0 0 0) (2.78619e-05 6.59589e-05 0 4.86424 -0.000183596 0 0 0 0) (0.000250199 1.37637e-06 0 4.86655 -5.28567e-05 0 0 0 0) (8.08263e-05 2.13743e-07 0 4.89762 -0.000233318 0 0 0 0) (-0.000113213 4.4789e-07 0 4.88183 0.000247968 0 0 0 0) (1.00955e-05 -2.61453e-07 0 4.87275 -0.000104846 0 0 0 0) (4.21574e-05 -3.39454e-07 0 4.88695 3.47746e-05 0 0 0 0) (-0.000118784 -6.59112e-05 0 4.88095 5.18985e-05 0 0 0 0));
    }
    inlet
    {
        type            cyclic;
    }
    outlet
    {
        type            cyclic;
    }
    fixWall
    {
        type            empty;
    }
}


// ************************************************************************* //
