/*--------------------------------*- C++ -*----------------------------------*\
  =========                 |
  \\      /  F ield         | OpenFOAM: The Open Source CFD Toolbox
   \\    /   O peration     | Website:  https://openfoam.org
    \\  /    A nd           | Version:  dev
     \\/     M anipulation  |

   OpenFOAM for Windows 20.09 (v1)
   Built by CFD Support, www.cfdsupport.com (based on Symscape).
\*---------------------------------------------------------------------------*/
FoamFile
{
    version     2.0;
    format      ascii;
    class       volSymmTensorField;
    location    "6";
    object      R;
}
// * * * * * * * * * * * * * * * * * * * * * * * * * * * * * * * * * * * * * //

dimensions      [0 2 -2 0 0 0 0];

internalField   nonuniform List<symmTensor> 
960
(
(1.4803e-16 -1.24607e-20 0 1.4803e-16 0 1.4803e-16)
(1.4803e-16 -1.24229e-20 0 1.4803e-16 0 1.4803e-16)
(1.4803e-16 -1.24287e-20 0 1.4803e-16 0 1.4803e-16)
(1.4803e-16 -1.2508e-20 0 1.4803e-16 0 1.4803e-16)
(1.4803e-16 -6.50165e-20 0 1.4803e-16 0 1.4803e-16)
(1.4803e-16 -6.48514e-20 0 1.4803e-16 0 1.4803e-16)
(1.4803e-16 -6.46184e-20 0 1.4803e-16 0 1.4803e-16)
(1.4803e-16 -6.49566e-20 0 1.4803e-16 0 1.4803e-16)
(1.4803e-16 -1.70174e-19 0 1.4803e-16 0 1.4803e-16)
(1.4803e-16 -1.69819e-19 0 1.4803e-16 0 1.4803e-16)
(1.4803e-16 -1.69426e-19 0 1.4803e-16 0 1.4803e-16)
(1.4803e-16 -1.70055e-19 0 1.4803e-16 0 1.4803e-16)
(1.4803e-16 -3.20998e-19 0 1.4803e-16 0 1.4803e-16)
(1.4803e-16 -3.20706e-19 0 1.4803e-16 0 1.4803e-16)
(1.4803e-16 -3.20222e-19 0 1.4803e-16 0 1.4803e-16)
(1.4803e-16 -3.20906e-19 0 1.4803e-16 0 1.4803e-16)
(1.4803e-16 -5.02098e-19 0 1.4803e-16 0 1.4803e-16)
(1.4803e-16 -5.02062e-19 0 1.48029e-16 0 1.4803e-16)
(1.4803e-16 -5.01672e-19 0 1.4803e-16 0 1.4803e-16)
(1.4803e-16 -5.02216e-19 0 1.4803e-16 0 1.4803e-16)
(1.4803e-16 -6.93279e-19 0 1.4803e-16 0 1.4803e-16)
(1.4803e-16 -6.93561e-19 0 1.48029e-16 0 1.4803e-16)
(1.4803e-16 -6.93515e-19 0 1.4803e-16 0 1.4803e-16)
(1.4803e-16 -6.9384e-19 0 1.4803e-16 0 1.4803e-16)
(1.48029e-16 -8.78919e-19 0 1.4803e-16 0 1.4803e-16)
(1.4803e-16 -8.79748e-19 0 1.48029e-16 0 1.4803e-16)
(1.48029e-16 -8.80215e-19 0 1.4803e-16 0 1.4803e-16)
(1.4803e-16 -8.80343e-19 0 1.4803e-16 0 1.4803e-16)
(1.48029e-16 -1.04734e-18 0 1.4803e-16 0 1.4803e-16)
(1.4803e-16 -1.04919e-18 0 1.48029e-16 0 1.4803e-16)
(1.48029e-16 -1.05007e-18 0 1.4803e-16 0 1.4803e-16)
(1.4803e-16 -1.05006e-18 0 1.4803e-16 0 1.4803e-16)
(1.48029e-16 -1.19027e-18 0 1.4803e-16 0 1.4803e-16)
(1.4803e-16 -1.19332e-18 0 1.48029e-16 0 1.4803e-16)
(1.48029e-16 -1.19482e-18 0 1.4803e-16 0 1.4803e-16)
(1.4803e-16 -1.19494e-18 0 1.4803e-16 0 1.4803e-16)
(1.48029e-16 -1.3028e-18 0 1.48031e-16 0 1.48029e-16)
(1.48031e-16 -1.30736e-18 0 1.48029e-16 0 1.4803e-16)
(1.48029e-16 -1.30919e-18 0 1.4803e-16 0 1.4803e-16)
(1.4803e-16 -1.30959e-18 0 1.4803e-16 0 1.4803e-16)
(1.48029e-16 -1.38253e-18 0 1.48031e-16 0 1.4803e-16)
(1.48031e-16 -1.38806e-18 0 1.48029e-16 0 1.4803e-16)
(1.48029e-16 -1.39068e-18 0 1.48031e-16 0 1.4803e-16)
(1.4803e-16 -1.39176e-18 0 1.4803e-16 0 1.4803e-16)
(1.48029e-16 -1.42927e-18 0 1.48031e-16 0 1.48029e-16)
(1.48031e-16 -1.43571e-18 0 1.48029e-16 0 1.4803e-16)
(1.48028e-16 -1.43892e-18 0 1.48031e-16 0 1.4803e-16)
(1.4803e-16 -1.44031e-18 0 1.4803e-16 0 1.48029e-16)
(1.48029e-16 -1.44493e-18 0 1.4803e-16 0 1.4803e-16)
(1.48031e-16 -1.44998e-18 0 1.48029e-16 0 1.4803e-16)
(1.48028e-16 -1.45427e-18 0 1.48031e-16 0 1.4803e-16)
(1.48029e-16 -1.45709e-18 0 1.4803e-16 0 1.48029e-16)
(1.48029e-16 -1.43364e-18 0 1.48031e-16 0 1.48029e-16)
(1.48031e-16 -1.4342e-18 0 1.48029e-16 0 1.4803e-16)
(1.48028e-16 -1.43894e-18 0 1.48032e-16 0 1.4803e-16)
(1.48029e-16 -1.44366e-18 0 1.48031e-16 0 1.4803e-16)
(1.4803e-16 -1.39921e-18 0 1.4803e-16 0 1.48029e-16)
(1.4803e-16 -1.39236e-18 0 1.48029e-16 0 1.4803e-16)
(1.48027e-16 -1.39762e-18 0 1.48032e-16 0 1.4803e-16)
(1.48028e-16 -1.40531e-18 0 1.48032e-16 0 1.4803e-16)
(1.48031e-16 -1.33696e-18 0 1.48029e-16 0 1.48029e-16)
(1.48031e-16 -1.33659e-18 0 1.48029e-16 0 1.4803e-16)
(1.48026e-16 -1.33923e-18 0 1.48033e-16 0 1.4803e-16)
(1.48027e-16 -1.34647e-18 0 1.48032e-16 0 1.4803e-16)
(1.48032e-16 -1.25561e-18 0 1.48028e-16 0 1.48029e-16)
(1.48031e-16 -1.26703e-18 0 1.48029e-16 0 1.4803e-16)
(1.48026e-16 -1.26525e-18 0 1.48033e-16 0 1.4803e-16)
(1.48026e-16 -1.27209e-18 0 1.48034e-16 0 1.48029e-16)
(1.48032e-16 -1.17007e-18 0 1.48028e-16 0 1.48029e-16)
(1.48031e-16 -1.17976e-18 0 1.48028e-16 0 1.4803e-16)
(1.48025e-16 -1.17532e-18 0 1.48034e-16 0 1.4803e-16)
(1.48025e-16 -1.1884e-18 0 1.48035e-16 0 1.48029e-16)
(1.48033e-16 -1.0778e-18 0 1.48027e-16 0 1.48029e-16)
(1.48031e-16 -1.08519e-18 0 1.48028e-16 0 1.4803e-16)
(1.48025e-16 -1.07657e-18 0 1.48034e-16 0 1.4803e-16)
(1.48023e-16 -1.09471e-18 0 1.48037e-16 0 1.48029e-16)
(1.48034e-16 -9.82935e-19 0 1.48026e-16 0 1.48029e-16)
(1.48031e-16 -9.86169e-19 0 1.48028e-16 0 1.4803e-16)
(1.48024e-16 -9.73774e-19 0 1.48035e-16 0 1.4803e-16)
(1.48022e-16 -9.97564e-19 0 1.48038e-16 0 1.48029e-16)
(1.48034e-16 -8.88137e-19 0 1.48026e-16 0 1.48029e-16)
(1.48031e-16 -8.87239e-19 0 1.48028e-16 0 1.4803e-16)
(1.48023e-16 -8.69516e-19 0 1.48036e-16 0 1.4803e-16)
(1.4802e-16 -8.96929e-19 0 1.4804e-16 0 1.48029e-16)
(1.48035e-16 -7.96537e-19 0 1.48025e-16 0 1.48029e-16)
(1.48032e-16 -7.90266e-19 0 1.48027e-16 0 1.4803e-16)
(1.48022e-16 -7.67532e-19 0 1.48037e-16 0 1.4803e-16)
(1.48018e-16 -7.98549e-19 0 1.48042e-16 0 1.48029e-16)
(1.48036e-16 -7.09869e-19 0 1.48024e-16 0 1.48029e-16)
(1.48033e-16 -7.0037e-19 0 1.48027e-16 0 1.4803e-16)
(1.48022e-16 -6.70787e-19 0 1.48037e-16 0 1.4803e-16)
(1.48016e-16 -7.02844e-19 0 1.48044e-16 0 1.48029e-16)
(1.48036e-16 -6.29565e-19 0 1.48024e-16 0 1.48029e-16)
(1.48034e-16 -6.16567e-19 0 1.48026e-16 0 1.4803e-16)
(1.48021e-16 -5.81113e-19 0 1.48038e-16 0 1.4803e-16)
(1.48014e-16 -6.14474e-19 0 1.48046e-16 0 1.48029e-16)
(1.48037e-16 -5.56695e-19 0 1.48023e-16 0 1.48029e-16)
(1.48035e-16 -5.43341e-19 0 1.48025e-16 0 1.4803e-16)
(1.4802e-16 -5.01699e-19 0 1.48039e-16 0 1.4803e-16)
(1.48012e-16 -5.3389e-19 0 1.48048e-16 0 1.48029e-16)
(1.48037e-16 -4.92478e-19 0 1.48023e-16 0 1.48029e-16)
(1.48036e-16 -4.795e-19 0 1.48023e-16 0 1.4803e-16)
(1.4802e-16 -4.36848e-19 0 1.48039e-16 0 1.4803e-16)
(1.48009e-16 -4.698e-19 0 1.48051e-16 0 1.48029e-16)
(1.48038e-16 -4.36591e-19 0 1.48023e-16 0 1.48029e-16)
(1.48038e-16 -4.29401e-19 0 1.4802e-16 0 1.48031e-16)
(1.48019e-16 -3.89895e-19 0 1.4804e-16 0 1.4803e-16)
(1.48006e-16 -4.17864e-19 0 1.48054e-16 0 1.48028e-16)
(1.48038e-16 -3.86815e-19 0 1.48023e-16 0 1.48029e-16)
(1.48039e-16 -3.90248e-19 0 1.48019e-16 0 1.48031e-16)
(1.48019e-16 -3.70969e-19 0 1.4804e-16 0 1.4803e-16)
(1.48004e-16 -3.94518e-19 0 1.48056e-16 0 1.48029e-16)
(1.48037e-16 -3.4343e-19 0 1.48023e-16 0 1.48029e-16)
(1.48038e-16 -3.64341e-19 0 1.48021e-16 0 1.4803e-16)
(1.48018e-16 -3.80821e-19 0 1.48041e-16 0 1.4803e-16)
(1.48003e-16 -3.88208e-19 0 1.48057e-16 0 1.48029e-16)
(1.48037e-16 -2.7767e-19 0 1.48023e-16 0 1.48029e-16)
(1.48037e-16 -3.57028e-19 0 1.48023e-16 0 1.48029e-16)
(1.48016e-16 -4.23398e-19 0 1.48043e-16 0 1.4803e-16)
(1.48003e-16 -3.66543e-19 0 1.48057e-16 0 1.4803e-16)
(1.48036e-16 -2.64217e-19 0 1.48024e-16 0 1.48029e-16)
(1.48034e-16 -3.78763e-19 0 1.48026e-16 0 1.48029e-16)
(1.48016e-16 -4.65854e-19 0 1.48042e-16 0 1.48031e-16)
(1.48003e-16 -3.75019e-19 0 1.48056e-16 0 1.4803e-16)
(1.48034e-16 -3.45008e-19 0 1.48026e-16 0 1.48029e-16)
(1.48031e-16 -4.27276e-19 0 1.48029e-16 0 1.48029e-16)
(1.48015e-16 -4.79795e-19 0 1.48044e-16 0 1.4803e-16)
(1.48003e-16 -4.31512e-19 0 1.48056e-16 0 1.4803e-16)
(1.48033e-16 -4.46106e-19 0 1.48027e-16 0 1.48029e-16)
(1.48031e-16 -4.99368e-19 0 1.48028e-16 0 1.48031e-16)
(1.48014e-16 -5.04301e-19 0 1.48045e-16 0 1.4803e-16)
(1.48002e-16 -4.86622e-19 0 1.48057e-16 0 1.4803e-16)
(1.48031e-16 -5.73293e-19 0 1.48029e-16 0 1.48029e-16)
(1.48031e-16 -6.01079e-19 0 1.48028e-16 0 1.48031e-16)
(1.48014e-16 -5.69745e-19 0 1.48045e-16 0 1.4803e-16)
(1.48001e-16 -5.64735e-19 0 1.48058e-16 0 1.4803e-16)
(1.48029e-16 -7.31821e-19 0 1.48031e-16 0 1.48029e-16)
(1.4803e-16 -7.39367e-19 0 1.48029e-16 0 1.4803e-16)
(1.48014e-16 -6.89182e-19 0 1.48046e-16 0 1.4803e-16)
(1.48e-16 -6.93332e-19 0 1.48059e-16 0 1.4803e-16)
(1.48028e-16 -9.28868e-19 0 1.48032e-16 0 1.48029e-16)
(1.48031e-16 -9.23338e-19 0 1.48029e-16 0 1.4803e-16)
(1.48015e-16 -8.62083e-19 0 1.48044e-16 0 1.4803e-16)
(1.48e-16 -8.62252e-19 0 1.48059e-16 0 1.4803e-16)
(1.48026e-16 -1.17586e-18 0 1.48035e-16 0 1.48029e-16)
(1.48032e-16 -1.16289e-18 0 1.48028e-16 0 1.4803e-16)
(1.48015e-16 -1.10053e-18 0 1.48045e-16 0 1.48029e-16)
(1.47998e-16 -1.09328e-18 0 1.48061e-16 0 1.4803e-16)
(1.48025e-16 -1.48042e-18 0 1.48034e-16 0 1.4803e-16)
(1.48034e-16 -1.46808e-18 0 1.48025e-16 0 1.4803e-16)
(1.48017e-16 -1.41156e-18 0 1.48042e-16 0 1.4803e-16)
(1.47999e-16 -1.38737e-18 0 1.4806e-16 0 1.48031e-16)
(1.48022e-16 -1.85878e-18 0 1.48039e-16 0 1.48028e-16)
(1.48034e-16 -1.84976e-18 0 1.48025e-16 0 1.48029e-16)
(1.48017e-16 -1.80587e-18 0 1.48044e-16 0 1.48029e-16)
(1.47997e-16 -1.75894e-18 0 1.48062e-16 0 1.4803e-16)
(1.50551e-16 -2.35855e-18 0 1.50567e-16 0 1.50559e-16)
(1.50496e-16 -2.35553e-18 0 1.50488e-16 0 1.5049e-16)
(1.50562e-16 -2.33318e-18 0 1.50584e-16 0 1.50573e-16)
(1.50698e-16 -2.25633e-18 0 1.50763e-16 0 1.5073e-16)
(1.57332e-16 -3.05702e-18 0 1.57351e-16 0 1.57342e-16)
(1.57269e-16 -3.06108e-18 0 1.57251e-16 0 1.57263e-16)
(1.5735e-16 -3.06962e-18 0 1.57363e-16 0 1.57359e-16)
(1.57518e-16 -2.9498e-18 0 1.57565e-16 0 1.57549e-16)
(1.65213e-16 -3.95254e-18 0 1.65246e-16 0 1.65226e-16)
(1.6514e-16 -3.96638e-18 0 1.65126e-16 0 1.65134e-16)
(1.65236e-16 -4.01664e-18 0 1.65254e-16 0 1.65244e-16)
(1.65429e-16 -3.84225e-18 0 1.65501e-16 0 1.65459e-16)
(1.74273e-16 -5.09911e-18 0 1.743e-16 0 1.74288e-16)
(1.74182e-16 -5.11426e-18 0 1.74171e-16 0 1.74178e-16)
(1.74299e-16 -5.22252e-18 0 1.74307e-16 0 1.74305e-16)
(1.74532e-16 -4.98427e-18 0 1.74577e-16 0 1.74558e-16)
(1.84579e-16 -6.54576e-18 0 1.84618e-16 0 1.84597e-16)
(1.84474e-16 -6.5629e-18 0 1.84466e-16 0 1.84472e-16)
(1.84609e-16 -6.74622e-18 0 1.84614e-16 0 1.84613e-16)
(1.84885e-16 -6.43322e-18 0 1.84913e-16 0 1.84905e-16)
(1.96229e-16 -8.35908e-18 0 1.96276e-16 0 1.96249e-16)
(1.96098e-16 -8.36697e-18 0 1.96118e-16 0 1.961e-16)
(1.96256e-16 -8.65845e-18 0 1.96274e-16 0 1.96257e-16)
(1.96569e-16 -8.25929e-18 0 1.96623e-16 0 1.96581e-16)
(2.09337e-16 -1.06257e-17 0 2.09365e-16 0 2.09358e-16)
(2.09175e-16 -1.06208e-17 0 2.09203e-16 0 2.09183e-16)
(2.09359e-16 -1.09217e-17 0 2.09358e-16 0 2.09359e-16)
(2.09742e-16 -1.05359e-17 0 2.09709e-16 0 2.09742e-16)
(2.23998e-16 -1.34784e-17 0 2.2404e-16 0 2.2402e-16)
(2.23818e-16 -1.3464e-17 0 2.23845e-16 0 2.23831e-16)
(2.2402e-16 -1.36644e-17 0 2.24012e-16 0 2.24017e-16)
(2.24447e-16 -1.337e-17 0 2.24425e-16 0 2.24438e-16)
(2.40356e-16 -1.70061e-17 0 2.40401e-16 0 2.40381e-16)
(2.40149e-16 -1.70031e-17 0 2.40188e-16 0 2.40165e-16)
(2.4037e-16 -1.71229e-17 0 2.40364e-16 0 2.40364e-16)
(2.40851e-16 -1.68862e-17 0 2.40828e-16 0 2.40835e-16)
(2.58554e-16 -2.13109e-17 0 2.586e-16 0 2.58583e-16)
(2.58325e-16 -2.13098e-17 0 2.58358e-16 0 2.58343e-16)
(2.58566e-16 -2.13622e-17 0 2.58535e-16 0 2.58556e-16)
(2.59116e-16 -2.11772e-17 0 2.59036e-16 0 2.59093e-16)
(2.78751e-16 -2.6483e-17 0 2.78816e-16 0 2.78785e-16)
(2.78499e-16 -2.65012e-17 0 2.7854e-16 0 2.78519e-16)
(2.78756e-16 -2.64919e-17 0 2.78729e-16 0 2.78742e-16)
(2.79358e-16 -2.63476e-17 0 2.79314e-16 0 2.79329e-16)
(3.01143e-16 -3.26645e-17 0 3.01216e-16 0 3.01182e-16)
(3.0086e-16 -3.26804e-17 0 3.00916e-16 0 3.00882e-16)
(3.01138e-16 -3.26275e-17 0 3.01106e-16 0 3.01118e-16)
(3.01818e-16 -3.25147e-17 0 3.01741e-16 0 3.01783e-16)
(3.25936e-16 -3.99094e-17 0 3.26015e-16 0 3.25982e-16)
(3.25628e-16 -3.99735e-17 0 3.25675e-16 0 3.2565e-16)
(3.25925e-16 -3.98787e-17 0 3.25869e-16 0 3.25899e-16)
(3.26676e-16 -3.97772e-17 0 3.26585e-16 0 3.26637e-16)
(3.53362e-16 -4.83854e-17 0 3.53462e-16 0 3.53415e-16)
(3.53026e-16 -4.84595e-17 0 3.53079e-16 0 3.5305e-16)
(3.53343e-16 -4.83406e-17 0 3.53278e-16 0 3.53309e-16)
(3.54174e-16 -4.82408e-17 0 3.5408e-16 0 3.5413e-16)
(3.83694e-16 -5.80644e-17 0 3.83812e-16 0 3.83756e-16)
(3.8333e-16 -5.82289e-17 0 3.83381e-16 0 3.83353e-16)
(3.83668e-16 -5.80885e-17 0 3.83585e-16 0 3.83626e-16)
(3.84591e-16 -5.79706e-17 0 3.84478e-16 0 3.8454e-16)
(4.17239e-16 -6.90984e-17 0 4.17369e-16 0 4.1731e-16)
(4.1685e-16 -6.92958e-17 0 4.1687e-16 0 4.16877e-16)
(4.17211e-16 -6.91656e-17 0 4.17083e-16 0 4.17158e-16)
(4.18224e-16 -6.90258e-17 0 4.181e-16 0 4.18167e-16)
(4.54333e-16 -8.13856e-17 0 4.54505e-16 0 4.54415e-16)
(4.53874e-16 -8.16876e-17 0 4.54017e-16 0 4.53903e-16)
(4.54279e-16 -8.15699e-17 0 4.54201e-16 0 4.54217e-16)
(4.55424e-16 -8.14019e-17 0 4.55299e-16 0 4.55361e-16)
(4.95416e-16 -9.50048e-17 0 4.95557e-16 0 4.95507e-16)
(4.94894e-16 -9.53216e-17 0 4.95039e-16 0 4.94933e-16)
(4.95329e-16 -9.52794e-17 0 4.95236e-16 0 4.95255e-16)
(4.96589e-16 -9.51207e-17 0 4.96499e-16 0 4.96519e-16)
(5.40884e-16 -1.09771e-16 0 5.41148e-16 0 5.4098e-16)
(5.40401e-16 -1.10089e-16 0 5.40375e-16 0 5.40445e-16)
(5.4086e-16 -1.10149e-16 0 5.40592e-16 0 5.4078e-16)
(5.42273e-16 -1.10069e-16 0 5.42008e-16 0 5.42198e-16)
(5.91377e-16 -1.26668e-16 0 5.91675e-16 0 5.91472e-16)
(5.90714e-16 -1.26545e-16 0 5.91048e-16 0 5.90772e-16)
(5.9127e-16 -1.26635e-16 0 5.91152e-16 0 5.91183e-16)
(5.92878e-16 -1.26749e-16 0 5.92707e-16 0 5.928e-16)
(6.47592e-16 -1.99056e-16 0 6.47712e-16 0 6.47679e-16)
(6.46883e-16 -1.97174e-16 0 6.46969e-16 0 6.46933e-16)
(6.47375e-16 -1.97416e-16 0 6.47259e-16 0 6.47291e-16)
(6.4916e-16 -1.98945e-16 0 6.49075e-16 0 6.49081e-16)
(1.4803e-16 -1.24677e-20 0 1.4803e-16 0 1.4803e-16)
(1.4803e-16 -1.24445e-20 0 1.4803e-16 0 1.4803e-16)
(1.4803e-16 -1.24808e-20 0 1.4803e-16 0 1.4803e-16)
(1.4803e-16 -1.24653e-20 0 1.4803e-16 0 1.4803e-16)
(1.4803e-16 -6.47124e-20 0 1.4803e-16 0 1.4803e-16)
(1.4803e-16 -6.46299e-20 0 1.4803e-16 0 1.4803e-16)
(1.4803e-16 -6.4826e-20 0 1.4803e-16 0 1.4803e-16)
(1.4803e-16 -6.474e-20 0 1.4803e-16 0 1.4803e-16)
(1.4803e-16 -1.69314e-19 0 1.4803e-16 0 1.4803e-16)
(1.4803e-16 -1.69139e-19 0 1.4803e-16 0 1.4803e-16)
(1.4803e-16 -1.69586e-19 0 1.4803e-16 0 1.4803e-16)
(1.4803e-16 -1.69484e-19 0 1.4803e-16 0 1.4803e-16)
(1.4803e-16 -3.19468e-19 0 1.4803e-16 0 1.4803e-16)
(1.4803e-16 -3.19144e-19 0 1.4803e-16 0 1.4803e-16)
(1.4803e-16 -3.19783e-19 0 1.4803e-16 0 1.4803e-16)
(1.4803e-16 -3.19706e-19 0 1.4803e-16 0 1.4803e-16)
(1.4803e-16 -5.0016e-19 0 1.48029e-16 0 1.4803e-16)
(1.4803e-16 -4.99607e-19 0 1.4803e-16 0 1.4803e-16)
(1.4803e-16 -5.00383e-19 0 1.4803e-16 0 1.4803e-16)
(1.4803e-16 -5.00414e-19 0 1.4803e-16 0 1.4803e-16)
(1.4803e-16 -6.91453e-19 0 1.48029e-16 0 1.4803e-16)
(1.4803e-16 -6.9057e-19 0 1.4803e-16 0 1.4803e-16)
(1.4803e-16 -6.91558e-19 0 1.4803e-16 0 1.4803e-16)
(1.4803e-16 -6.91812e-19 0 1.4803e-16 0 1.4803e-16)
(1.48031e-16 -8.78081e-19 0 1.48029e-16 0 1.4803e-16)
(1.4803e-16 -8.76801e-19 0 1.4803e-16 0 1.4803e-16)
(1.48029e-16 -8.78069e-19 0 1.4803e-16 0 1.4803e-16)
(1.48029e-16 -8.78361e-19 0 1.4803e-16 0 1.4803e-16)
(1.48031e-16 -1.04853e-18 0 1.48029e-16 0 1.4803e-16)
(1.48029e-16 -1.04682e-18 0 1.4803e-16 0 1.4803e-16)
(1.48029e-16 -1.04845e-18 0 1.4803e-16 0 1.4803e-16)
(1.48029e-16 -1.04828e-18 0 1.4803e-16 0 1.4803e-16)
(1.48031e-16 -1.19483e-18 0 1.48028e-16 0 1.4803e-16)
(1.48029e-16 -1.19268e-18 0 1.4803e-16 0 1.4803e-16)
(1.48029e-16 -1.19476e-18 0 1.4803e-16 0 1.4803e-16)
(1.48029e-16 -1.19368e-18 0 1.4803e-16 0 1.4803e-16)
(1.48032e-16 -1.31186e-18 0 1.48028e-16 0 1.4803e-16)
(1.48029e-16 -1.30932e-18 0 1.4803e-16 0 1.4803e-16)
(1.48029e-16 -1.31184e-18 0 1.4803e-16 0 1.4803e-16)
(1.48029e-16 -1.30934e-18 0 1.4803e-16 0 1.4803e-16)
(1.48032e-16 -1.39736e-18 0 1.48027e-16 0 1.4803e-16)
(1.48029e-16 -1.3942e-18 0 1.4803e-16 0 1.4803e-16)
(1.48029e-16 -1.39729e-18 0 1.48031e-16 0 1.4803e-16)
(1.48029e-16 -1.39374e-18 0 1.4803e-16 0 1.4803e-16)
(1.48033e-16 -1.45048e-18 0 1.48027e-16 0 1.4803e-16)
(1.48029e-16 -1.447e-18 0 1.48031e-16 0 1.4803e-16)
(1.48029e-16 -1.45041e-18 0 1.48031e-16 0 1.4803e-16)
(1.4803e-16 -1.44593e-18 0 1.48029e-16 0 1.4803e-16)
(1.48033e-16 -1.47275e-18 0 1.48026e-16 0 1.4803e-16)
(1.48029e-16 -1.46997e-18 0 1.48031e-16 0 1.4803e-16)
(1.48029e-16 -1.4727e-18 0 1.48031e-16 0 1.4803e-16)
(1.4803e-16 -1.46749e-18 0 1.48029e-16 0 1.4803e-16)
(1.48033e-16 -1.46571e-18 0 1.48026e-16 0 1.4803e-16)
(1.48029e-16 -1.46481e-18 0 1.48031e-16 0 1.4803e-16)
(1.48028e-16 -1.466e-18 0 1.48031e-16 0 1.4803e-16)
(1.48031e-16 -1.46161e-18 0 1.48029e-16 0 1.4803e-16)
(1.48033e-16 -1.43466e-18 0 1.48026e-16 0 1.4803e-16)
(1.48029e-16 -1.4352e-18 0 1.48031e-16 0 1.4803e-16)
(1.48028e-16 -1.43425e-18 0 1.48031e-16 0 1.4803e-16)
(1.48031e-16 -1.43301e-18 0 1.48029e-16 0 1.48029e-16)
(1.48033e-16 -1.37936e-18 0 1.48026e-16 0 1.4803e-16)
(1.48029e-16 -1.38135e-18 0 1.48031e-16 0 1.4803e-16)
(1.48028e-16 -1.38018e-18 0 1.48031e-16 0 1.4803e-16)
(1.48032e-16 -1.37162e-18 0 1.48028e-16 0 1.4803e-16)
(1.48033e-16 -1.30474e-18 0 1.48026e-16 0 1.4803e-16)
(1.48028e-16 -1.30707e-18 0 1.48031e-16 0 1.4803e-16)
(1.48028e-16 -1.30871e-18 0 1.48031e-16 0 1.4803e-16)
(1.48033e-16 -1.28867e-18 0 1.48027e-16 0 1.48029e-16)
(1.48033e-16 -1.2208e-18 0 1.48026e-16 0 1.4803e-16)
(1.48028e-16 -1.22057e-18 0 1.48032e-16 0 1.48029e-16)
(1.48029e-16 -1.22416e-18 0 1.4803e-16 0 1.4803e-16)
(1.48035e-16 -1.20245e-18 0 1.48024e-16 0 1.4803e-16)
(1.48033e-16 -1.1259e-18 0 1.48026e-16 0 1.4803e-16)
(1.48028e-16 -1.12427e-18 0 1.48032e-16 0 1.4803e-16)
(1.48029e-16 -1.12928e-18 0 1.4803e-16 0 1.4803e-16)
(1.48037e-16 -1.10649e-18 0 1.48022e-16 0 1.4803e-16)
(1.48033e-16 -1.02711e-18 0 1.48026e-16 0 1.4803e-16)
(1.48028e-16 -1.02381e-18 0 1.48032e-16 0 1.48029e-16)
(1.48029e-16 -1.02868e-18 0 1.4803e-16 0 1.4803e-16)
(1.48038e-16 -1.00613e-18 0 1.48021e-16 0 1.4803e-16)
(1.48032e-16 -9.24635e-19 0 1.48027e-16 0 1.4803e-16)
(1.48028e-16 -9.20949e-19 0 1.48032e-16 0 1.48029e-16)
(1.48029e-16 -9.25003e-19 0 1.4803e-16 0 1.4803e-16)
(1.48039e-16 -9.03241e-19 0 1.4802e-16 0 1.4803e-16)
(1.48032e-16 -8.24588e-19 0 1.48027e-16 0 1.4803e-16)
(1.48027e-16 -8.20353e-19 0 1.48032e-16 0 1.48029e-16)
(1.48029e-16 -8.22672e-19 0 1.4803e-16 0 1.4803e-16)
(1.48041e-16 -8.03029e-19 0 1.48018e-16 0 1.4803e-16)
(1.48032e-16 -7.27715e-19 0 1.48027e-16 0 1.4803e-16)
(1.48027e-16 -7.22576e-19 0 1.48033e-16 0 1.48029e-16)
(1.4803e-16 -7.22645e-19 0 1.48029e-16 0 1.4803e-16)
(1.48042e-16 -7.0585e-19 0 1.48017e-16 0 1.4803e-16)
(1.48032e-16 -6.38794e-19 0 1.48027e-16 0 1.4803e-16)
(1.48027e-16 -6.31955e-19 0 1.48033e-16 0 1.48029e-16)
(1.4803e-16 -6.29147e-19 0 1.48029e-16 0 1.4803e-16)
(1.48044e-16 -6.15852e-19 0 1.48016e-16 0 1.4803e-16)
(1.48032e-16 -5.57855e-19 0 1.48027e-16 0 1.4803e-16)
(1.48027e-16 -5.47805e-19 0 1.48033e-16 0 1.48029e-16)
(1.48031e-16 -5.41771e-19 0 1.48028e-16 0 1.4803e-16)
(1.48045e-16 -5.3279e-19 0 1.48015e-16 0 1.4803e-16)
(1.48032e-16 -4.91631e-19 0 1.48027e-16 0 1.4803e-16)
(1.48027e-16 -4.73932e-19 0 1.48033e-16 0 1.48029e-16)
(1.48031e-16 -4.64307e-19 0 1.48028e-16 0 1.4803e-16)
(1.48045e-16 -4.61382e-19 0 1.48014e-16 0 1.48029e-16)
(1.48032e-16 -4.3768e-19 0 1.48027e-16 0 1.4803e-16)
(1.48028e-16 -4.11442e-19 0 1.48032e-16 0 1.48029e-16)
(1.48031e-16 -3.94712e-19 0 1.48028e-16 0 1.4803e-16)
(1.48046e-16 -3.99104e-19 0 1.48013e-16 0 1.4803e-16)
(1.48032e-16 -4.02982e-19 0 1.48027e-16 0 1.4803e-16)
(1.48028e-16 -3.60885e-19 0 1.48032e-16 0 1.48029e-16)
(1.48032e-16 -3.37001e-19 0 1.48027e-16 0 1.48031e-16)
(1.48046e-16 -3.50774e-19 0 1.48013e-16 0 1.4803e-16)
(1.48034e-16 -3.82106e-19 0 1.48024e-16 0 1.48031e-16)
(1.4803e-16 -3.2567e-19 0 1.4803e-16 0 1.48029e-16)
(1.48031e-16 -2.88314e-19 0 1.48028e-16 0 1.4803e-16)
(1.48046e-16 -3.15009e-19 0 1.48014e-16 0 1.48029e-16)
(1.48035e-16 -3.71399e-19 0 1.48024e-16 0 1.48031e-16)
(1.48032e-16 -3.40681e-19 0 1.48028e-16 0 1.48029e-16)
(1.48032e-16 -2.75892e-19 0 1.48027e-16 0 1.4803e-16)
(1.48046e-16 -2.826e-19 0 1.48013e-16 0 1.4803e-16)
(1.48034e-16 -3.80538e-19 0 1.48025e-16 0 1.4803e-16)
(1.48034e-16 -3.66989e-19 0 1.48025e-16 0 1.4803e-16)
(1.48033e-16 -2.869e-19 0 1.48027e-16 0 1.48029e-16)
(1.48048e-16 -2.75195e-19 0 1.48013e-16 0 1.48029e-16)
(1.48034e-16 -4.20154e-19 0 1.48026e-16 0 1.48029e-16)
(1.48036e-16 -3.9083e-19 0 1.48023e-16 0 1.4803e-16)
(1.48034e-16 -3.2239e-19 0 1.48026e-16 0 1.48029e-16)
(1.48049e-16 -3.16194e-19 0 1.48011e-16 0 1.4803e-16)
(1.48035e-16 -4.82192e-19 0 1.48026e-16 0 1.48029e-16)
(1.48038e-16 -4.58973e-19 0 1.4802e-16 0 1.4803e-16)
(1.48036e-16 -4.03362e-19 0 1.48024e-16 0 1.4803e-16)
(1.4805e-16 -3.89544e-19 0 1.48009e-16 0 1.4803e-16)
(1.48035e-16 -5.69005e-19 0 1.48026e-16 0 1.48028e-16)
(1.4804e-16 -5.61376e-19 0 1.48019e-16 0 1.4803e-16)
(1.48037e-16 -5.13326e-19 0 1.48022e-16 0 1.4803e-16)
(1.4805e-16 -4.96884e-19 0 1.48009e-16 0 1.4803e-16)
(1.48035e-16 -6.96366e-19 0 1.48025e-16 0 1.48029e-16)
(1.48041e-16 -7.00689e-19 0 1.48017e-16 0 1.48031e-16)
(1.48039e-16 -6.60909e-19 0 1.48021e-16 0 1.48029e-16)
(1.48049e-16 -6.43944e-19 0 1.48009e-16 0 1.4803e-16)
(1.48035e-16 -8.66111e-19 0 1.48025e-16 0 1.48029e-16)
(1.48042e-16 -8.87501e-19 0 1.48017e-16 0 1.4803e-16)
(1.4804e-16 -8.51653e-19 0 1.4802e-16 0 1.48029e-16)
(1.48048e-16 -8.35083e-19 0 1.48011e-16 0 1.4803e-16)
(1.48034e-16 -1.09379e-18 0 1.48026e-16 0 1.48029e-16)
(1.48042e-16 -1.13094e-18 0 1.48016e-16 0 1.4803e-16)
(1.48041e-16 -1.09534e-18 0 1.48018e-16 0 1.48029e-16)
(1.48047e-16 -1.0785e-18 0 1.48012e-16 0 1.4803e-16)
(1.48034e-16 -1.38297e-18 0 1.48025e-16 0 1.48029e-16)
(1.48043e-16 -1.43876e-18 0 1.48016e-16 0 1.48031e-16)
(1.48042e-16 -1.40189e-18 0 1.48018e-16 0 1.48029e-16)
(1.48047e-16 -1.38333e-18 0 1.48011e-16 0 1.48031e-16)
(1.48032e-16 -1.74675e-18 0 1.48029e-16 0 1.48028e-16)
(1.48042e-16 -1.82289e-18 0 1.48017e-16 0 1.4803e-16)
(1.48044e-16 -1.7808e-18 0 1.48016e-16 0 1.48029e-16)
(1.48045e-16 -1.76204e-18 0 1.48016e-16 0 1.48029e-16)
(1.50622e-16 -2.23071e-18 0 1.50619e-16 0 1.50619e-16)
(1.50603e-16 -2.33083e-18 0 1.50578e-16 0 1.50591e-16)
(1.50595e-16 -2.28347e-18 0 1.50564e-16 0 1.50579e-16)
(1.50568e-16 -2.26553e-18 0 1.50534e-16 0 1.50553e-16)
(1.5742e-16 -2.90428e-18 0 1.57411e-16 0 1.57419e-16)
(1.57393e-16 -3.03658e-18 0 1.57363e-16 0 1.57382e-16)
(1.57384e-16 -2.9788e-18 0 1.57347e-16 0 1.57366e-16)
(1.57351e-16 -2.96506e-18 0 1.57316e-16 0 1.57336e-16)
(1.65313e-16 -3.76849e-18 0 1.65329e-16 0 1.65313e-16)
(1.6528e-16 -3.93613e-18 0 1.65263e-16 0 1.6527e-16)
(1.65273e-16 -3.87355e-18 0 1.6524e-16 0 1.65253e-16)
(1.6523e-16 -3.87011e-18 0 1.65217e-16 0 1.65216e-16)
(1.74392e-16 -4.86913e-18 0 1.74392e-16 0 1.74394e-16)
(1.74345e-16 -5.07391e-18 0 1.74324e-16 0 1.74336e-16)
(1.74339e-16 -5.00416e-18 0 1.74295e-16 0 1.74316e-16)
(1.74297e-16 -5.02623e-18 0 1.74259e-16 0 1.74284e-16)
(1.84716e-16 -6.26176e-18 0 1.84723e-16 0 1.8472e-16)
(1.8466e-16 -6.49851e-18 0 1.84638e-16 0 1.84653e-16)
(1.84654e-16 -6.43282e-18 0 1.84605e-16 0 1.84629e-16)
(1.84601e-16 -6.49725e-18 0 1.84581e-16 0 1.84589e-16)
(1.96376e-16 -8.02294e-18 0 1.96415e-16 0 1.96381e-16)
(1.9631e-16 -8.31517e-18 0 1.9631e-16 0 1.96307e-16)
(1.96309e-16 -8.24894e-18 0 1.96262e-16 0 1.96283e-16)
(1.96249e-16 -8.3521e-18 0 1.96242e-16 0 1.96238e-16)
(2.09513e-16 -1.03109e-17 0 2.09502e-16 0 2.0952e-16)
(2.09421e-16 -1.06332e-17 0 2.09404e-16 0 2.09422e-16)
(2.09419e-16 -1.05603e-17 0 2.09351e-16 0 2.09392e-16)
(2.09365e-16 -1.06369e-17 0 2.09312e-16 0 2.09356e-16)
(2.24183e-16 -1.32163e-17 0 2.2422e-16 0 2.24194e-16)
(2.24083e-16 -1.35144e-17 0 2.2409e-16 0 2.24088e-16)
(2.24083e-16 -1.34244e-17 0 2.24028e-16 0 2.24053e-16)
(2.24013e-16 -1.34389e-17 0 2.24011e-16 0 2.24004e-16)
(2.40563e-16 -1.67784e-17 0 2.40603e-16 0 2.40578e-16)
(2.40441e-16 -1.70419e-17 0 2.40463e-16 0 2.4045e-16)
(2.40447e-16 -1.69373e-17 0 2.40384e-16 0 2.40414e-16)
(2.40372e-16 -1.69272e-17 0 2.40368e-16 0 2.40364e-16)
(2.58792e-16 -2.11042e-17 0 2.58815e-16 0 2.5881e-16)
(2.58647e-16 -2.13284e-17 0 2.58661e-16 0 2.58659e-16)
(2.58653e-16 -2.12216e-17 0 2.58576e-16 0 2.58616e-16)
(2.58579e-16 -2.11861e-17 0 2.5855e-16 0 2.58571e-16)
(2.79007e-16 -2.6297e-17 0 2.79077e-16 0 2.7903e-16)
(2.78848e-16 -2.64897e-17 0 2.78883e-16 0 2.78862e-16)
(2.78859e-16 -2.63853e-17 0 2.78784e-16 0 2.78817e-16)
(2.78766e-16 -2.634e-17 0 2.78787e-16 0 2.78761e-16)
(3.01436e-16 -3.2483e-17 0 3.01491e-16 0 3.01464e-16)
(3.01249e-16 -3.26375e-17 0 3.01279e-16 0 3.01266e-16)
(3.01265e-16 -3.25446e-17 0 3.01166e-16 0 3.01219e-16)
(3.01174e-16 -3.24849e-17 0 3.0116e-16 0 3.01169e-16)
(3.26261e-16 -3.97558e-17 0 3.26327e-16 0 3.26293e-16)
(3.26048e-16 -3.98829e-17 0 3.26083e-16 0 3.26067e-16)
(3.26067e-16 -3.98068e-17 0 3.25964e-16 0 3.26015e-16)
(3.25968e-16 -3.9744e-17 0 3.25965e-16 0 3.25966e-16)
(3.53726e-16 -4.82323e-17 0 3.53807e-16 0 3.53763e-16)
(3.53484e-16 -4.83201e-17 0 3.53527e-16 0 3.53507e-16)
(3.53509e-16 -4.82637e-17 0 3.53397e-16 0 3.53453e-16)
(3.53403e-16 -4.81873e-17 0 3.53408e-16 0 3.53402e-16)
(3.84105e-16 -5.79647e-17 0 3.84192e-16 0 3.84146e-16)
(3.83829e-16 -5.80202e-17 0 3.83875e-16 0 3.83854e-16)
(3.8386e-16 -5.80037e-17 0 3.83738e-16 0 3.83799e-16)
(3.83747e-16 -5.79213e-17 0 3.83756e-16 0 3.83749e-16)
(4.17692e-16 -6.90285e-17 0 4.17808e-16 0 4.17737e-16)
(4.17384e-16 -6.90229e-17 0 4.17438e-16 0 4.17413e-16)
(4.17413e-16 -6.90563e-17 0 4.17311e-16 0 4.17349e-16)
(4.17287e-16 -6.89682e-17 0 4.1736e-16 0 4.17287e-16)
(4.54871e-16 -8.14138e-17 0 4.54941e-16 0 4.54919e-16)
(4.54503e-16 -8.13385e-17 0 4.54562e-16 0 4.54534e-16)
(4.54563e-16 -8.14485e-17 0 4.54382e-16 0 4.54496e-16)
(4.54469e-16 -8.13744e-17 0 4.54365e-16 0 4.54472e-16)
(4.95998e-16 -9.51497e-17 0 4.96092e-16 0 4.96048e-16)
(4.95588e-16 -9.49559e-17 0 4.95653e-16 0 4.95623e-16)
(4.9565e-16 -9.51659e-17 0 4.95477e-16 0 4.95584e-16)
(4.95551e-16 -9.51354e-17 0 4.95483e-16 0 4.95546e-16)
(5.41553e-16 -1.1013e-16 0 5.41716e-16 0 5.41601e-16)
(5.41116e-16 -1.09769e-16 0 5.41176e-16 0 5.41153e-16)
(5.41129e-16 -1.10105e-16 0 5.41104e-16 0 5.41066e-16)
(5.40976e-16 -1.10181e-16 0 5.41224e-16 0 5.4097e-16)
(5.92185e-16 -1.26715e-16 0 5.92191e-16 0 5.92231e-16)
(5.9163e-16 -1.26228e-16 0 5.91726e-16 0 5.9167e-16)
(5.91676e-16 -1.26642e-16 0 5.91581e-16 0 5.91623e-16)
(5.91616e-16 -1.26974e-16 0 5.91534e-16 0 5.91596e-16)
(6.48405e-16 -1.98158e-16 0 6.48488e-16 0 6.48441e-16)
(6.47825e-16 -1.97636e-16 0 6.47905e-16 0 6.47865e-16)
(6.47852e-16 -1.98056e-16 0 6.47779e-16 0 6.47813e-16)
(6.47764e-16 -1.98726e-16 0 6.47766e-16 0 6.47752e-16)
(7.09059e-16 -3.60845e-16 0 7.08956e-16 0 7.09081e-16)
(7.08406e-16 -3.60503e-16 0 7.07997e-16 0 7.08413e-16)
(7.08738e-16 -3.60775e-16 0 7.08565e-16 0 7.0872e-16)
(7.10738e-16 -3.62279e-16 0 7.10571e-16 0 7.1071e-16)
(7.62198e-16 -3.98967e-16 0 7.62015e-16 0 7.62136e-16)
(7.61669e-16 -3.98896e-16 0 7.61705e-16 0 7.61536e-16)
(7.61834e-16 -3.99179e-16 0 7.62326e-16 0 7.62032e-16)
(7.63683e-16 -4.00611e-16 0 7.64044e-16 0 7.63792e-16)
(7.94218e-16 -4.1531e-16 0 7.94189e-16 0 7.94129e-16)
(7.9431e-16 -4.15915e-16 0 7.94139e-16 0 7.94208e-16)
(7.9446e-16 -4.1609e-16 0 7.94845e-16 0 7.9465e-16)
(7.95686e-16 -4.16689e-16 0 7.95852e-16 0 7.958e-16)
(8.06823e-16 -4.12552e-16 0 8.06603e-16 0 8.06729e-16)
(8.07292e-16 -4.13406e-16 0 8.06884e-16 0 8.07228e-16)
(8.07406e-16 -4.13489e-16 0 8.07605e-16 0 8.07584e-16)
(8.08038e-16 -4.13531e-16 0 8.08122e-16 0 8.08143e-16)
(8.0361e-16 -3.98761e-16 0 8.03402e-16 0 8.03528e-16)
(8.0407e-16 -3.9955e-16 0 8.04306e-16 0 8.04049e-16)
(8.04271e-16 -3.99587e-16 0 8.04754e-16 0 8.04421e-16)
(8.04478e-16 -3.99384e-16 0 8.04827e-16 0 8.04564e-16)
(7.88235e-16 -3.80576e-16 0 7.88189e-16 0 7.88179e-16)
(7.88926e-16 -3.81181e-16 0 7.88856e-16 0 7.88934e-16)
(7.89088e-16 -3.81214e-16 0 7.8924e-16 0 7.89202e-16)
(7.89007e-16 -3.80955e-16 0 7.89011e-16 0 7.89067e-16)
(7.63944e-16 -3.61702e-16 0 7.63837e-16 0 7.63924e-16)
(7.64553e-16 -3.6214e-16 0 7.64595e-16 0 7.64591e-16)
(7.64721e-16 -3.62185e-16 0 7.6484e-16 0 7.64795e-16)
(7.64428e-16 -3.61943e-16 0 7.64519e-16 0 7.64458e-16)
(7.33113e-16 -3.43322e-16 0 7.33168e-16 0 7.33124e-16)
(7.3366e-16 -3.43637e-16 0 7.33807e-16 0 7.33708e-16)
(7.3382e-16 -3.43685e-16 0 7.33928e-16 0 7.33865e-16)
(7.33474e-16 -3.43464e-16 0 7.33459e-16 0 7.33476e-16)
(6.97842e-16 -3.25222e-16 0 6.97939e-16 0 6.97887e-16)
(6.98304e-16 -3.25453e-16 0 6.98418e-16 0 6.98366e-16)
(6.98447e-16 -3.25492e-16 0 6.9847e-16 0 6.9846e-16)
(6.9805e-16 -3.25282e-16 0 6.98011e-16 0 6.98018e-16)
(6.59686e-16 -3.0694e-16 0 6.59808e-16 0 6.59761e-16)
(6.59995e-16 -3.07099e-16 0 6.60207e-16 0 6.60064e-16)
(6.6013e-16 -3.07122e-16 0 6.60165e-16 0 6.60128e-16)
(6.59761e-16 -3.06921e-16 0 6.59679e-16 0 6.59693e-16)
(6.19896e-16 -2.88316e-16 0 6.20047e-16 0 6.19996e-16)
(6.20138e-16 -2.88408e-16 0 6.20177e-16 0 6.20212e-16)
(6.20257e-16 -2.88415e-16 0 6.20083e-16 0 6.20236e-16)
(6.19962e-16 -2.88224e-16 0 6.19518e-16 0 6.19864e-16)
(5.79431e-16 -2.69506e-16 0 5.79754e-16 0 5.79541e-16)
(5.79556e-16 -2.69533e-16 0 5.79722e-16 0 5.79625e-16)
(5.79627e-16 -2.69528e-16 0 5.79643e-16 0 5.79603e-16)
(5.79317e-16 -2.69367e-16 0 5.79324e-16 0 5.79189e-16)
(5.39236e-16 -2.50784e-16 0 5.3938e-16 0 5.39346e-16)
(5.39188e-16 -2.50755e-16 0 5.39333e-16 0 5.39249e-16)
(5.39275e-16 -2.50741e-16 0 5.39163e-16 0 5.39245e-16)
(5.39135e-16 -2.5061e-16 0 5.38716e-16 0 5.38985e-16)
(4.9972e-16 -2.32415e-16 0 4.99922e-16 0 4.99809e-16)
(4.99637e-16 -2.32334e-16 0 4.99603e-16 0 4.99687e-16)
(4.99661e-16 -2.32315e-16 0 4.99506e-16 0 4.9964e-16)
(4.99627e-16 -2.32215e-16 0 4.99081e-16 0 4.99454e-16)
(4.61425e-16 -1.95475e-16 0 4.6159e-16 0 4.61478e-16)
(4.61121e-16 -1.93288e-16 0 4.61429e-16 0 4.61149e-16)
(4.61102e-16 -1.9413e-16 0 4.6137e-16 0 4.6108e-16)
(4.61008e-16 -1.942e-16 0 4.61283e-16 0 4.60835e-16)
(4.25073e-16 -1.5539e-16 0 4.24912e-16 0 4.25063e-16)
(4.24693e-16 -1.52887e-16 0 4.24741e-16 0 4.24701e-16)
(4.24669e-16 -1.54041e-16 0 4.2456e-16 0 4.2468e-16)
(4.24901e-16 -1.54387e-16 0 4.24051e-16 0 4.24742e-16)
(3.90843e-16 -1.21397e-16 0 3.90704e-16 0 3.90779e-16)
(3.90526e-16 -1.1945e-16 0 3.904e-16 0 3.90512e-16)
(3.90343e-16 -1.2039e-16 0 3.90352e-16 0 3.90372e-16)
(3.90469e-16 -1.20615e-16 0 3.90259e-16 0 3.90321e-16)
(3.59055e-16 -9.36643e-17 0 3.58922e-16 0 3.58967e-16)
(3.58716e-16 -9.20567e-17 0 3.58757e-16 0 3.58695e-16)
(3.58464e-16 -9.2929e-17 0 3.5863e-16 0 3.58511e-16)
(3.58687e-16 -9.31286e-17 0 3.58556e-16 0 3.58548e-16)
(3.29808e-16 -7.14049e-17 0 3.29562e-16 0 3.29704e-16)
(3.29569e-16 -7.00984e-17 0 3.29413e-16 0 3.29538e-16)
(3.29215e-16 -7.07785e-17 0 3.29183e-16 0 3.29274e-16)
(3.29583e-16 -7.09325e-17 0 3.29041e-16 0 3.29451e-16)
(3.02989e-16 -5.35365e-17 0 3.02819e-16 0 3.02889e-16)
(3.02801e-16 -5.26954e-17 0 3.02735e-16 0 3.02766e-16)
(3.023e-16 -5.32069e-17 0 3.02472e-16 0 3.02365e-16)
(3.02646e-16 -5.33512e-17 0 3.02615e-16 0 3.02527e-16)
(2.78571e-16 -3.96706e-17 0 2.7841e-16 0 2.78484e-16)
(2.7843e-16 -3.9131e-17 0 2.78403e-16 0 2.78395e-16)
(2.77822e-16 -3.94422e-17 0 2.77986e-16 0 2.77891e-16)
(2.78332e-16 -3.95622e-17 0 2.78088e-16 0 2.78225e-16)
(2.56427e-16 -2.90168e-17 0 2.56238e-16 0 2.56352e-16)
(2.56343e-16 -2.87084e-17 0 2.56275e-16 0 2.56309e-16)
(2.55602e-16 -2.87822e-17 0 2.55706e-16 0 2.5567e-16)
(2.56189e-16 -2.88861e-17 0 2.55988e-16 0 2.56103e-16)
(2.36376e-16 -2.09473e-17 0 2.36263e-16 0 2.36311e-16)
(2.36365e-16 -2.07828e-17 0 2.36302e-16 0 2.36331e-16)
(2.35456e-16 -2.06911e-17 0 2.35591e-16 0 2.35519e-16)
(2.3616e-16 -2.07639e-17 0 2.36042e-16 0 2.36094e-16)
(2.18346e-16 -1.48781e-17 0 2.18223e-16 0 2.1829e-16)
(2.18379e-16 -1.48279e-17 0 2.18315e-16 0 2.18345e-16)
(2.17423e-16 -1.45717e-17 0 2.17521e-16 0 2.17477e-16)
(2.18142e-16 -1.46389e-17 0 2.18042e-16 0 2.18096e-16)
(2.02169e-16 -1.03485e-17 0 2.02071e-16 0 2.0212e-16)
(2.02259e-16 -1.03831e-17 0 2.02191e-16 0 2.02223e-16)
(2.01364e-16 -1.00594e-17 0 2.01453e-16 0 2.01409e-16)
(2.01981e-16 -1.00982e-17 0 2.01919e-16 0 2.0195e-16)
(1.87742e-16 -6.98452e-18 0 1.87657e-16 0 1.87699e-16)
(1.87884e-16 -7.09332e-18 0 1.87818e-16 0 1.87849e-16)
(1.87107e-16 -6.73865e-18 0 1.87177e-16 0 1.87143e-16)
(1.87568e-16 -6.76086e-18 0 1.87536e-16 0 1.8755e-16)
(1.74957e-16 -4.4902e-18 0 1.74884e-16 0 1.74921e-16)
(1.75155e-16 -4.65687e-18 0 1.75084e-16 0 1.75119e-16)
(1.74475e-16 -4.31116e-18 0 1.74527e-16 0 1.74502e-16)
(1.74802e-16 -4.26276e-18 0 1.74783e-16 0 1.74792e-16)
(1.63725e-16 -2.6304e-18 0 1.63665e-16 0 1.63695e-16)
(1.63971e-16 -2.85372e-18 0 1.63912e-16 0 1.63937e-16)
(1.63369e-16 -2.55559e-18 0 1.63406e-16 0 1.63387e-16)
(1.63585e-16 -2.34463e-18 0 1.63577e-16 0 1.63581e-16)
(1.5397e-16 -1.22694e-18 0 1.53919e-16 0 1.53947e-16)
(1.54267e-16 -1.49632e-18 0 1.54204e-16 0 1.54236e-16)
(1.5372e-16 -1.24202e-18 0 1.53725e-16 0 1.53726e-16)
(1.53847e-16 -9.43559e-19 0 1.5383e-16 0 1.53839e-16)
(1.48048e-16 -1.44594e-19 0 1.48012e-16 0 1.4803e-16)
(1.48058e-16 -4.66538e-19 0 1.48e-16 0 1.48031e-16)
(1.48036e-16 -2.68374e-19 0 1.48019e-16 0 1.48033e-16)
(1.48039e-16 5.03451e-20 0 1.48018e-16 0 1.48032e-16)
(1.48043e-16 7.79152e-19 0 1.48016e-16 0 1.4803e-16)
(1.48051e-16 3.99764e-19 0 1.48011e-16 0 1.48028e-16)
(1.48042e-16 5.6008e-19 0 1.48018e-16 0 1.4803e-16)
(1.48036e-16 9.13865e-19 0 1.48026e-16 0 1.48027e-16)
(1.48036e-16 1.63479e-18 0 1.48024e-16 0 1.48029e-16)
(1.48049e-16 1.1838e-18 0 1.48009e-16 0 1.48031e-16)
(1.48052e-16 1.30809e-18 0 1.48005e-16 0 1.48033e-16)
(1.4804e-16 1.70747e-18 0 1.48017e-16 0 1.48032e-16)
(1.48029e-16 2.46121e-18 0 1.4803e-16 0 1.4803e-16)
(1.48039e-16 2.06157e-18 0 1.48021e-16 0 1.48029e-16)
(1.48056e-16 2.15662e-18 0 1.48005e-16 0 1.48029e-16)
(1.48039e-16 2.47359e-18 0 1.48022e-16 0 1.48028e-16)
(1.48025e-16 3.28154e-18 0 1.48034e-16 0 1.4803e-16)
(1.48034e-16 3.01403e-18 0 1.48027e-16 0 1.48028e-16)
(1.48059e-16 3.10209e-18 0 1.48001e-16 0 1.48029e-16)
(1.48036e-16 3.25466e-18 0 1.48024e-16 0 1.48029e-16)
(1.48023e-16 4.12523e-18 0 1.48036e-16 0 1.4803e-16)
(1.48033e-16 3.94979e-18 0 1.48026e-16 0 1.4803e-16)
(1.48063e-16 4.05483e-18 0 1.47995e-16 0 1.48032e-16)
(1.48036e-16 4.06862e-18 0 1.48022e-16 0 1.48031e-16)
(1.48022e-16 5.08597e-18 0 1.48038e-16 0 1.4803e-16)
(1.48032e-16 4.91121e-18 0 1.48029e-16 0 1.48029e-16)
(1.4806e-16 4.96589e-18 0 1.47999e-16 0 1.4803e-16)
(1.48031e-16 4.93957e-18 0 1.48029e-16 0 1.48029e-16)
(1.48021e-16 6.16291e-18 0 1.48038e-16 0 1.4803e-16)
(1.48028e-16 5.9226e-18 0 1.48032e-16 0 1.48029e-16)
(1.48058e-16 5.87316e-18 0 1.48001e-16 0 1.4803e-16)
(1.4803e-16 5.85983e-18 0 1.4803e-16 0 1.4803e-16)
(1.48022e-16 7.11352e-18 0 1.48037e-16 0 1.4803e-16)
(1.48023e-16 6.90573e-18 0 1.48037e-16 0 1.48029e-16)
(1.48054e-16 6.82719e-18 0 1.48005e-16 0 1.4803e-16)
(1.48028e-16 6.81359e-18 0 1.48032e-16 0 1.4803e-16)
(1.48024e-16 7.98273e-18 0 1.48035e-16 0 1.4803e-16)
(1.4802e-16 7.84527e-18 0 1.4804e-16 0 1.4803e-16)
(1.48051e-16 7.80481e-18 0 1.48008e-16 0 1.4803e-16)
(1.48027e-16 7.79398e-18 0 1.48032e-16 0 1.4803e-16)
(1.48026e-16 8.90582e-18 0 1.48033e-16 0 1.4803e-16)
(1.48019e-16 8.83386e-18 0 1.48041e-16 0 1.48029e-16)
(1.48049e-16 8.80844e-18 0 1.4801e-16 0 1.4803e-16)
(1.48027e-16 8.79398e-18 0 1.48033e-16 0 1.4803e-16)
(1.48029e-16 9.86534e-18 0 1.48031e-16 0 1.4803e-16)
(1.48019e-16 9.82822e-18 0 1.48041e-16 0 1.4803e-16)
(1.48046e-16 9.81804e-18 0 1.48013e-16 0 1.4803e-16)
(1.48027e-16 9.8022e-18 0 1.48033e-16 0 1.4803e-16)
(1.4803e-16 1.0822e-17 0 1.4803e-16 0 1.4803e-16)
(1.48019e-16 1.08164e-17 0 1.48041e-16 0 1.48029e-16)
(1.48044e-16 1.08094e-17 0 1.48015e-16 0 1.4803e-16)
(1.48026e-16 1.0791e-17 0 1.48034e-16 0 1.48029e-16)
(1.48032e-16 1.17477e-17 0 1.48028e-16 0 1.48029e-16)
(1.4802e-16 1.17536e-17 0 1.4804e-16 0 1.48029e-16)
(1.48042e-16 1.17533e-17 0 1.48017e-16 0 1.4803e-16)
(1.48028e-16 1.17336e-17 0 1.48031e-16 0 1.4803e-16)
(1.48032e-16 1.25928e-17 0 1.48027e-16 0 1.4803e-16)
(1.48022e-16 1.26111e-17 0 1.48037e-16 0 1.4803e-16)
(1.48041e-16 1.26111e-17 0 1.48018e-16 0 1.4803e-16)
(1.48029e-16 1.25908e-17 0 1.4803e-16 0 1.4803e-16)
(1.48032e-16 1.3322e-17 0 1.48027e-16 0 1.4803e-16)
(1.48024e-16 1.33425e-17 0 1.48036e-16 0 1.4803e-16)
(1.48039e-16 1.33458e-17 0 1.4802e-16 0 1.4803e-16)
(1.48029e-16 1.3326e-17 0 1.48031e-16 0 1.4803e-16)
(1.48032e-16 1.38852e-17 0 1.48027e-16 0 1.4803e-16)
(1.48025e-16 1.39034e-17 0 1.48035e-16 0 1.4803e-16)
(1.48038e-16 1.39069e-17 0 1.48021e-16 0 1.4803e-16)
(1.4803e-16 1.38887e-17 0 1.48029e-16 0 1.4803e-16)
(1.48031e-16 1.42405e-17 0 1.48028e-16 0 1.4803e-16)
(1.48026e-16 1.42555e-17 0 1.48034e-16 0 1.4803e-16)
(1.48036e-16 1.42606e-17 0 1.48023e-16 0 1.4803e-16)
(1.4803e-16 1.42446e-17 0 1.4803e-16 0 1.4803e-16)
(1.4803e-16 1.43544e-17 0 1.48029e-16 0 1.48029e-16)
(1.48026e-16 1.43638e-17 0 1.48033e-16 0 1.48029e-16)
(1.48035e-16 1.43702e-17 0 1.48024e-16 0 1.4803e-16)
(1.4803e-16 1.43566e-17 0 1.4803e-16 0 1.48029e-16)
(1.4803e-16 1.41872e-17 0 1.4803e-16 0 1.4803e-16)
(1.48027e-16 1.41928e-17 0 1.48033e-16 0 1.48029e-16)
(1.48034e-16 1.42003e-17 0 1.48025e-16 0 1.4803e-16)
(1.48031e-16 1.41891e-17 0 1.48029e-16 0 1.4803e-16)
(1.48029e-16 1.37168e-17 0 1.4803e-16 0 1.4803e-16)
(1.48028e-16 1.37168e-17 0 1.48032e-16 0 1.4803e-16)
(1.48033e-16 1.37255e-17 0 1.48026e-16 0 1.4803e-16)
(1.48031e-16 1.37165e-17 0 1.48029e-16 0 1.4803e-16)
(1.48029e-16 1.29272e-17 0 1.48031e-16 0 1.4803e-16)
(1.48028e-16 1.29204e-17 0 1.48031e-16 0 1.4803e-16)
(1.48033e-16 1.29291e-17 0 1.48027e-16 0 1.4803e-16)
(1.48031e-16 1.29218e-17 0 1.48029e-16 0 1.4803e-16)
(1.48029e-16 1.18136e-17 0 1.48031e-16 0 1.4803e-16)
(1.48029e-16 1.18045e-17 0 1.48031e-16 0 1.4803e-16)
(1.48032e-16 1.18136e-17 0 1.48027e-16 0 1.4803e-16)
(1.48031e-16 1.18075e-17 0 1.48029e-16 0 1.4803e-16)
(1.48028e-16 1.03968e-17 0 1.48031e-16 0 1.4803e-16)
(1.48029e-16 1.03909e-17 0 1.48031e-16 0 1.4803e-16)
(1.48032e-16 1.03979e-17 0 1.48028e-16 0 1.4803e-16)
(1.4803e-16 1.03927e-17 0 1.48029e-16 0 1.4803e-16)
(1.48029e-16 8.72823e-18 0 1.48031e-16 0 1.4803e-16)
(1.48029e-16 8.7265e-18 0 1.4803e-16 0 1.4803e-16)
(1.48031e-16 8.73035e-18 0 1.48028e-16 0 1.4803e-16)
(1.4803e-16 8.72614e-18 0 1.48029e-16 0 1.4803e-16)
(1.48029e-16 6.88835e-18 0 1.48031e-16 0 1.4803e-16)
(1.48029e-16 6.88958e-18 0 1.4803e-16 0 1.4803e-16)
(1.48031e-16 6.8902e-18 0 1.48029e-16 0 1.4803e-16)
(1.4803e-16 6.88681e-18 0 1.48029e-16 0 1.4803e-16)
(1.48029e-16 4.9916e-18 0 1.4803e-16 0 1.4803e-16)
(1.4803e-16 4.99364e-18 0 1.4803e-16 0 1.4803e-16)
(1.4803e-16 4.9928e-18 0 1.48029e-16 0 1.4803e-16)
(1.4803e-16 4.99021e-18 0 1.4803e-16 0 1.4803e-16)
(1.48029e-16 3.19209e-18 0 1.4803e-16 0 1.4803e-16)
(1.4803e-16 3.19416e-18 0 1.4803e-16 0 1.4803e-16)
(1.4803e-16 3.19287e-18 0 1.48029e-16 0 1.4803e-16)
(1.4803e-16 3.19113e-18 0 1.4803e-16 0 1.4803e-16)
(1.4803e-16 1.69238e-18 0 1.4803e-16 0 1.4803e-16)
(1.4803e-16 1.69375e-18 0 1.4803e-16 0 1.4803e-16)
(1.4803e-16 1.69291e-18 0 1.4803e-16 0 1.4803e-16)
(1.4803e-16 1.69201e-18 0 1.4803e-16 0 1.4803e-16)
(1.4803e-16 6.46647e-19 0 1.4803e-16 0 1.4803e-16)
(1.4803e-16 6.47294e-19 0 1.4803e-16 0 1.4803e-16)
(1.4803e-16 6.46944e-19 0 1.4803e-16 0 1.4803e-16)
(1.4803e-16 6.46601e-19 0 1.4803e-16 0 1.4803e-16)
(1.4803e-16 1.24569e-19 0 1.4803e-16 0 1.4803e-16)
(1.4803e-16 1.24711e-19 0 1.4803e-16 0 1.4803e-16)
(1.4803e-16 1.24632e-19 0 1.4803e-16 0 1.4803e-16)
(1.4803e-16 1.24539e-19 0 1.4803e-16 0 1.4803e-16)
(7.09908e-16 -3.61745e-16 0 7.10025e-16 0 7.09911e-16)
(7.09313e-16 -3.61315e-16 0 7.09311e-16 0 7.09334e-16)
(7.09265e-16 -3.61378e-16 0 7.09259e-16 0 7.09257e-16)
(7.09126e-16 -3.61233e-16 0 7.09281e-16 0 7.09126e-16)
(7.63259e-16 -4.00123e-16 0 7.63178e-16 0 7.6326e-16)
(7.62375e-16 -3.99501e-16 0 7.62417e-16 0 7.6238e-16)
(7.6266e-16 -3.99703e-16 0 7.62318e-16 0 7.62524e-16)
(7.62658e-16 -3.99644e-16 0 7.62352e-16 0 7.62676e-16)
(7.95429e-16 -4.16451e-16 0 7.95406e-16 0 7.95416e-16)
(7.94283e-16 -4.15599e-16 0 7.94291e-16 0 7.94284e-16)
(7.94762e-16 -4.16065e-16 0 7.94609e-16 0 7.94673e-16)
(7.94992e-16 -4.16197e-16 0 7.95077e-16 0 7.94979e-16)
(8.07878e-16 -4.13417e-16 0 8.07912e-16 0 8.07852e-16)
(8.06672e-16 -4.12592e-16 0 8.06621e-16 0 8.06672e-16)
(8.0721e-16 -4.131e-16 0 8.07218e-16 0 8.07153e-16)
(8.0759e-16 -4.13325e-16 0 8.07842e-16 0 8.07549e-16)
(8.04537e-16 -3.99318e-16 0 8.0439e-16 0 8.04502e-16)
(8.03271e-16 -3.98617e-16 0 8.03308e-16 0 8.03274e-16)
(8.03942e-16 -3.99058e-16 0 8.03747e-16 0 8.03908e-16)
(8.04555e-16 -3.9933e-16 0 8.04105e-16 0 8.04487e-16)
(7.88944e-16 -3.80899e-16 0 7.88885e-16 0 7.88905e-16)
(7.87826e-16 -3.80329e-16 0 7.87811e-16 0 7.87832e-16)
(7.88397e-16 -3.80683e-16 0 7.88402e-16 0 7.88377e-16)
(7.88962e-16 -3.80972e-16 0 7.88898e-16 0 7.88889e-16)
(7.64393e-16 -3.61881e-16 0 7.64327e-16 0 7.64351e-16)
(7.63384e-16 -3.61418e-16 0 7.63414e-16 0 7.63399e-16)
(7.63933e-16 -3.61705e-16 0 7.63941e-16 0 7.6392e-16)
(7.64501e-16 -3.61972e-16 0 7.64423e-16 0 7.64418e-16)
(7.33409e-16 -3.43404e-16 0 7.33302e-16 0 7.33363e-16)
(7.32511e-16 -3.43017e-16 0 7.32553e-16 0 7.32537e-16)
(7.33033e-16 -3.43257e-16 0 7.32991e-16 0 7.33024e-16)
(7.3363e-16 -3.43508e-16 0 7.33397e-16 0 7.33554e-16)
(6.97965e-16 -3.25229e-16 0 6.97888e-16 0 6.97912e-16)
(6.97174e-16 -3.24904e-16 0 6.97269e-16 0 6.9722e-16)
(6.97646e-16 -3.25106e-16 0 6.97661e-16 0 6.9764e-16)
(6.98215e-16 -3.2535e-16 0 6.98134e-16 0 6.98137e-16)
(6.59699e-16 -3.06883e-16 0 6.5957e-16 0 6.59633e-16)
(6.58969e-16 -3.06607e-16 0 6.59111e-16 0 6.59036e-16)
(6.59425e-16 -3.0678e-16 0 6.59388e-16 0 6.59418e-16)
(6.60037e-16 -3.07029e-16 0 6.59817e-16 0 6.59968e-16)
(6.19862e-16 -2.8821e-16 0 6.19603e-16 0 6.1979e-16)
(6.19183e-16 -2.87973e-16 0 6.1927e-16 0 6.19275e-16)
(6.19563e-16 -2.8812e-16 0 6.19559e-16 0 6.19555e-16)
(6.20194e-16 -2.88382e-16 0 6.20047e-16 0 6.20125e-16)
(5.79293e-16 -2.69365e-16 0 5.79317e-16 0 5.79209e-16)
(5.78677e-16 -2.69158e-16 0 5.79018e-16 0 5.78792e-16)
(5.79066e-16 -2.69282e-16 0 5.79154e-16 0 5.79062e-16)
(5.79686e-16 -2.69563e-16 0 5.79782e-16 0 5.79629e-16)
(5.39097e-16 -2.50624e-16 0 5.38823e-16 0 5.39009e-16)
(5.38457e-16 -2.50439e-16 0 5.38683e-16 0 5.38598e-16)
(5.38795e-16 -2.50541e-16 0 5.38794e-16 0 5.38803e-16)
(5.39542e-16 -2.50842e-16 0 5.39304e-16 0 5.3949e-16)
(4.99558e-16 -2.32246e-16 0 4.9934e-16 0 4.99462e-16)
(4.98947e-16 -2.32076e-16 0 4.99209e-16 0 4.9911e-16)
(4.99228e-16 -2.32158e-16 0 4.99309e-16 0 4.99256e-16)
(4.99945e-16 -2.32477e-16 0 5.00001e-16 0 4.99905e-16)
(4.6112e-16 -1.94344e-16 0 4.61259e-16 0 4.61035e-16)
(4.60567e-16 -1.94407e-16 0 4.61084e-16 0 4.60739e-16)
(4.60875e-16 -1.94679e-16 0 4.60992e-16 0 4.60928e-16)
(4.61642e-16 -1.96434e-16 0 4.61683e-16 0 4.61613e-16)
(4.24899e-16 -1.54249e-16 0 4.24336e-16 0 4.24817e-16)
(4.24259e-16 -1.54135e-16 0 4.2438e-16 0 4.24426e-16)
(4.24425e-16 -1.54456e-16 0 4.24417e-16 0 4.24506e-16)
(4.25325e-16 -1.56532e-16 0 4.24854e-16 0 4.25307e-16)
(3.90531e-16 -1.2043e-16 0 3.90496e-16 0 3.9045e-16)
(3.90007e-16 -1.2018e-16 0 3.90341e-16 0 3.90168e-16)
(3.90085e-16 -1.20179e-16 0 3.90383e-16 0 3.902e-16)
(3.90842e-16 -1.22098e-16 0 3.91028e-16 0 3.90842e-16)
(3.58829e-16 -9.28618e-17 0 3.58716e-16 0 3.58745e-16)
(3.58293e-16 -9.24522e-17 0 3.58626e-16 0 3.58432e-16)
(3.5832e-16 -9.19078e-17 0 3.5861e-16 0 3.58446e-16)
(3.59048e-16 -9.3725e-17 0 3.5915e-16 0 3.59069e-16)
(3.29685e-16 -7.08385e-17 0 3.2937e-16 0 3.29594e-16)
(3.29165e-16 -7.03277e-17 0 3.29296e-16 0 3.29275e-16)
(3.29086e-16 -6.92844e-17 0 3.2935e-16 0 3.29221e-16)
(3.29764e-16 -7.09843e-17 0 3.29773e-16 0 3.29817e-16)
(3.02848e-16 -5.34229e-17 0 3.02824e-16 0 3.02759e-16)
(3.0242e-16 -5.27845e-17 0 3.02635e-16 0 3.02492e-16)
(3.02317e-16 -5.14295e-17 0 3.02639e-16 0 3.02441e-16)
(3.0281e-16 -5.27621e-17 0 3.03174e-16 0 3.02892e-16)
(2.78555e-16 -3.99614e-17 0 2.78336e-16 0 2.78462e-16)
(2.78141e-16 -3.92359e-17 0 2.78184e-16 0 2.78174e-16)
(2.77997e-16 -3.77418e-17 0 2.78201e-16 0 2.78109e-16)
(2.78432e-16 -3.88783e-17 0 2.78593e-16 0 2.78542e-16)
(2.56441e-16 -2.96196e-17 0 2.56245e-16 0 2.56357e-16)
(2.56085e-16 -2.90296e-17 0 2.56055e-16 0 2.56079e-16)
(2.55914e-16 -2.76659e-17 0 2.56093e-16 0 2.56006e-16)
(2.56238e-16 -2.84648e-17 0 2.5645e-16 0 2.56365e-16)
(2.36434e-16 -2.15973e-17 0 2.36305e-16 0 2.36362e-16)
(2.3613e-16 -2.13139e-17 0 2.36071e-16 0 2.36099e-16)
(2.35954e-16 -2.02101e-17 0 2.36113e-16 0 2.36028e-16)
(2.36165e-16 -2.06108e-17 0 2.36457e-16 0 2.36296e-16)
(2.1843e-16 -1.53788e-17 0 2.18318e-16 0 2.18378e-16)
(2.18162e-16 -1.51751e-17 0 2.1806e-16 0 2.18114e-16)
(2.17991e-16 -1.44815e-17 0 2.18102e-16 0 2.18044e-16)
(2.18126e-16 -1.4693e-17 0 2.18372e-16 0 2.18253e-16)
(2.0229e-16 -1.07487e-17 0 2.02208e-16 0 2.02247e-16)
(2.02038e-16 -1.06157e-17 0 2.01928e-16 0 2.01986e-16)
(2.01931e-16 -1.01844e-17 0 2.02027e-16 0 2.01977e-16)
(2.01932e-16 -1.02618e-17 0 2.02177e-16 0 2.02052e-16)
(1.87896e-16 -7.30328e-18 0 1.87843e-16 0 1.8787e-16)
(1.87652e-16 -7.18089e-18 0 1.87541e-16 0 1.87597e-16)
(1.87615e-16 -6.96075e-18 0 1.87687e-16 0 1.87647e-16)
(1.8749e-16 -6.96079e-18 0 1.8771e-16 0 1.87599e-16)
(1.75158e-16 -4.67931e-18 0 1.75116e-16 0 1.75136e-16)
(1.74899e-16 -4.62151e-18 0 1.74786e-16 0 1.74847e-16)
(1.74926e-16 -4.56064e-18 0 1.74986e-16 0 1.74956e-16)
(1.7468e-16 -4.50788e-18 0 1.7488e-16 0 1.74778e-16)
(1.6397e-16 -2.57538e-18 0 1.63949e-16 0 1.63959e-16)
(1.63684e-16 -2.63586e-18 0 1.63582e-16 0 1.63635e-16)
(1.63787e-16 -2.73956e-18 0 1.6383e-16 0 1.6381e-16)
(1.63414e-16 -2.67499e-18 0 1.63579e-16 0 1.635e-16)
(1.54271e-16 -1.12809e-18 0 1.54254e-16 0 1.54263e-16)
(1.53925e-16 -1.22736e-18 0 1.53847e-16 0 1.53887e-16)
(1.54104e-16 -1.35073e-18 0 1.54165e-16 0 1.5413e-16)
(1.53597e-16 -1.28767e-18 0 1.53751e-16 0 1.53673e-16)
(1.48031e-16 -1.92528e-19 0 1.48027e-16 0 1.48032e-16)
(1.48063e-16 -2.58121e-19 0 1.47997e-16 0 1.4803e-16)
(1.48006e-16 -2.82137e-19 0 1.48057e-16 0 1.48026e-16)
(1.47961e-16 -2.17028e-19 0 1.481e-16 0 1.48028e-16)
(1.48027e-16 6.35505e-19 0 1.48033e-16 0 1.48029e-16)
(1.48059e-16 5.85649e-19 0 1.48001e-16 0 1.48029e-16)
(1.48007e-16 6.24445e-19 0 1.48055e-16 0 1.48028e-16)
(1.47967e-16 7.03039e-19 0 1.48092e-16 0 1.4803e-16)
(1.4802e-16 1.39069e-18 0 1.48039e-16 0 1.48031e-16)
(1.48059e-16 1.33495e-18 0 1.48001e-16 0 1.4803e-16)
(1.48012e-16 1.44629e-18 0 1.48051e-16 0 1.48026e-16)
(1.47973e-16 1.55759e-18 0 1.48088e-16 0 1.48028e-16)
(1.48014e-16 2.1423e-18 0 1.48047e-16 0 1.48029e-16)
(1.4806e-16 2.08647e-18 0 1.47998e-16 0 1.48031e-16)
(1.48019e-16 2.25022e-18 0 1.4804e-16 0 1.4803e-16)
(1.4798e-16 2.39241e-18 0 1.48081e-16 0 1.48029e-16)
(1.48008e-16 2.96707e-18 0 1.48051e-16 0 1.4803e-16)
(1.4806e-16 2.89126e-18 0 1.47999e-16 0 1.48031e-16)
(1.48027e-16 3.03489e-18 0 1.48033e-16 0 1.4803e-16)
(1.47988e-16 3.22246e-18 0 1.4807e-16 0 1.48031e-16)
(1.48006e-16 3.90013e-18 0 1.48053e-16 0 1.4803e-16)
(1.48058e-16 3.83384e-18 0 1.48e-16 0 1.48031e-16)
(1.48029e-16 3.86556e-18 0 1.48031e-16 0 1.48029e-16)
(1.47994e-16 4.08708e-18 0 1.48065e-16 0 1.4803e-16)
(1.48003e-16 4.8215e-18 0 1.48057e-16 0 1.4803e-16)
(1.48054e-16 4.75912e-18 0 1.48005e-16 0 1.4803e-16)
(1.48034e-16 4.72875e-18 0 1.48027e-16 0 1.48029e-16)
(1.48001e-16 4.97951e-18 0 1.48059e-16 0 1.48029e-16)
(1.48003e-16 5.77542e-18 0 1.48056e-16 0 1.4803e-16)
(1.48051e-16 5.72987e-18 0 1.48008e-16 0 1.4803e-16)
(1.48036e-16 5.64721e-18 0 1.48023e-16 0 1.48029e-16)
(1.48011e-16 5.93238e-18 0 1.48048e-16 0 1.4803e-16)
(1.48003e-16 6.74936e-18 0 1.48056e-16 0 1.4803e-16)
(1.48047e-16 6.71256e-18 0 1.48012e-16 0 1.4803e-16)
(1.48039e-16 6.60027e-18 0 1.48021e-16 0 1.48029e-16)
(1.48021e-16 6.84621e-18 0 1.48039e-16 0 1.48029e-16)
(1.48004e-16 7.75848e-18 0 1.48055e-16 0 1.4803e-16)
(1.48043e-16 7.73521e-18 0 1.48016e-16 0 1.4803e-16)
(1.48039e-16 7.60363e-18 0 1.48021e-16 0 1.48029e-16)
(1.48029e-16 7.76594e-18 0 1.48031e-16 0 1.4803e-16)
(1.48006e-16 8.7827e-18 0 1.48054e-16 0 1.4803e-16)
(1.48039e-16 8.7644e-18 0 1.4802e-16 0 1.4803e-16)
(1.48039e-16 8.61873e-18 0 1.48021e-16 0 1.48029e-16)
(1.48034e-16 8.7166e-18 0 1.48025e-16 0 1.4803e-16)
(1.48008e-16 9.8137e-18 0 1.48052e-16 0 1.4803e-16)
(1.48035e-16 9.80418e-18 0 1.48024e-16 0 1.4803e-16)
(1.48036e-16 9.65655e-18 0 1.48024e-16 0 1.48029e-16)
(1.48038e-16 9.71533e-18 0 1.48022e-16 0 1.4803e-16)
(1.4801e-16 1.08173e-17 0 1.4805e-16 0 1.48029e-16)
(1.48032e-16 1.08041e-17 0 1.48028e-16 0 1.48029e-16)
(1.48034e-16 1.06681e-17 0 1.48026e-16 0 1.48029e-16)
(1.48039e-16 1.07027e-17 0 1.4802e-16 0 1.48029e-16)
(1.48013e-16 1.17721e-17 0 1.48046e-16 0 1.4803e-16)
(1.4803e-16 1.1767e-17 0 1.48029e-16 0 1.4803e-16)
(1.48032e-16 1.16676e-17 0 1.48028e-16 0 1.48029e-16)
(1.48042e-16 1.16851e-17 0 1.48017e-16 0 1.4803e-16)
(1.48015e-16 1.26349e-17 0 1.48044e-16 0 1.4803e-16)
(1.48029e-16 1.26169e-17 0 1.48029e-16 0 1.4803e-16)
(1.48031e-16 1.25765e-17 0 1.48028e-16 0 1.4803e-16)
(1.4804e-16 1.25947e-17 0 1.48019e-16 0 1.4803e-16)
(1.48017e-16 1.3374e-17 0 1.48043e-16 0 1.4803e-16)
(1.48028e-16 1.33649e-17 0 1.48031e-16 0 1.4803e-16)
(1.48031e-16 1.33115e-17 0 1.48029e-16 0 1.48029e-16)
(1.48038e-16 1.33186e-17 0 1.48022e-16 0 1.48029e-16)
(1.4802e-16 1.39355e-17 0 1.4804e-16 0 1.4803e-16)
(1.48028e-16 1.39114e-17 0 1.48031e-16 0 1.4803e-16)
(1.4803e-16 1.39005e-17 0 1.4803e-16 0 1.4803e-16)
(1.48038e-16 1.39239e-17 0 1.48022e-16 0 1.4803e-16)
(1.48021e-16 1.42893e-17 0 1.48039e-16 0 1.4803e-16)
(1.48028e-16 1.42873e-17 0 1.48032e-16 0 1.4803e-16)
(1.48031e-16 1.4274e-17 0 1.48029e-16 0 1.48029e-16)
(1.48036e-16 1.42772e-17 0 1.48024e-16 0 1.48029e-16)
(1.48023e-16 1.43955e-17 0 1.48036e-16 0 1.48029e-16)
(1.48027e-16 1.4397e-17 0 1.48032e-16 0 1.4803e-16)
(1.48029e-16 1.43938e-17 0 1.4803e-16 0 1.4803e-16)
(1.48034e-16 1.43972e-17 0 1.48025e-16 0 1.48029e-16)
(1.48025e-16 1.42221e-17 0 1.48034e-16 0 1.4803e-16)
(1.48028e-16 1.42286e-17 0 1.48031e-16 0 1.4803e-16)
(1.4803e-16 1.42277e-17 0 1.48029e-16 0 1.48029e-16)
(1.48034e-16 1.42276e-17 0 1.48026e-16 0 1.4803e-16)
(1.48027e-16 1.3742e-17 0 1.48033e-16 0 1.4803e-16)
(1.48028e-16 1.37504e-17 0 1.48031e-16 0 1.4803e-16)
(1.4803e-16 1.37463e-17 0 1.4803e-16 0 1.4803e-16)
(1.48032e-16 1.37478e-17 0 1.48027e-16 0 1.4803e-16)
(1.48027e-16 1.29404e-17 0 1.48032e-16 0 1.4803e-16)
(1.48029e-16 1.29462e-17 0 1.48031e-16 0 1.4803e-16)
(1.4803e-16 1.29458e-17 0 1.4803e-16 0 1.4803e-16)
(1.48031e-16 1.29549e-17 0 1.48028e-16 0 1.4803e-16)
(1.48028e-16 1.18193e-17 0 1.48031e-16 0 1.4803e-16)
(1.48029e-16 1.18265e-17 0 1.4803e-16 0 1.4803e-16)
(1.4803e-16 1.18214e-17 0 1.4803e-16 0 1.4803e-16)
(1.48031e-16 1.18298e-17 0 1.48029e-16 0 1.4803e-16)
(1.48029e-16 1.03997e-17 0 1.48031e-16 0 1.4803e-16)
(1.48029e-16 1.04029e-17 0 1.4803e-16 0 1.4803e-16)
(1.4803e-16 1.04003e-17 0 1.48029e-16 0 1.4803e-16)
(1.4803e-16 1.0408e-17 0 1.48029e-16 0 1.4803e-16)
(1.48029e-16 8.73041e-18 0 1.4803e-16 0 1.4803e-16)
(1.48029e-16 8.73549e-18 0 1.4803e-16 0 1.4803e-16)
(1.4803e-16 8.73183e-18 0 1.4803e-16 0 1.4803e-16)
(1.4803e-16 8.73252e-18 0 1.48029e-16 0 1.4803e-16)
(1.48029e-16 6.8893e-18 0 1.4803e-16 0 1.4803e-16)
(1.4803e-16 6.89227e-18 0 1.4803e-16 0 1.4803e-16)
(1.4803e-16 6.89078e-18 0 1.4803e-16 0 1.4803e-16)
(1.4803e-16 6.88989e-18 0 1.48029e-16 0 1.4803e-16)
(1.4803e-16 4.99174e-18 0 1.4803e-16 0 1.4803e-16)
(1.4803e-16 4.99413e-18 0 1.4803e-16 0 1.4803e-16)
(1.4803e-16 4.99314e-18 0 1.4803e-16 0 1.4803e-16)
(1.4803e-16 4.99133e-18 0 1.4803e-16 0 1.4803e-16)
(1.4803e-16 3.19198e-18 0 1.4803e-16 0 1.4803e-16)
(1.4803e-16 3.19289e-18 0 1.4803e-16 0 1.4803e-16)
(1.4803e-16 3.19286e-18 0 1.4803e-16 0 1.4803e-16)
(1.4803e-16 3.19165e-18 0 1.4803e-16 0 1.4803e-16)
(1.4803e-16 1.69249e-18 0 1.4803e-16 0 1.4803e-16)
(1.4803e-16 1.69278e-18 0 1.4803e-16 0 1.4803e-16)
(1.4803e-16 1.69292e-18 0 1.4803e-16 0 1.4803e-16)
(1.4803e-16 1.69219e-18 0 1.4803e-16 0 1.4803e-16)
(1.4803e-16 6.46754e-19 0 1.4803e-16 0 1.4803e-16)
(1.4803e-16 6.4674e-19 0 1.4803e-16 0 1.4803e-16)
(1.4803e-16 6.4694e-19 0 1.4803e-16 0 1.4803e-16)
(1.4803e-16 6.46658e-19 0 1.4803e-16 0 1.4803e-16)
(1.4803e-16 1.24543e-19 0 1.4803e-16 0 1.4803e-16)
(1.4803e-16 1.24511e-19 0 1.4803e-16 0 1.4803e-16)
(1.4803e-16 1.24576e-19 0 1.4803e-16 0 1.4803e-16)
(1.4803e-16 1.2456e-19 0 1.4803e-16 0 1.4803e-16)
)
;

boundaryField
{
    topWall
    {
        type            kqRWallFunction;
        value           uniform (1.4803e-16 0 0 1.4803e-16 0 1.4803e-16);
    }
    botWall
    {
        type            kqRWallFunction;
        value           uniform (1.4803e-16 0 0 1.4803e-16 0 1.4803e-16);
    }
    inlet
    {
        type            cyclic;
    }
    outlet
    {
        type            cyclic;
    }
    fixWall
    {
        type            empty;
    }
}


// ************************************************************************* //
