/*--------------------------------*- C++ -*----------------------------------*\
  =========                 |
  \\      /  F ield         | OpenFOAM: The Open Source CFD Toolbox
   \\    /   O peration     | Website:  https://openfoam.org
    \\  /    A nd           | Version:  dev
     \\/     M anipulation  |

   OpenFOAM for Windows 20.09 (v1)
   Built by CFD Support, www.cfdsupport.com (based on Symscape).
\*---------------------------------------------------------------------------*/
FoamFile
{
    version     2.0;
    format      ascii;
    class       volSymmTensorField;
    location    "6";
    object      UPrime2Mean;
}
// * * * * * * * * * * * * * * * * * * * * * * * * * * * * * * * * * * * * * //

dimensions      [0 2 -2 0 0 0 0];

internalField   nonuniform List<symmTensor> 
960
(
(4.66069e-08 -4.92841e-10 0 5.68294e-11 0 0)
(4.36913e-08 -1.27758e-11 0 4.25288e-15 0 0)
(4.41355e-08 2.66054e-12 0 3.99268e-16 0 0)
(4.72931e-08 -4.84879e-12 0 1.52219e-15 0 0)
(4.27594e-07 3.60536e-10 0 1.35597e-12 0 0)
(4.04989e-07 6.72394e-11 0 7.14104e-14 0 0)
(3.96348e-07 -3.70196e-11 0 3.85867e-15 0 0)
(4.21941e-07 -1.07943e-10 0 7.22846e-14 0 0)
(1.17384e-06 -1.29991e-09 0 2.61292e-11 0 0)
(1.11876e-06 4.35274e-10 0 4.21545e-13 0 0)
(1.09375e-06 -1.57721e-10 0 2.36985e-14 0 0)
(1.1567e-06 -4.09783e-10 0 4.1755e-13 0 0)
(2.25208e-06 -1.47651e-10 0 1.87087e-12 0 0)
(2.1609e-06 1.29086e-09 0 1.57855e-12 0 0)
(2.11642e-06 -4.40048e-10 0 9.62689e-14 0 0)
(2.22243e-06 -9.81509e-10 0 1.20525e-12 0 0)
(3.61533e-06 -7.95912e-11 0 6.21815e-12 0 0)
(3.4917e-06 2.49533e-09 0 3.35356e-12 0 0)
(3.42854e-06 -8.03979e-10 0 2.14705e-13 0 0)
(3.57655e-06 -1.74067e-09 0 2.54033e-12 0 0)
(5.21308e-06 -8.41927e-10 0 9.26937e-12 0 0)
(5.06003e-06 4.19562e-09 0 6.32413e-12 0 0)
(4.98114e-06 -1.39749e-09 0 4.27178e-13 0 0)
(5.16871e-06 -2.76217e-09 0 4.35352e-12 0 0)
(6.98662e-06 -8.52881e-10 0 1.41833e-11 0 0)
(6.80969e-06 6.08685e-09 0 9.65895e-12 0 0)
(6.71893e-06 -1.99976e-09 0 7.14316e-13 0 0)
(6.94162e-06 -3.83446e-09 0 6.77643e-12 0 0)
(8.87859e-06 -1.99664e-09 0 2.146e-11 0 0)
(8.68266e-06 8.45047e-09 0 1.45956e-11 0 0)
(8.58327e-06 -2.90633e-09 0 1.09925e-12 0 0)
(8.83814e-06 -5.21139e-09 0 9.63173e-12 0 0)
(1.083e-05 -1.77307e-09 0 2.46378e-11 0 0)
(1.06226e-05 1.07454e-08 0 1.91163e-11 0 0)
(1.05161e-05 -3.69974e-09 0 1.62508e-12 0 0)
(1.07987e-05 -6.47607e-09 0 1.31243e-11 0 0)
(1.27876e-05 -3.33137e-09 0 3.49801e-11 0 0)
(1.25735e-05 1.35023e-08 0 2.57868e-11 0 0)
(1.24633e-05 -4.90099e-09 0 2.19099e-12 0 0)
(1.2772e-05 -8.14934e-09 0 1.70159e-11 0 0)
(1.47048e-05 -2.95422e-09 0 3.88781e-11 0 0)
(1.44913e-05 1.58894e-08 0 3.0848e-11 0 0)
(1.43755e-05 -5.81614e-09 0 2.99266e-12 0 0)
(1.47051e-05 -9.60237e-09 0 2.1616e-11 0 0)
(1.65403e-05 -4.58214e-09 0 4.95539e-11 0 0)
(1.63304e-05 1.88641e-08 0 3.94681e-11 0 0)
(1.62149e-05 -7.26148e-09 0 3.71747e-12 0 0)
(1.65625e-05 -1.14892e-08 0 2.65692e-11 0 0)
(1.82669e-05 -4.07764e-09 0 5.43774e-11 0 0)
(1.80657e-05 2.13011e-08 0 4.53483e-11 0 0)
(1.79441e-05 -8.26618e-09 0 4.76237e-12 0 0)
(1.83032e-05 -1.34475e-08 0 3.2918e-11 0 0)
(1.9859e-05 -5.34378e-09 0 6.4355e-11 0 0)
(1.96638e-05 2.40557e-08 0 5.42285e-11 0 0)
(1.95428e-05 -9.74484e-09 0 5.74516e-12 0 0)
(1.99145e-05 -1.53788e-08 0 3.86714e-11 0 0)
(2.13152e-05 -4.91955e-09 0 7.06337e-11 0 0)
(2.11189e-05 2.66338e-08 0 6.25251e-11 0 0)
(2.09831e-05 -1.08459e-08 0 6.73877e-12 0 0)
(2.13677e-05 -1.73366e-08 0 4.43313e-11 0 0)
(2.26216e-05 -5.31775e-09 0 7.65687e-11 0 0)
(2.24264e-05 2.85752e-08 0 7.02209e-11 0 0)
(2.22851e-05 -1.22374e-08 0 8.3775e-12 0 0)
(2.26772e-05 -1.97302e-08 0 5.00499e-11 0 0)
(2.3769e-05 -4.45716e-09 0 8.21428e-11 0 0)
(2.35966e-05 3.13823e-08 0 8.24724e-11 0 0)
(2.34323e-05 -1.33052e-08 0 9.39232e-12 0 0)
(2.38225e-05 -2.19765e-08 0 5.47475e-11 0 0)
(2.47655e-05 -4.2964e-09 0 8.6189e-11 0 0)
(2.46079e-05 3.32091e-08 0 9.1515e-11 0 0)
(2.44316e-05 -1.4191e-08 0 1.11434e-11 0 0)
(2.48304e-05 -2.4823e-08 0 6.04563e-11 0 0)
(2.56281e-05 -3.08848e-09 0 9.03925e-11 0 0)
(2.54828e-05 3.57938e-08 0 1.0463e-10 0 0)
(2.5286e-05 -1.53614e-08 0 1.23879e-11 0 0)
(2.56963e-05 -2.78126e-08 0 6.7417e-11 0 0)
(2.63638e-05 -2.74821e-09 0 9.55005e-11 0 0)
(2.62203e-05 3.79826e-08 0 1.15617e-10 0 0)
(2.60095e-05 -1.59618e-08 0 1.40661e-11 0 0)
(2.64408e-05 -3.07954e-08 0 7.41647e-11 0 0)
(2.69888e-05 -1.31851e-09 0 9.84607e-11 0 0)
(2.68475e-05 4.01762e-08 0 1.28889e-10 0 0)
(2.6617e-05 -1.70838e-08 0 1.54846e-11 0 0)
(2.70685e-05 -3.40414e-08 0 8.20148e-11 0 0)
(2.75143e-05 -7.00466e-10 0 1.03483e-10 0 0)
(2.7366e-05 4.22731e-08 0 1.41128e-10 0 0)
(2.71194e-05 -1.77229e-08 0 1.73267e-11 0 0)
(2.75952e-05 -3.73362e-08 0 9.06158e-11 0 0)
(2.79549e-05 8.95825e-10 0 1.06832e-10 0 0)
(2.78011e-05 4.45573e-08 0 1.55534e-10 0 0)
(2.75339e-05 -1.87552e-08 0 1.90159e-11 0 0)
(2.80316e-05 -4.08609e-08 0 1.01172e-10 0 0)
(2.8322e-05 1.63479e-09 0 1.11237e-10 0 0)
(2.81586e-05 4.68555e-08 0 1.70748e-10 0 0)
(2.78714e-05 -1.94397e-08 0 2.07405e-11 0 0)
(2.83903e-05 -4.4427e-08 0 1.11445e-10 0 0)
(2.86266e-05 3.31828e-09 0 1.16396e-10 0 0)
(2.84564e-05 4.91299e-08 0 1.85288e-10 0 0)
(2.81477e-05 -2.03501e-08 0 2.27624e-11 0 0)
(2.86844e-05 -4.82054e-08 0 1.25279e-10 0 0)
(2.88789e-05 4.03298e-09 0 1.19811e-10 0 0)
(2.87038e-05 5.17082e-08 0 2.02466e-10 0 0)
(2.83745e-05 -2.10215e-08 0 2.43068e-11 0 0)
(2.89243e-05 -5.19072e-08 0 1.37412e-10 0 0)
(2.90863e-05 5.68037e-09 0 1.24867e-10 0 0)
(2.89112e-05 5.42068e-08 0 2.20964e-10 0 0)
(2.85681e-05 -2.17226e-08 0 2.61185e-11 0 0)
(2.91281e-05 -5.57363e-08 0 1.53958e-10 0 0)
(2.92567e-05 6.51465e-09 0 1.30083e-10 0 0)
(2.9092e-05 5.66681e-08 0 2.40916e-10 0 0)
(2.87401e-05 -2.27857e-08 0 2.84676e-11 0 0)
(2.92999e-05 -6.00333e-08 0 1.70602e-10 0 0)
(2.93921e-05 7.93457e-09 0 1.32994e-10 0 0)
(2.92486e-05 5.96345e-08 0 2.5867e-10 0 0)
(2.89128e-05 -2.29656e-08 0 2.968e-11 0 0)
(2.94688e-05 -6.36114e-08 0 1.87811e-10 0 0)
(2.94992e-05 8.21575e-09 0 1.40558e-10 0 0)
(2.9396e-05 6.10032e-08 0 2.72427e-10 0 0)
(2.90937e-05 -2.42379e-08 0 3.23515e-11 0 0)
(2.96266e-05 -6.74908e-08 0 2.05284e-10 0 0)
(2.9566e-05 9.10626e-09 0 1.43692e-10 0 0)
(2.95386e-05 6.27057e-08 0 2.76077e-10 0 0)
(2.93055e-05 -2.49936e-08 0 3.41969e-11 0 0)
(2.97749e-05 -7.04701e-08 0 2.20221e-10 0 0)
(2.96599e-05 9.12946e-09 0 1.48512e-10 0 0)
(2.96904e-05 6.40707e-08 0 2.80549e-10 0 0)
(2.94892e-05 -2.55798e-08 0 3.56213e-11 0 0)
(2.99169e-05 -7.28692e-08 0 2.32911e-10 0 0)
(2.97827e-05 9.13673e-09 0 1.54154e-10 0 0)
(2.98478e-05 6.40747e-08 0 2.80326e-10 0 0)
(2.96648e-05 -2.73666e-08 0 3.8413e-11 0 0)
(3.00763e-05 -7.54688e-08 0 2.44913e-10 0 0)
(2.99412e-05 9.21306e-09 0 1.58628e-10 0 0)
(3.00278e-05 6.58154e-08 0 2.80247e-10 0 0)
(2.98394e-05 -2.77273e-08 0 4.03707e-11 0 0)
(3.02371e-05 -7.79876e-08 0 2.59237e-10 0 0)
(3.01375e-05 8.67516e-09 0 1.63123e-10 0 0)
(3.02309e-05 6.61501e-08 0 2.819e-10 0 0)
(3.0032e-05 -2.92618e-08 0 4.27297e-11 0 0)
(3.04276e-05 -8.04155e-08 0 2.70095e-10 0 0)
(3.03783e-05 8.12497e-09 0 1.71143e-10 0 0)
(3.0474e-05 6.71089e-08 0 2.76057e-10 0 0)
(3.02557e-05 -2.99013e-08 0 4.53209e-11 0 0)
(3.06472e-05 -8.29154e-08 0 2.84187e-10 0 0)
(3.06713e-05 7.50941e-09 0 1.77284e-10 0 0)
(3.07636e-05 6.79567e-08 0 2.74935e-10 0 0)
(3.05252e-05 -3.07741e-08 0 4.64383e-11 0 0)
(3.09148e-05 -8.54172e-08 0 2.95821e-10 0 0)
(3.1027e-05 6.13346e-09 0 1.83462e-10 0 0)
(3.11162e-05 6.9437e-08 0 2.71754e-10 0 0)
(3.08576e-05 -3.16979e-08 0 4.94027e-11 0 0)
(3.1241e-05 -8.79347e-08 0 3.08478e-10 0 0)
(3.14568e-05 6.04092e-09 0 1.93697e-10 0 0)
(3.15449e-05 7.03365e-08 0 2.7024e-10 0 0)
(3.1269e-05 -3.19797e-08 0 4.91105e-11 0 0)
(3.16418e-05 -9.06592e-08 0 3.21264e-10 0 0)
(3.19775e-05 3.37243e-09 0 1.98626e-10 0 0)
(3.20663e-05 7.2373e-08 0 2.67816e-10 0 0)
(3.17791e-05 -3.34961e-08 0 5.29956e-11 0 0)
(3.21323e-05 -9.34949e-08 0 3.33287e-10 0 0)
(3.26022e-05 3.93802e-09 0 2.1138e-10 0 0)
(3.26983e-05 7.28491e-08 0 2.63005e-10 0 0)
(3.24079e-05 -3.33754e-08 0 5.1929e-11 0 0)
(3.27304e-05 -9.66367e-08 0 3.47613e-10 0 0)
(3.33528e-05 1.11662e-09 0 2.14901e-10 0 0)
(3.34595e-05 7.66205e-08 0 2.67553e-10 0 0)
(3.31798e-05 -3.37859e-08 0 5.1802e-11 0 0)
(3.34564e-05 -9.71739e-08 0 3.39292e-10 0 0)
(3.42459e-05 -6.84582e-11 0 2.31625e-10 0 0)
(3.4374e-05 7.70422e-08 0 2.57064e-10 0 0)
(3.41198e-05 -3.46535e-08 0 5.41122e-11 0 0)
(3.43335e-05 -1.03956e-07 0 3.77452e-10 0 0)
(3.53092e-05 -1.18027e-09 0 2.2924e-10 0 0)
(3.54598e-05 7.98847e-08 0 2.58759e-10 0 0)
(3.52565e-05 -3.42548e-08 0 5.03606e-11 0 0)
(3.53875e-05 -1.01784e-07 0 3.46179e-10 0 0)
(3.65583e-05 -4.29767e-09 0 2.52516e-10 0 0)
(3.67468e-05 8.12302e-08 0 2.48636e-10 0 0)
(3.66215e-05 -3.49351e-08 0 5.29613e-11 0 0)
(3.6646e-05 -1.07174e-07 0 3.68047e-10 0 0)
(3.80261e-05 -5.2611e-09 0 2.52293e-10 0 0)
(3.82497e-05 8.00303e-08 0 2.30346e-10 0 0)
(3.82436e-05 -3.67609e-08 0 5.52006e-11 0 0)
(3.81431e-05 -1.09283e-07 0 3.67321e-10 0 0)
(3.9757e-05 -6.23793e-09 0 2.56212e-10 0 0)
(4.00181e-05 8.14024e-08 0 2.22159e-10 0 0)
(4.00829e-05 -3.56513e-08 0 5.23029e-11 0 0)
(3.98897e-05 -1.05877e-07 0 3.25982e-10 0 0)
(4.17943e-05 -8.34663e-09 0 2.65242e-10 0 0)
(4.20772e-05 8.07488e-08 0 2.02541e-10 0 0)
(4.21907e-05 -3.69688e-08 0 5.59685e-11 0 0)
(4.19168e-05 -1.11639e-07 0 3.47444e-10 0 0)
(4.4151e-05 -9.85437e-09 0 2.54174e-10 0 0)
(4.44692e-05 8.17157e-08 0 1.90665e-10 0 0)
(4.46056e-05 -3.70042e-08 0 5.48461e-11 0 0)
(4.42613e-05 -1.08206e-07 0 3.07094e-10 0 0)
(4.68812e-05 -1.10982e-08 0 2.62511e-10 0 0)
(4.72175e-05 8.17255e-08 0 1.74508e-10 0 0)
(4.73642e-05 -3.62068e-08 0 5.38106e-11 0 0)
(4.69562e-05 -1.10327e-07 0 3.00751e-10 0 0)
(4.99877e-05 -1.50446e-08 0 2.59039e-10 0 0)
(5.03634e-05 8.25998e-08 0 1.6101e-10 0 0)
(5.05002e-05 -3.71675e-08 0 5.65796e-11 0 0)
(5.00332e-05 -1.10959e-07 0 2.85223e-10 0 0)
(5.35322e-05 -1.56918e-08 0 2.64934e-10 0 0)
(5.39249e-05 8.12666e-08 0 1.42454e-10 0 0)
(5.40489e-05 -3.65455e-08 0 5.468e-11 0 0)
(5.35237e-05 -1.10663e-07 0 2.63423e-10 0 0)
(5.7492e-05 -2.06015e-08 0 2.6371e-10 0 0)
(5.79416e-05 8.35262e-08 0 1.3406e-10 0 0)
(5.80331e-05 -3.58574e-08 0 5.60154e-11 0 0)
(5.74481e-05 -1.11254e-07 0 2.47433e-10 0 0)
(6.19467e-05 -2.14961e-08 0 2.70766e-10 0 0)
(6.24189e-05 8.15088e-08 0 1.1642e-10 0 0)
(6.24794e-05 -3.52039e-08 0 5.27574e-11 0 0)
(6.18321e-05 -1.10827e-07 0 2.26838e-10 0 0)
(6.68193e-05 -2.89621e-08 0 2.7739e-10 0 0)
(6.73913e-05 8.53156e-08 0 1.12859e-10 0 0)
(6.73979e-05 -3.30924e-08 0 5.45787e-11 0 0)
(6.66746e-05 -1.11345e-07 0 2.09542e-10 0 0)
(7.22173e-05 -2.83985e-08 0 2.79949e-10 0 0)
(7.28344e-05 8.44343e-08 0 1.02507e-10 0 0)
(7.28001e-05 -3.01802e-08 0 4.51197e-11 0 0)
(7.19866e-05 -1.09558e-07 0 1.88206e-10 0 0)
(7.79896e-05 -4.1422e-08 0 3.10172e-10 0 0)
(7.87667e-05 8.06559e-08 0 8.25928e-11 0 0)
(7.86682e-05 -3.15342e-08 0 5.9068e-11 0 0)
(7.77441e-05 -1.12152e-07 0 1.77463e-10 0 0)
(8.42745e-05 -3.59789e-08 0 2.8998e-10 0 0)
(8.51158e-05 7.93296e-08 0 7.39386e-11 0 0)
(8.4999e-05 -2.78384e-08 0 4.76609e-11 0 0)
(8.39383e-05 -1.12046e-07 0 1.67569e-10 0 0)
(9.08433e-05 -6.15205e-08 0 3.83751e-10 0 0)
(9.18724e-05 8.88167e-08 0 8.73036e-11 0 0)
(9.17299e-05 -1.51944e-08 0 4.33897e-11 0 0)
(9.05238e-05 -1.00945e-07 0 1.1859e-10 0 0)
(9.81496e-05 -6.06347e-08 0 4.2809e-10 0 0)
(9.90691e-05 5.90606e-08 0 5.24639e-11 0 0)
(9.90093e-05 -2.19152e-08 0 5.25155e-11 0 0)
(9.76963e-05 -1.10152e-07 0 1.35957e-10 0 0)
(4.68446e-08 2.53156e-12 0 2.13708e-16 0 0)
(4.75698e-08 -7.63192e-12 0 2.02525e-15 0 0)
(4.67296e-08 1.36286e-11 0 3.97998e-15 0 0)
(4.5862e-08 -1.0651e-11 0 4.44286e-15 0 0)
(4.17458e-07 3.41805e-11 0 2.87701e-15 0 0)
(4.20906e-07 -7.38846e-11 0 2.12248e-14 0 0)
(4.17164e-07 1.35446e-10 0 4.7033e-14 0 0)
(4.10906e-07 -5.54788e-11 0 2.46803e-13 0 0)
(1.14245e-06 1.44796e-10 0 1.8579e-14 0 0)
(1.14645e-06 -2.20752e-10 0 7.78793e-14 0 0)
(1.14081e-06 4.32252e-10 0 1.87272e-13 0 0)
(1.12895e-06 -2.35277e-10 0 7.54831e-13 0 0)
(2.19204e-06 3.64983e-10 0 6.08897e-14 0 0)
(2.19266e-06 -4.62996e-10 0 1.8011e-13 0 0)
(2.18643e-06 8.57462e-10 0 4.38489e-13 0 0)
(2.17108e-06 -5.4191e-10 0 1.73012e-12 0 0)
(3.52608e-06 8.14381e-10 0 1.88168e-13 0 0)
(3.52029e-06 -7.03361e-10 0 2.92027e-13 0 0)
(3.51378e-06 1.45741e-09 0 9.05538e-13 0 0)
(3.4956e-06 -1.15507e-09 0 3.09959e-12 0 0)
(5.0965e-06 1.35076e-09 0 3.58767e-13 0 0)
(5.08213e-06 -1.05089e-09 0 4.72865e-13 0 0)
(5.07709e-06 2.10029e-09 0 1.52356e-12 0 0)
(5.05774e-06 -1.89529e-09 0 4.85099e-12 0 0)
(6.84853e-06 2.32353e-09 0 7.88315e-13 0 0)
(6.82436e-06 -1.31009e-09 0 6.26147e-13 0 0)
(6.82234e-06 2.9225e-09 0 2.49407e-12 0 0)
(6.80187e-06 -2.99712e-09 0 7.0154e-12 0 0)
(8.72643e-06 3.13648e-09 0 1.13157e-12 0 0)
(8.69182e-06 -1.72371e-09 0 8.87669e-13 0 0)
(8.6951e-06 3.68075e-09 0 3.55711e-12 0 0)
(8.67216e-06 -4.09226e-09 0 9.42027e-12 0 0)
(1.06729e-05 4.70688e-09 0 2.07603e-12 0 0)
(1.06281e-05 -1.99679e-09 0 1.07856e-12 0 0)
(1.06395e-05 4.68783e-09 0 5.09812e-12 0 0)
(1.06105e-05 -5.5369e-09 0 1.21385e-11 0 0)
(1.26373e-05 5.63982e-09 0 2.52818e-12 0 0)
(1.25817e-05 -2.47744e-09 0 1.45213e-12 0 0)
(1.26038e-05 5.46192e-09 0 6.5373e-12 0 0)
(1.25663e-05 -6.77586e-09 0 1.50528e-11 0 0)
(1.45694e-05 7.6853e-09 0 4.05432e-12 0 0)
(1.45052e-05 -2.8358e-09 0 1.74376e-12 0 0)
(1.45423e-05 6.68225e-09 0 8.60572e-12 0 0)
(1.4492e-05 -8.22113e-09 0 1.76042e-11 0 0)
(1.64319e-05 8.67349e-09 0 4.59016e-12 0 0)
(1.63583e-05 -3.32468e-09 0 2.18648e-12 0 0)
(1.64145e-05 7.35706e-09 0 1.02051e-11 0 0)
(1.63517e-05 -9.35933e-09 0 2.0996e-11 0 0)
(1.81901e-05 1.09057e-08 0 6.53859e-12 0 0)
(1.81094e-05 -3.88174e-09 0 2.6704e-12 0 0)
(1.81895e-05 8.73171e-09 0 1.24878e-11 0 0)
(1.81134e-05 -1.00848e-08 0 2.27375e-11 0 0)
(1.98254e-05 1.17931e-08 0 7.04458e-12 0 0)
(1.97364e-05 -4.55523e-09 0 3.67425e-12 0 0)
(1.98411e-05 9.52242e-09 0 1.44812e-11 0 0)
(1.97542e-05 -1.06648e-08 0 2.4587e-11 0 0)
(2.1321e-05 1.3517e-08 0 8.59994e-12 0 0)
(2.12197e-05 -5.05074e-09 0 4.12956e-12 0 0)
(2.13512e-05 1.00652e-08 0 1.52315e-11 0 0)
(2.12645e-05 -1.15373e-08 0 2.56793e-11 0 0)
(2.26674e-05 1.4452e-08 0 9.29915e-12 0 0)
(2.25544e-05 -5.91597e-09 0 5.41543e-12 0 0)
(2.27225e-05 1.08758e-08 0 1.76444e-11 0 0)
(2.26386e-05 -1.2012e-08 0 2.27478e-11 0 0)
(2.38538e-05 1.51788e-08 0 9.89094e-12 0 0)
(2.37336e-05 -6.4662e-09 0 6.10812e-12 0 0)
(2.39251e-05 1.08198e-08 0 1.89775e-11 0 0)
(2.38276e-05 -1.2023e-08 0 2.01353e-11 0 0)
(2.48966e-05 1.67457e-08 0 1.14258e-11 0 0)
(2.47729e-05 -7.28065e-09 0 6.78409e-12 0 0)
(2.4984e-05 1.14882e-08 0 2.04414e-11 0 0)
(2.4867e-05 -1.21138e-08 0 1.73578e-11 0 0)
(2.57984e-05 1.65734e-08 0 1.1068e-11 0 0)
(2.56724e-05 -8.19837e-09 0 8.26055e-12 0 0)
(2.59005e-05 1.17721e-08 0 2.25822e-11 0 0)
(2.57625e-05 -1.07438e-08 0 1.40457e-11 0 0)
(2.65711e-05 1.80353e-08 0 1.25985e-11 0 0)
(2.64411e-05 -9.07303e-09 0 8.99551e-12 0 0)
(2.66834e-05 1.23864e-08 0 2.38416e-11 0 0)
(2.65273e-05 -9.84478e-09 0 1.16191e-11 0 0)
(2.72253e-05 1.77147e-08 0 1.21728e-11 0 0)
(2.70914e-05 -1.00281e-08 0 1.02478e-11 0 0)
(2.73431e-05 1.25994e-08 0 2.51891e-11 0 0)
(2.71691e-05 -8.82563e-09 0 9.14604e-12 0 0)
(2.7772e-05 1.85054e-08 0 1.29575e-11 0 0)
(2.76338e-05 -1.09904e-08 0 1.14567e-11 0 0)
(2.78929e-05 1.3146e-08 0 2.67194e-11 0 0)
(2.77064e-05 -7.58476e-09 0 6.79239e-12 0 0)
(2.82268e-05 1.84541e-08 0 1.29302e-11 0 0)
(2.80851e-05 -1.19362e-08 0 1.25321e-11 0 0)
(2.83459e-05 1.34632e-08 0 2.79472e-11 0 0)
(2.81469e-05 -6.26554e-09 0 4.99042e-12 0 0)
(2.85997e-05 1.85961e-08 0 1.30866e-11 0 0)
(2.84548e-05 -1.28227e-08 0 1.3934e-11 0 0)
(2.87161e-05 1.39861e-08 0 2.96385e-11 0 0)
(2.85086e-05 -5.00308e-09 0 3.3882e-12 0 0)
(2.89068e-05 1.88818e-08 0 1.3469e-11 0 0)
(2.876e-05 -1.38335e-08 0 1.50591e-11 0 0)
(2.90165e-05 1.43575e-08 0 3.06668e-11 0 0)
(2.87998e-05 -3.57272e-09 0 2.12566e-12 0 0)
(2.9156e-05 1.84094e-08 0 1.32042e-11 0 0)
(2.90061e-05 -1.45158e-08 0 1.68591e-11 0 0)
(2.92569e-05 1.5e-08 0 3.29506e-11 0 0)
(2.90349e-05 -2.5003e-09 0 1.14103e-12 0 0)
(2.9365e-05 1.91799e-08 0 1.38308e-11 0 0)
(2.92105e-05 -1.55215e-08 0 1.77691e-11 0 0)
(2.94522e-05 1.54276e-08 0 3.4476e-11 0 0)
(2.92242e-05 -9.90861e-10 0 6.62098e-13 0 0)
(2.95383e-05 1.80711e-08 0 1.2881e-11 0 0)
(2.93748e-05 -1.62009e-08 0 1.97279e-11 0 0)
(2.96047e-05 1.60474e-08 0 3.50401e-11 0 0)
(2.9375e-05 2.77286e-10 0 1.13549e-13 0 0)
(2.96949e-05 1.89889e-08 0 1.39806e-11 0 0)
(2.95137e-05 -1.70091e-08 0 2.18619e-11 0 0)
(2.97324e-05 1.68485e-08 0 3.91383e-11 0 0)
(2.95028e-05 1.47217e-09 0 1.34632e-13 0 0)
(2.98335e-05 1.89009e-08 0 1.43079e-11 0 0)
(2.96267e-05 -1.73077e-08 0 2.28065e-11 0 0)
(2.98306e-05 1.72154e-08 0 3.87862e-11 0 0)
(2.96094e-05 2.45595e-09 0 2.3425e-13 0 0)
(2.99661e-05 1.87853e-08 0 1.51488e-11 0 0)
(2.97675e-05 -1.73493e-08 0 2.5359e-11 0 0)
(2.99384e-05 1.76117e-08 0 4.2225e-11 0 0)
(2.96969e-05 3.37931e-09 0 5.9229e-13 0 0)
(3.00964e-05 1.95314e-08 0 1.58471e-11 0 0)
(2.98918e-05 -1.67869e-08 0 2.58878e-11 0 0)
(3.0034e-05 1.80763e-08 0 4.67632e-11 0 0)
(2.97822e-05 5.03312e-09 0 1.03392e-12 0 0)
(3.02446e-05 1.83543e-08 0 1.48895e-11 0 0)
(3.00406e-05 -1.63023e-08 0 2.7406e-11 0 0)
(3.01564e-05 1.82932e-08 0 4.76757e-11 0 0)
(2.98852e-05 6.59327e-09 0 1.96764e-12 0 0)
(3.04028e-05 1.92698e-08 0 1.55173e-11 0 0)
(3.02059e-05 -1.55481e-08 0 2.89454e-11 0 0)
(3.02956e-05 1.90198e-08 0 5.40642e-11 0 0)
(3.00091e-05 8.81265e-09 0 3.02186e-12 0 0)
(3.0592e-05 1.80394e-08 0 1.44613e-11 0 0)
(3.04063e-05 -1.50683e-08 0 3.19735e-11 0 0)
(3.0473e-05 1.98948e-08 0 5.81138e-11 0 0)
(3.01702e-05 1.0384e-08 0 4.16032e-12 0 0)
(3.08105e-05 1.88609e-08 0 1.52014e-11 0 0)
(3.06379e-05 -1.41302e-08 0 3.29911e-11 0 0)
(3.06864e-05 2.07733e-08 0 6.2372e-11 0 0)
(3.03722e-05 1.22007e-08 0 5.67062e-12 0 0)
(3.10795e-05 1.78127e-08 0 1.48263e-11 0 0)
(3.09229e-05 -1.35623e-08 0 3.81975e-11 0 0)
(3.09542e-05 2.20473e-08 0 7.0135e-11 0 0)
(3.06291e-05 1.32581e-08 0 6.55337e-12 0 0)
(3.14035e-05 1.82433e-08 0 1.47861e-11 0 0)
(3.12646e-05 -1.26414e-08 0 3.90286e-11 0 0)
(3.12824e-05 2.319e-08 0 7.50729e-11 0 0)
(3.09493e-05 1.49944e-08 0 8.38043e-12 0 0)
(3.18032e-05 1.75172e-08 0 1.5001e-11 0 0)
(3.16856e-05 -1.19917e-08 0 4.54591e-11 0 0)
(3.16892e-05 2.4754e-08 0 8.33363e-11 0 0)
(3.1347e-05 1.60804e-08 0 9.3144e-12 0 0)
(3.22877e-05 1.7155e-08 0 1.38692e-11 0 0)
(3.21959e-05 -1.14085e-08 0 4.60267e-11 0 0)
(3.21856e-05 2.61019e-08 0 8.95811e-11 0 0)
(3.1837e-05 1.70846e-08 0 1.07711e-11 0 0)
(3.28779e-05 1.68824e-08 0 1.4433e-11 0 0)
(3.28173e-05 -1.07769e-08 0 5.26434e-11 0 0)
(3.27928e-05 2.80349e-08 0 9.80681e-11 0 0)
(3.24371e-05 1.90639e-08 0 1.23916e-11 0 0)
(3.35876e-05 1.71797e-08 0 1.52293e-11 0 0)
(3.35659e-05 -9.58248e-09 0 5.52641e-11 0 0)
(3.35251e-05 2.9894e-08 0 1.07632e-10 0 0)
(3.31665e-05 1.9956e-08 0 1.3749e-11 0 0)
(3.44392e-05 1.39912e-08 0 1.17199e-11 0 0)
(3.44601e-05 -1.07063e-08 0 5.98153e-11 0 0)
(3.44097e-05 3.12035e-08 0 1.12502e-10 0 0)
(3.40506e-05 1.91879e-08 0 1.30596e-11 0 0)
(3.54495e-05 1.7098e-08 0 1.61008e-11 0 0)
(3.5521e-05 -8.60684e-09 0 6.25132e-11 0 0)
(3.5462e-05 3.40219e-08 0 1.24338e-10 0 0)
(3.5113e-05 2.34399e-08 0 1.70413e-11 0 0)
(3.66414e-05 1.28491e-08 0 1.18261e-11 0 0)
(3.67634e-05 -1.02771e-08 0 6.83724e-11 0 0)
(3.67158e-05 3.57269e-08 0 1.3124e-10 0 0)
(3.63856e-05 2.0952e-08 0 1.47187e-11 0 0)
(3.80641e-05 1.3344e-08 0 1.18722e-11 0 0)
(3.82514e-05 -1.02036e-08 0 6.87307e-11 0 0)
(3.82054e-05 3.79252e-08 0 1.35741e-10 0 0)
(3.78989e-05 2.42921e-08 0 1.71222e-11 0 0)
(3.97565e-05 1.54604e-08 0 1.58226e-11 0 0)
(4.00031e-05 -9.90539e-09 0 7.54022e-11 0 0)
(3.9955e-05 4.12786e-08 0 1.46578e-10 0 0)
(3.96467e-05 2.77641e-08 0 2.03722e-11 0 0)
(4.17444e-05 1.07397e-08 0 1.23928e-11 0 0)
(4.20523e-05 -1.20654e-08 0 7.93883e-11 0 0)
(4.19877e-05 4.25246e-08 0 1.44433e-10 0 0)
(4.16742e-05 2.54055e-08 0 1.7034e-11 0 0)
(4.40667e-05 1.4177e-08 0 1.66591e-11 0 0)
(4.44264e-05 -1.28654e-08 0 8.00603e-11 0 0)
(4.43485e-05 4.60763e-08 0 1.50808e-10 0 0)
(4.40248e-05 3.02049e-08 0 2.12269e-11 0 0)
(4.67462e-05 1.1162e-08 0 1.69956e-11 0 0)
(4.71598e-05 -1.39652e-08 0 8.74821e-11 0 0)
(4.70586e-05 4.84723e-08 0 1.53712e-10 0 0)
(4.672e-05 2.99207e-08 0 1.9711e-11 0 0)
(4.98177e-05 1.06027e-08 0 1.69394e-11 0 0)
(5.02805e-05 -1.72212e-08 0 8.6524e-11 0 0)
(5.01613e-05 5.18122e-08 0 1.55306e-10 0 0)
(4.98088e-05 3.11107e-08 0 1.97684e-11 0 0)
(5.33045e-05 9.84442e-09 0 2.02116e-11 0 0)
(5.38175e-05 -1.74115e-08 0 9.15721e-11 0 0)
(5.36743e-05 5.57239e-08 0 1.62912e-10 0 0)
(5.3299e-05 3.417e-08 0 2.19276e-11 0 0)
(5.72319e-05 8.48237e-09 0 1.99568e-11 0 0)
(5.77938e-05 -2.14793e-08 0 9.41364e-11 0 0)
(5.76337e-05 5.96361e-08 0 1.63754e-10 0 0)
(5.7243e-05 3.52137e-08 0 2.16708e-11 0 0)
(6.16224e-05 6.76346e-09 0 2.42757e-11 0 0)
(6.22282e-05 -2.20296e-08 0 9.30148e-11 0 0)
(6.20489e-05 6.39968e-08 0 1.72253e-10 0 0)
(6.16263e-05 3.73779e-08 0 2.27839e-11 0 0)
(6.6479e-05 5.0151e-09 0 2.42119e-11 0 0)
(6.7129e-05 -2.68712e-08 0 1.04896e-10 0 0)
(6.69422e-05 6.91155e-08 0 1.74278e-10 0 0)
(6.64986e-05 3.92419e-08 0 2.32755e-11 0 0)
(7.18162e-05 1.04121e-09 0 2.79532e-11 0 0)
(7.24985e-05 -2.7586e-08 0 8.93984e-11 0 0)
(7.23104e-05 7.12659e-08 0 1.71289e-10 0 0)
(7.18218e-05 3.51485e-08 0 1.73808e-11 0 0)
(7.76102e-05 2.45482e-09 0 3.42397e-11 0 0)
(7.8325e-05 -3.38148e-08 0 1.18675e-10 0 0)
(7.81514e-05 8.42486e-08 0 2.00638e-10 0 0)
(7.76302e-05 5.33386e-08 0 3.87178e-11 0 0)
(8.38677e-05 -4.57932e-09 0 3.92034e-11 0 0)
(8.45822e-05 -3.40742e-08 0 9.17633e-11 0 0)
(8.4458e-05 8.62077e-08 0 1.9492e-10 0 0)
(8.38784e-05 4.49904e-08 0 2.5916e-11 0 0)
(9.05132e-05 -8.09122e-09 0 3.91752e-11 0 0)
(9.12408e-05 -4.04193e-08 0 1.20909e-10 0 0)
(9.11854e-05 8.5717e-08 0 1.69869e-10 0 0)
(9.05622e-05 3.6548e-08 0 1.48337e-11 0 0)
(9.77425e-05 -3.04838e-09 0 6.03382e-11 0 0)
(9.84153e-05 -4.48679e-08 0 1.03122e-10 0 0)
(9.84682e-05 9.79702e-08 0 1.99099e-10 0 0)
(9.78501e-05 5.41427e-08 0 3.16529e-11 0 0)
(0.000111636 -6.68752e-08 0 3.70425e-10 0 0)
(0.000112048 8.8286e-08 0 7.33395e-11 0 0)
(0.000112361 -1.17147e-08 0 4.14806e-11 0 0)
(0.000111475 -1.07116e-07 0 1.09362e-10 0 0)
(0.000173331 -6.09081e-08 0 1.57144e-10 0 0)
(0.000167328 1.72679e-07 0 1.89132e-10 0 0)
(0.00017129 -1.83761e-09 0 3.83517e-11 0 0)
(0.000182669 -1.07939e-07 0 6.4715e-11 0 0)
(0.000279447 1.04662e-08 0 1.32639e-10 0 0)
(0.000274123 1.40845e-08 0 4.92413e-12 0 0)
(0.000278649 -1.77394e-07 0 2.24937e-10 0 0)
(0.000289151 -2.59245e-07 0 3.17402e-10 0 0)
(0.000407808 -1.25763e-07 0 1.57981e-10 0 0)
(0.00040366 2.80944e-07 0 2.37681e-10 0 0)
(0.000408525 -1.68844e-07 0 1.81568e-10 0 0)
(0.000417154 -1.74994e-07 0 7.7296e-11 0 0)
(0.00055472 1.24841e-07 0 4.61511e-11 0 0)
(0.000552698 1.21167e-07 0 6.56892e-11 0 0)
(0.000557222 -3.24251e-07 0 3.18933e-10 0 0)
(0.000563705 -3.09514e-07 0 2.96637e-10 0 0)
(0.000717164 -1.02439e-07 0 4.71243e-11 0 0)
(0.000716726 2.21215e-07 0 7.42324e-11 0 0)
(0.000720892 -4.10529e-07 0 5.34393e-10 0 0)
(0.000724999 -3.31204e-07 0 2.08136e-10 0 0)
(0.00088994 1.53815e-07 0 2.94647e-11 0 0)
(0.00089177 1.63345e-07 0 8.8544e-11 0 0)
(0.00089475 -4.50329e-07 0 4.16188e-10 0 0)
(0.000897035 -3.28607e-07 0 2.57218e-10 0 0)
(0.00106983 -6.39118e-08 0 8.01713e-12 0 0)
(0.00107266 2.27457e-07 0 5.32794e-11 0 0)
(0.00107479 -5.40731e-07 0 6.42353e-10 0 0)
(0.00107563 -3.92942e-07 0 2.42634e-10 0 0)
(0.0012515 1.35743e-07 0 1.58574e-11 0 0)
(0.00125573 1.39125e-07 0 4.63559e-11 0 0)
(0.00125653 -5.66755e-07 0 5.168e-10 0 0)
(0.00125656 -3.73999e-07 0 2.43671e-10 0 0)
(0.00143184 -7.15633e-08 0 4.26318e-12 0 0)
(0.00143633 2.01674e-07 0 3.11888e-11 0 0)
(0.00143658 -6.40041e-07 0 6.68649e-10 0 0)
(0.00143597 -4.18913e-07 0 2.30595e-10 0 0)
(0.00160639 1.01989e-07 0 7.96494e-12 0 0)
(0.00161139 8.71781e-08 0 1.83673e-11 0 0)
(0.0016105 -6.65149e-07 0 5.82899e-10 0 0)
(0.00160968 -4.26496e-07 0 2.26056e-10 0 0)
(0.00177289 -6.6697e-08 0 2.91871e-12 0 0)
(0.00177775 2.25677e-07 0 3.11792e-11 0 0)
(0.00177629 -6.27428e-07 0 5.39134e-10 0 0)
(0.00177501 -2.86142e-07 0 1.05708e-10 0 0)
(0.00192808 -3.09761e-08 0 9.22048e-12 0 0)
(0.00193301 8.31946e-08 0 6.63924e-12 0 0)
(0.00193094 -7.34003e-07 0 6.10202e-10 0 0)
(0.00192942 -5.52105e-07 0 2.80001e-10 0 0)
(0.00207132 -5.27743e-08 0 2.93774e-12 0 0)
(0.0020755 1.59237e-07 0 1.55354e-11 0 0)
(0.00207352 -6.35786e-07 0 4.53235e-10 0 0)
(0.00207175 -2.08206e-07 0 6.07546e-11 0 0)
(0.00220129 -1.27077e-07 0 1.91911e-11 0 0)
(0.00220465 1.75371e-07 0 1.48118e-11 0 0)
(0.00220245 -6.98466e-07 0 5.03651e-10 0 0)
(0.00220036 -4.39964e-07 0 1.60834e-10 0 0)
(0.00231719 -8.77923e-08 0 1.46097e-11 0 0)
(0.00231907 4.35235e-10 0 1.64836e-12 0 0)
(0.00231767 -7.91396e-07 0 5.55264e-10 0 0)
(0.00231586 -4.51897e-07 0 1.7378e-10 0 0)
(0.00242012 -9.82068e-08 0 7.51327e-12 0 0)
(0.00242036 1.80175e-07 0 1.48706e-11 0 0)
(0.0024196 -6.65305e-07 0 3.93452e-10 0 0)
(0.00241793 -1.28056e-07 0 2.36063e-11 0 0)
(0.00250955 -5.89641e-08 0 2.0042e-11 0 0)
(0.00250866 4.5214e-08 0 2.92554e-12 0 0)
(0.00250872 -7.64014e-07 0 4.81868e-10 0 0)
(0.00250716 -4.82729e-07 0 1.80192e-10 0 0)
(0.00258714 -1.22796e-07 0 9.77515e-12 0 0)
(0.00258477 1.56912e-07 0 1.03439e-11 0 0)
(0.00258567 -7.29296e-07 0 3.94926e-10 0 0)
(0.0025842 -1.51191e-07 0 2.74437e-11 0 0)
(0.00265292 5.87502e-09 0 1.53356e-11 0 0)
(0.00264953 1.04005e-07 0 8.31383e-12 0 0)
(0.00265115 -6.86403e-07 0 3.52089e-10 0 0)
(0.00264975 -2.81496e-07 0 7.33363e-11 0 0)
(0.0027081 -1.16414e-07 0 1.21694e-11 0 0)
(0.00270397 1.74154e-07 0 1.16854e-11 0 0)
(0.00270627 -7.74912e-07 0 3.95604e-10 0 0)
(0.00270497 -2.47588e-07 0 5.05548e-11 0 0)
(0.00275386 2.18045e-08 0 1.37685e-11 0 0)
(0.00274917 9.51374e-08 0 7.02887e-12 0 0)
(0.00275188 -7.36545e-07 0 3.42396e-10 0 0)
(0.00275065 -2.04562e-07 0 4.02015e-11 0 0)
(0.00279131 -4.38561e-08 0 9.28978e-12 0 0)
(0.00278628 1.6709e-07 0 1.11019e-11 0 0)
(0.0027891 -7.78272e-07 0 3.58485e-10 0 0)
(0.00278795 -1.92585e-07 0 3.10463e-11 0 0)
(0.00282159 1.26663e-08 0 1.25942e-11 0 0)
(0.00281624 1.28802e-07 0 8.59579e-12 0 0)
(0.00281902 -7.703e-07 0 3.30021e-10 0 0)
(0.00281789 -1.77174e-07 0 2.5777e-11 0 0)
(0.0028456 8.09049e-09 0 1.41685e-11 0 0)
(0.00284011 1.61674e-07 0 1.0709e-11 0 0)
(0.00284238 -7.92379e-07 0 3.34128e-10 0 0)
(0.00284138 -1.76684e-07 0 2.1004e-11 0 0)
(0.00286421 1.26015e-08 0 1.31705e-11 0 0)
(0.00285861 1.68544e-07 0 1.10643e-11 0 0)
(0.00286049 -7.81969e-07 0 3.10607e-10 0 0)
(0.00285953 -1.65391e-07 0 1.65905e-11 0 0)
(0.0028781 4.5903e-08 0 1.45733e-11 0 0)
(0.00287254 1.87193e-07 0 1.5585e-11 0 0)
(0.00287365 -8.02546e-07 0 3.10099e-10 0 0)
(0.00287288 -1.70771e-07 0 1.60529e-11 0 0)
(0.00288783 3.41358e-08 0 2.05755e-11 0 0)
(0.00288241 1.77906e-07 0 1.26056e-11 0 0)
(0.00288312 -8.02422e-07 0 2.98372e-10 0 0)
(0.00288212 -1.73528e-07 0 1.30625e-11 0 0)
(0.00289383 6.60601e-08 0 1.83782e-11 0 0)
(0.00288865 2.31569e-07 0 2.06219e-11 0 0)
(0.00288878 -7.95851e-07 0 2.87531e-10 0 0)
(0.00288715 -1.74692e-07 0 1.38422e-11 0 0)
(0.00289625 6.43718e-08 0 1.80159e-11 0 0)
(0.00289163 2.06814e-07 0 2.05318e-11 0 0)
(0.0028917 -7.96073e-07 0 2.60982e-10 0 0)
(0.00288921 -1.54921e-07 0 9.32159e-12 0 0)
(0.0028954 6.28192e-08 0 2.6329e-11 0 0)
(0.00289136 2.44133e-07 0 2.17559e-11 0 0)
(0.00289138 -7.61477e-07 0 2.39336e-10 0 0)
(0.00288811 -1.70254e-07 0 1.10946e-11 0 0)
(0.00289111 7.83561e-08 0 1.55165e-11 0 0)
(0.00288813 2.79963e-07 0 3.09808e-11 0 0)
(0.00288825 -7.40426e-07 0 2.111e-10 0 0)
(0.00288369 -1.33365e-07 0 7.46726e-12 0 0)
(0.00288339 5.5581e-08 0 2.13058e-11 0 0)
(0.00288159 2.47965e-07 0 2.67269e-11 0 0)
(0.00288143 -7.25619e-07 0 1.96979e-10 0 0)
(0.0028756 -1.24348e-07 0 5.78312e-12 0 0)
(0.00287195 8.71572e-08 0 2.35371e-11 0 0)
(0.00287069 2.84129e-07 0 3.0718e-11 0 0)
(0.00287043 -6.91103e-07 0 1.78492e-10 0 0)
(0.00286372 -1.11288e-07 0 5.32152e-12 0 0)
(0.00285584 4.64504e-08 0 1.68691e-11 0 0)
(0.00285495 2.68942e-07 0 3.2551e-11 0 0)
(0.00285418 -6.6601e-07 0 1.63296e-10 0 0)
(0.0028474 -8.46249e-08 0 2.96765e-12 0 0)
(0.0028344 7.89141e-08 0 2.069e-11 0 0)
(0.0028337 2.6067e-07 0 3.00304e-11 0 0)
(0.00283251 -6.31478e-07 0 1.46741e-10 0 0)
(0.00282608 -7.69e-08 0 3.01337e-12 0 0)
(0.00280598 3.47209e-08 0 1.43333e-11 0 0)
(0.00280621 2.83677e-07 0 3.72199e-11 0 0)
(0.00280493 -5.86237e-07 0 1.289e-10 0 0)
(0.00279869 -6.72498e-08 0 2.80082e-12 0 0)
(0.00276941 5.05713e-08 0 1.26449e-11 0 0)
(0.00277091 2.66033e-07 0 3.52428e-11 0 0)
(0.00277029 -5.5877e-07 0 1.18372e-10 0 0)
(0.00276426 -5.62059e-08 0 3.26446e-12 0 0)
(0.00272559 2.52936e-08 0 1.05072e-11 0 0)
(0.00272815 2.61775e-07 0 3.78599e-11 0 0)
(0.00272783 -5.2028e-07 0 1.05824e-10 0 0)
(0.00272184 -5.18183e-08 0 3.97481e-12 0 0)
(0.00267291 2.6015e-08 0 7.14562e-12 0 0)
(0.00267609 2.42809e-07 0 3.53212e-11 0 0)
(0.00267597 -4.93678e-07 0 9.80116e-11 0 0)
(0.00267017 -4.41512e-08 0 5.13498e-12 0 0)
(0.00261032 1.6899e-08 0 7.08659e-12 0 0)
(0.00261397 2.2362e-07 0 3.5173e-11 0 0)
(0.00261397 -4.55558e-07 0 8.78051e-11 0 0)
(0.00260818 -4.03075e-08 0 6.57464e-12 0 0)
(0.00253616 1.17837e-08 0 4.11299e-12 0 0)
(0.00253997 2.00746e-07 0 3.2524e-11 0 0)
(0.00253996 -4.32942e-07 0 8.24731e-11 0 0)
(0.0025344 -3.74589e-08 0 8.15484e-12 0 0)
(0.00244947 1.32536e-08 0 5.19431e-12 0 0)
(0.00245327 1.7124e-07 0 2.99346e-11 0 0)
(0.00245333 -3.9425e-07 0 7.39561e-11 0 0)
(0.00244785 -4.45073e-08 0 1.11446e-11 0 0)
(0.00234879 1.51947e-08 0 2.90468e-12 0 0)
(0.00235247 1.51377e-07 0 2.62941e-11 0 0)
(0.00235241 -3.69313e-07 0 6.82628e-11 0 0)
(0.00234723 -3.07816e-08 0 1.04542e-11 0 0)
(0.00223369 2.25046e-08 0 2.16258e-12 0 0)
(0.00223701 1.35218e-07 0 2.71709e-11 0 0)
(0.00223701 -3.34338e-07 0 6.06064e-11 0 0)
(0.00223197 -2.93538e-08 0 1.1496e-11 0 0)
(0.00210339 3.5872e-08 0 1.73023e-12 0 0)
(0.00210621 1.19553e-07 0 2.41205e-11 0 0)
(0.00210601 -2.99573e-07 0 5.33099e-11 0 0)
(0.00210146 -2.8145e-08 0 1.18416e-11 0 0)
(0.00195805 3.75551e-08 0 1.14137e-12 0 0)
(0.00196074 1.08209e-07 0 2.35751e-11 0 0)
(0.0019606 -2.73504e-07 0 4.76083e-11 0 0)
(0.001956 -1.9919e-08 0 9.81922e-12 0 0)
(0.00179843 5.27561e-08 0 1.94489e-12 0 0)
(0.00180074 8.88842e-08 0 2.12817e-11 0 0)
(0.00180035 -2.35606e-07 0 4.02028e-11 0 0)
(0.00179618 -2.8645e-08 0 1.12269e-11 0 0)
(0.00162592 4.73929e-08 0 1.75661e-12 0 0)
(0.00162805 7.30222e-08 0 1.71083e-11 0 0)
(0.00162776 -2.12313e-07 0 3.55557e-11 0 0)
(0.00162365 -2.72292e-08 0 9.78642e-12 0 0)
(0.00144304 5.66669e-08 0 2.74945e-12 0 0)
(0.00144502 5.68739e-08 0 1.43601e-11 0 0)
(0.00144444 -1.75834e-07 0 2.84278e-11 0 0)
(0.00144063 -2.25646e-08 0 9.06837e-12 0 0)
(0.00125258 5.12492e-08 0 2.36341e-12 0 0)
(0.00125441 4.90418e-08 0 1.22758e-11 0 0)
(0.00125377 -1.50169e-07 0 2.33157e-11 0 0)
(0.00125033 -2.02699e-08 0 7.43196e-12 0 0)
(0.00105857 5.19379e-08 0 2.8631e-12 0 0)
(0.00106057 3.80615e-08 0 9.46238e-12 0 0)
(0.0010595 -1.17222e-07 0 1.73583e-11 0 0)
(0.00105653 -1.68311e-08 0 5.89189e-12 0 0)
(0.000865837 4.21431e-08 0 2.23203e-12 0 0)
(0.000867766 3.02924e-08 0 7.14634e-12 0 0)
(0.000866699 -9.27273e-08 0 1.30567e-11 0 0)
(0.000864286 -1.52958e-08 0 4.06379e-12 0 0)
(0.00067969 3.50681e-08 0 1.97162e-12 0 0)
(0.000681691 2.24585e-08 0 4.80241e-12 0 0)
(0.000680343 -6.65731e-08 0 8.67036e-12 0 0)
(0.000678339 -1.2568e-08 0 2.64349e-12 0 0)
(0.00050584 2.40431e-08 0 1.26982e-12 0 0)
(0.000507599 1.62575e-08 0 3.07613e-12 0 0)
(0.00050642 -4.5727e-08 0 5.47256e-12 0 0)
(0.000504801 -1.05295e-08 0 1.46493e-12 0 0)
(0.000349869 1.54293e-08 0 7.77178e-13 0 0)
(0.000351404 1.06274e-08 0 1.72199e-12 0 0)
(0.00035041 -2.73726e-08 0 2.85833e-12 0 0)
(0.000349134 -7.48257e-09 0 7.37771e-13 0 0)
(0.000217357 7.8934e-09 0 3.60524e-13 0 0)
(0.000218442 5.94061e-09 0 8.54096e-13 0 0)
(0.000217776 -1.44181e-08 0 1.29415e-12 0 0)
(0.000216899 -4.80793e-09 0 3.15395e-13 0 0)
(0.000113156 3.21344e-09 0 1.27615e-13 0 0)
(0.000113821 2.72098e-09 0 3.16943e-13 0 0)
(0.000113434 -5.77277e-09 0 4.12587e-13 0 0)
(0.000112922 -2.46792e-09 0 1.11227e-13 0 0)
(4.13296e-05 8.63705e-10 0 2.9793e-14 0 0)
(4.16048e-05 7.24765e-10 0 5.8102e-14 0 0)
(4.14551e-05 -1.49465e-09 0 8.66707e-14 0 0)
(4.12332e-05 -1.00862e-09 0 3.8269e-14 0 0)
(4.64639e-06 1.22432e-11 0 1.16838e-15 0 0)
(4.68533e-06 5.77833e-11 0 4.11249e-15 0 0)
(4.66627e-06 -6.43163e-11 0 1.48248e-15 0 0)
(4.6304e-06 -4.54913e-11 0 4.63423e-16 0 0)
(0.000111147 -1.43923e-08 0 4.72963e-11 0 0)
(0.000111826 -4.86822e-08 0 1.114e-10 0 0)
(0.000111977 9.80443e-08 0 1.7188e-10 0 0)
(0.000111438 3.93398e-08 0 1.4386e-11 0 0)
(0.000174552 -2.60028e-08 0 3.54471e-11 0 0)
(0.000175753 -5.92299e-08 0 1.44556e-10 0 0)
(0.00017326 1.19897e-07 0 1.77188e-10 0 0)
(0.000173118 5.25056e-08 0 2.39657e-11 0 0)
(0.000281401 4.45008e-08 0 3.59956e-11 0 0)
(0.000282146 -8.03373e-08 0 6.41686e-11 0 0)
(0.000280868 2.32719e-07 0 4.13773e-10 0 0)
(0.000280546 1.97711e-07 0 1.63718e-10 0 0)
(0.000410541 5.01958e-08 0 1.5104e-11 0 0)
(0.000410546 -9.65121e-08 0 1.84953e-10 0 0)
(0.000410518 1.79544e-07 0 1.97848e-10 0 0)
(0.000409863 5.41079e-08 0 1.77153e-11 0 0)
(0.000558094 9.34398e-08 0 1.58596e-11 0 0)
(0.000557813 -7.65214e-08 0 4.04413e-11 0 0)
(0.00055879 2.42912e-07 0 3.52931e-10 0 0)
(0.00055753 1.26716e-07 0 2.94894e-11 0 0)
(0.000720588 1.52167e-07 0 5.12379e-11 0 0)
(0.000719917 -1.53013e-07 0 2.40401e-10 0 0)
(0.000721507 3.19988e-07 0 3.51719e-10 0 0)
(0.00072006 2.79949e-07 0 1.1159e-10 0 0)
(0.000893364 1.63452e-07 0 3.43147e-11 0 0)
(0.000892678 -9.23486e-08 0 6.00328e-11 0 0)
(0.000894698 2.71357e-07 0 3.40369e-10 0 0)
(0.000892686 1.5814e-07 0 3.1472e-11 0 0)
(0.00107242 2.13112e-07 0 6.76411e-11 0 0)
(0.00107175 -1.92844e-07 0 2.25678e-10 0 0)
(0.001074 3.65203e-07 0 3.30338e-10 0 0)
(0.00107171 3.34552e-07 0 1.09942e-10 0 0)
(0.00125328 2.35335e-07 0 4.69872e-11 0 0)
(0.00125258 -1.22991e-07 0 9.96541e-11 0 0)
(0.00125542 3.35366e-07 0 3.42435e-10 0 0)
(0.00125284 2.76474e-07 0 7.43246e-11 0 0)
(0.00143229 2.66967e-07 0 7.02822e-11 0 0)
(0.00143188 -2.30151e-07 0 1.81241e-10 0 0)
(0.00143495 3.96114e-07 0 3.04936e-10 0 0)
(0.00143202 3.73941e-07 0 1.07604e-10 0 0)
(0.0016056 3.06226e-07 0 6.04002e-11 0 0)
(0.00160554 -1.71125e-07 0 1.17615e-10 0 0)
(0.00160915 3.88283e-07 0 3.15679e-10 0 0)
(0.00160587 3.98823e-07 0 1.24164e-10 0 0)
(0.00177074 3.82687e-07 0 8.75748e-11 0 0)
(0.00177127 -2.23389e-07 0 1.5511e-10 0 0)
(0.00177504 4.32166e-07 0 3.03328e-10 0 0)
(0.00177141 4.29347e-07 0 1.20605e-10 0 0)
(0.00192504 2.71928e-07 0 4.42004e-11 0 0)
(0.00192597 -2.84127e-07 0 1.3385e-10 0 0)
(0.00193017 3.87623e-07 0 2.67562e-10 0 0)
(0.00192641 3.71792e-07 0 8.2689e-11 0 0)
(0.00206738 4.92413e-07 0 1.18302e-10 0 0)
(0.00206888 -2.45341e-07 0 1.29184e-10 0 0)
(0.00207316 4.67774e-07 0 2.93065e-10 0 0)
(0.00206949 5.27574e-07 0 1.63219e-10 0 0)
(0.0021963 3.13801e-07 0 4.85144e-11 0 0)
(0.00219808 -3.28681e-07 0 1.52336e-10 0 0)
(0.00220268 3.99538e-07 0 2.54167e-10 0 0)
(0.00219983 3.69003e-07 0 6.7676e-11 0 0)
(0.00231191 4.12033e-07 0 7.87156e-11 0 0)
(0.00231417 -3.78681e-07 0 1.22494e-10 0 0)
(0.00231911 4.49613e-07 0 2.47229e-10 0 0)
(0.00231675 5.22299e-07 0 1.45227e-10 0 0)
(0.00241376 5.51986e-07 0 1.26571e-10 0 0)
(0.00241615 -2.96824e-07 0 1.35778e-10 0 0)
(0.00242197 4.6681e-07 0 2.60538e-10 0 0)
(0.00242098 6.3591e-07 0 2.02994e-10 0 0)
(0.00250291 3.56799e-07 0 5.45265e-11 0 0)
(0.0025057 -4.63024e-07 0 1.44369e-10 0 0)
(0.00251139 3.89816e-07 0 1.99188e-10 0 0)
(0.00251097 4.49088e-07 0 9.65331e-11 0 0)
(0.00257949 5.6506e-07 0 1.26977e-10 0 0)
(0.002582 -4.06949e-07 0 1.27626e-10 0 0)
(0.0025872 4.16393e-07 0 1.97018e-10 0 0)
(0.00258846 6.558e-07 0 2.00559e-10 0 0)
(0.00264525 4.58331e-07 0 7.96561e-11 0 0)
(0.00264736 -4.76068e-07 0 1.44358e-10 0 0)
(0.00265089 3.59621e-07 0 1.6565e-10 0 0)
(0.00265349 5.13167e-07 0 1.20302e-10 0 0)
(0.00270038 4.8613e-07 0 9.41979e-11 0 0)
(0.00270157 -5.12491e-07 0 1.3543e-10 0 0)
(0.00270336 3.2299e-07 0 1.3197e-10 0 0)
(0.00270742 5.17383e-07 0 1.15657e-10 0 0)
(0.00274713 5.27885e-07 0 1.01442e-10 0 0)
(0.0027473 -4.85207e-07 0 1.30921e-10 0 0)
(0.0027466 3.2261e-07 0 1.2605e-10 0 0)
(0.00275209 5.34993e-07 0 1.31458e-10 0 0)
(0.00278548 5.41856e-07 0 1.07992e-10 0 0)
(0.00278492 -4.96295e-07 0 1.13473e-10 0 0)
(0.00278238 2.86288e-07 0 9.64604e-11 0 0)
(0.00278878 4.93341e-07 0 1.06826e-10 0 0)
(0.00281693 5.48819e-07 0 1.06977e-10 0 0)
(0.00281617 -4.65236e-07 0 1.09851e-10 0 0)
(0.00281167 2.79914e-07 0 9.02359e-11 0 0)
(0.00281854 4.49892e-07 0 9.40225e-11 0 0)
(0.00284134 5.64646e-07 0 1.12576e-10 0 0)
(0.00284007 -4.46169e-07 0 8.60669e-11 0 0)
(0.00283491 2.60334e-07 0 6.84402e-11 0 0)
(0.00284225 4.16356e-07 0 8.00087e-11 0 0)
(0.00286053 5.49789e-07 0 1.0672e-10 0 0)
(0.00285923 -4.07905e-07 0 8.25381e-11 0 0)
(0.00285322 2.55011e-07 0 6.27677e-11 0 0)
(0.0028607 3.58e-07 0 6.09419e-11 0 0)
(0.0028744 5.96469e-07 0 1.23795e-10 0 0)
(0.0028726 -3.74958e-07 0 5.80771e-11 0 0)
(0.00286682 2.43496e-07 0 5.64656e-11 0 0)
(0.00287455 3.37599e-07 0 6.48995e-11 0 0)
(0.00288375 5.34501e-07 0 1.00716e-10 0 0)
(0.00288213 -3.37426e-07 0 5.11799e-11 0 0)
(0.00287664 2.19165e-07 0 3.10809e-11 0 0)
(0.00288433 2.5583e-07 0 3.31451e-11 0 0)
(0.00288841 5.89648e-07 0 1.20917e-10 0 0)
(0.00288699 -3.02166e-07 0 4.09645e-11 0 0)
(0.00288255 2.27784e-07 0 4.84989e-11 0 0)
(0.00289044 2.52767e-07 0 4.71891e-11 0 0)
(0.00289023 5.76588e-07 0 1.15394e-10 0 0)
(0.00288925 -2.7925e-07 0 2.99197e-11 0 0)
(0.00288522 1.76122e-07 0 1.69011e-11 0 0)
(0.00289305 1.76527e-07 0 2.4323e-11 0 0)
(0.00288875 5.44318e-07 0 1.04488e-10 0 0)
(0.00288774 -2.6598e-07 0 3.0457e-11 0 0)
(0.00288437 1.66665e-07 0 1.90502e-11 0 0)
(0.00289239 1.15216e-07 0 1.24123e-11 0 0)
(0.00288487 6.0966e-07 0 1.29111e-10 0 0)
(0.00288425 -2.41652e-07 0 2.42874e-11 0 0)
(0.00288037 1.53933e-07 0 2.26151e-11 0 0)
(0.00288826 1.01143e-07 0 2.06701e-11 0 0)
(0.00287732 5.51264e-07 0 1.05646e-10 0 0)
(0.00287667 -2.19275e-07 0 1.86044e-11 0 0)
(0.00287273 1.02859e-07 0 5.03652e-12 0 0)
(0.00288069 1.57761e-08 0 4.14132e-12 0 0)
(0.00286672 5.6895e-07 0 1.12981e-10 0 0)
(0.00286653 -1.97542e-07 0 1.79484e-11 0 0)
(0.00286136 1.13257e-07 0 1.52473e-11 0 0)
(0.00286921 -9.65128e-10 0 9.87354e-12 0 0)
(0.00285099 5.5267e-07 0 1.07397e-10 0 0)
(0.00285094 -1.59174e-07 0 1.19383e-11 0 0)
(0.00284564 8.25077e-08 0 4.62435e-12 0 0)
(0.00285306 -4.75872e-08 0 5.75499e-12 0 0)
(0.00283008 5.26878e-07 0 9.82486e-11 0 0)
(0.0028305 -1.40726e-07 0 9.64253e-12 0 0)
(0.00282488 7.1326e-08 0 4.7677e-12 0 0)
(0.00283134 -9.65178e-08 0 6.91073e-12 0 0)
(0.00280297 5.08431e-07 0 9.24324e-11 0 0)
(0.00280352 -1.13489e-07 0 9.69889e-12 0 0)
(0.00279831 7.0237e-08 0 4.36114e-12 0 0)
(0.00280361 -1.2867e-07 0 7.75849e-12 0 0)
(0.00276888 4.81878e-07 0 8.4184e-11 0 0)
(0.00276978 -9.14212e-08 0 7.32454e-12 0 0)
(0.00276476 6.35339e-08 0 3.84237e-12 0 0)
(0.00276829 -1.57724e-07 0 1.01515e-11 0 0)
(0.00272673 4.57255e-07 0 7.70355e-11 0 0)
(0.00272768 -7.26374e-08 0 7.99815e-12 0 0)
(0.00272331 6.98876e-08 0 4.05194e-12 0 0)
(0.00272577 -1.68887e-07 0 1.08758e-11 0 0)
(0.0026753 4.24915e-07 0 6.7966e-11 0 0)
(0.00267648 -5.44188e-08 0 7.37144e-12 0 0)
(0.00267233 6.98312e-08 0 4.57038e-12 0 0)
(0.0026738 -1.77116e-07 0 1.19244e-11 0 0)
(0.00261345 3.97107e-07 0 6.07868e-11 0 0)
(0.00261458 -4.11231e-08 0 8.7132e-12 0 0)
(0.00261135 7.97408e-08 0 5.54484e-12 0 0)
(0.00261243 -1.71229e-07 0 1.12339e-11 0 0)
(0.00253972 3.60594e-07 0 5.18375e-11 0 0)
(0.00254096 -3.00706e-08 0 8.30068e-12 0 0)
(0.00253852 7.60972e-08 0 5.53249e-12 0 0)
(0.00253911 -1.67144e-07 0 1.10137e-11 0 0)
(0.00245321 3.27074e-07 0 4.44369e-11 0 0)
(0.00245437 -3.18567e-08 0 9.1028e-12 0 0)
(0.00245304 8.03143e-08 0 6.0723e-12 0 0)
(0.00245366 -1.51899e-07 0 9.45105e-12 0 0)
(0.00235253 2.9978e-07 0 3.87574e-11 0 0)
(0.00235355 -2.55426e-08 0 8.72896e-12 0 0)
(0.00235281 6.97609e-08 0 5.77863e-12 0 0)
(0.00235338 -1.18405e-07 0 6.02127e-12 0 0)
(0.00223729 2.66717e-07 0 3.24881e-11 0 0)
(0.00223875 -1.85579e-08 0 8.59629e-12 0 0)
(0.00223804 7.20809e-08 0 6.06411e-12 0 0)
(0.00223843 -1.09453e-07 0 5.44597e-12 0 0)
(0.00210678 2.28711e-07 0 2.52386e-11 0 0)
(0.00210847 -2.05896e-08 0 8.13749e-12 0 0)
(0.00210825 6.47416e-08 0 5.71754e-12 0 0)
(0.00210841 -9.02259e-08 0 4.0366e-12 0 0)
(0.00196105 1.93162e-07 0 1.92844e-11 0 0)
(0.00196368 -1.63548e-08 0 7.48097e-12 0 0)
(0.0019627 6.1792e-08 0 5.37921e-12 0 0)
(0.00196213 -6.50706e-08 0 2.39814e-12 0 0)
(0.00180078 1.5219e-07 0 1.32318e-11 0 0)
(0.00180264 -2.35125e-08 0 6.58386e-12 0 0)
(0.00180255 6.3215e-08 0 4.94083e-12 0 0)
(0.00180265 -5.86512e-08 0 2.17534e-12 0 0)
(0.00162764 1.16331e-07 0 8.57107e-12 0 0)
(0.00162995 -3.10689e-08 0 5.78869e-12 0 0)
(0.00162923 5.07539e-08 0 3.81356e-12 0 0)
(0.001629 -3.30022e-08 0 8.99919e-13 0 0)
(0.00144437 9.27528e-08 0 6.227e-12 0 0)
(0.00144532 -3.14835e-08 0 5.1282e-12 0 0)
(0.00144519 5.05043e-08 0 3.91461e-12 0 0)
(0.00144614 -1.67662e-08 0 3.08175e-13 0 0)
(0.00125374 6.58344e-08 0 3.724e-12 0 0)
(0.00125473 -2.90701e-08 0 4.21021e-12 0 0)
(0.00125401 3.79538e-08 0 3.01479e-12 0 0)
(0.00125466 -1.10996e-08 0 2.28666e-13 0 0)
(0.00105955 4.63432e-08 0 2.28316e-12 0 0)
(0.00105965 -2.54711e-08 0 3.37876e-12 0 0)
(0.00105941 3.35372e-08 0 2.72018e-12 0 0)
(0.00106029 -5.75032e-09 0 1.24451e-13 0 0)
(0.000866742 3.04981e-08 0 1.35391e-12 0 0)
(0.000866946 -1.98345e-08 0 2.31281e-12 0 0)
(0.000866512 2.47001e-08 0 1.96662e-12 0 0)
(0.000866802 -2.68867e-09 0 7.90097e-14 0 0)
(0.000680386 1.82212e-08 0 7.61587e-13 0 0)
(0.0006802 -1.52785e-08 0 1.60626e-12 0 0)
(0.000680131 2.12801e-08 0 1.69161e-12 0 0)
(0.000680331 -7.76455e-10 0 3.92227e-14 0 0)
(0.00050634 9.68442e-09 0 4.20544e-13 0 0)
(0.000506188 -1.04907e-08 0 8.94058e-13 0 0)
(0.000506106 1.52831e-08 0 1.13946e-12 0 0)
(0.000506141 4.74499e-10 0 2.21396e-14 0 0)
(0.000350194 3.90632e-09 0 2.30474e-13 0 0)
(0.000349922 -7.01395e-09 0 4.93319e-13 0 0)
(0.000350032 1.16218e-08 0 8.38046e-13 0 0)
(0.000350063 8.31293e-10 0 7.44943e-15 0 0)
(0.000217561 1.05562e-09 0 1.24453e-13 0 0)
(0.000217336 -3.86765e-09 0 1.90686e-13 0 0)
(0.000217437 7.01843e-09 0 4.50531e-13 0 0)
(0.000217469 9.61339e-10 0 4.61585e-15 0 0)
(0.000113256 -2.62011e-10 0 6.76507e-14 0 0)
(0.000113081 -1.91778e-09 0 6.76631e-14 0 0)
(0.00011321 3.799e-09 0 2.2413e-13 0 0)
(0.00011324 7.87111e-10 0 7.92071e-15 0 0)
(4.13359e-05 -3.96221e-10 0 1.98719e-14 0 0)
(4.12418e-05 -6.44599e-10 0 1.41054e-14 0 0)
(4.13101e-05 1.31143e-09 0 7.08139e-14 0 0)
(4.13545e-05 6.23455e-10 0 1.52058e-14 0 0)
(4.63112e-06 -3.60304e-11 0 2.62575e-15 0 0)
(4.61049e-06 -4.48857e-11 0 4.65167e-16 0 0)
(4.62442e-06 1.0953e-10 0 3.08728e-15 0 0)
(4.64244e-06 1.47195e-11 0 1.07608e-15 0 0)
)
;

boundaryField
{
    topWall
    {
        type            calculated;
        value           uniform (0 0 0 0 0 0);
    }
    botWall
    {
        type            calculated;
        value           uniform (0 0 0 0 0 0);
    }
    inlet
    {
        type            cyclic;
    }
    outlet
    {
        type            cyclic;
    }
    fixWall
    {
        type            empty;
    }
}


// ************************************************************************* //
