/*--------------------------------*- C++ -*----------------------------------*\
  =========                 |
  \\      /  F ield         | OpenFOAM: The Open Source CFD Toolbox
   \\    /   O peration     | Website:  https://openfoam.org
    \\  /    A nd           | Version:  dev
     \\/     M anipulation  |

   OpenFOAM for Windows 20.09 (v1)
   Built by CFD Support, www.cfdsupport.com (based on Symscape).
\*---------------------------------------------------------------------------*/
FoamFile
{
    version     2.0;
    format      ascii;
    class       volSymmTensorField;
    location    "2";
    object      devReff;
}
// * * * * * * * * * * * * * * * * * * * * * * * * * * * * * * * * * * * * * //

dimensions      [0 2 -2 0 0 0 0];

internalField   nonuniform List<symmTensor> 
960
(
(1.0131e-07 -0.000652662 0 -1.81062e-07 0 7.97516e-08)
(-7.98181e-08 -0.000657049 0 9.22035e-08 0 -1.23854e-08)
(-2.20715e-09 -0.000659608 0 -2.29297e-09 0 4.50012e-09)
(3.85288e-08 -0.000656585 0 -3.71996e-08 0 -1.32913e-09)
(-3.91524e-08 -0.000560776 0 7.77851e-08 0 -3.86327e-08)
(-1.66982e-07 -0.000564518 0 1.69883e-07 0 -2.90069e-09)
(2.26091e-08 -0.00056583 0 -2.29823e-08 0 3.73276e-10)
(1.14844e-07 -0.000562881 0 -1.10733e-07 0 -4.11122e-09)
(-3.31974e-08 -0.000476591 0 4.82499e-08 0 -1.50525e-08)
(-2.35397e-07 -0.00047915 0 2.34971e-07 0 4.25843e-10)
(4.81259e-08 -0.000480231 0 -4.84081e-08 0 2.82179e-10)
(1.834e-07 -0.000477765 0 -1.79798e-07 0 -3.60144e-09)
(-6.43967e-08 -0.00040164 0 9.73091e-08 0 -3.29124e-08)
(-2.83061e-07 -0.000403263 0 2.80884e-07 0 2.17709e-09)
(6.85381e-08 -0.000403963 0 -6.86211e-08 0 8.29785e-11)
(2.35214e-07 -0.00040215 0 -2.31175e-07 0 -4.0394e-09)
(-6.71778e-08 -0.000335503 0 9.3141e-08 0 -2.59632e-08)
(-3.14368e-07 -0.00033647 0 3.15782e-07 0 -1.41448e-09)
(8.51522e-08 -0.00033681 0 -8.53749e-08 0 2.22678e-10)
(2.72684e-07 -0.000335593 0 -2.70747e-07 0 -1.93708e-09)
(-4.68549e-08 -0.000277634 0 4.35012e-08 0 3.35366e-09)
(-3.26272e-07 -0.000278192 0 3.2418e-07 0 2.09167e-09)
(9.7934e-08 -0.000278311 0 -9.81493e-08 0 2.15273e-10)
(2.93376e-07 -0.000277544 0 -2.8868e-07 0 -4.69637e-09)
(-6.24814e-08 -0.000227561 0 6.84329e-08 0 -5.95153e-09)
(-3.36042e-07 -0.000227841 0 3.37176e-07 0 -1.13452e-09)
(1.06888e-07 -0.000227847 0 -1.07304e-07 0 4.15919e-10)
(3.09975e-07 -0.000227409 0 -3.08201e-07 0 -1.77453e-09)
(-8.13531e-08 -0.00018468 0 1.01164e-07 0 -1.9811e-08)
(-3.34525e-07 -0.000184805 0 3.31925e-07 0 2.6001e-09)
(1.12024e-07 -0.000184774 0 -1.11911e-07 0 -1.13097e-10)
(3.1376e-07 -0.000184563 0 -3.08668e-07 0 -5.09255e-09)
(-5.91981e-08 -0.000148409 0 5.24053e-08 0 6.79275e-09)
(-3.3684e-07 -0.000148406 0 3.366e-07 0 2.4005e-10)
(1.14903e-07 -0.000148378 0 -1.15378e-07 0 4.7542e-10)
(3.18844e-07 -0.000148351 0 -3.17027e-07 0 -1.81684e-09)
(-9.69551e-08 -0.000118029 0 1.24822e-07 0 -2.78674e-08)
(-3.33125e-07 -0.000117959 0 3.31256e-07 0 1.869e-09)
(1.14056e-07 -0.000117971 0 -1.14191e-07 0 1.35312e-10)
(3.1507e-07 -0.000118116 0 -3.11506e-07 0 -3.56431e-09)
(-6.78738e-08 -9.29569e-05 0 6.10904e-08 0 6.78343e-09)
(-3.30172e-07 -9.27309e-05 0 3.26525e-07 0 3.6471e-09)
(1.08688e-07 -9.27621e-05 0 -1.08315e-07 0 -3.72724e-10)
(3.08178e-07 -9.3157e-05 0 -3.03816e-07 0 -4.36155e-09)
(-9.94044e-08 -7.2406e-05 0 1.21971e-07 0 -2.25666e-08)
(-3.27061e-07 -7.21024e-05 0 3.2707e-07 0 -9.07231e-12)
(1.01188e-07 -7.22317e-05 0 -1.02786e-07 0 1.59773e-09)
(2.9744e-07 -7.28074e-05 0 -2.95298e-07 0 -2.14151e-09)
(-8.51969e-08 -5.58328e-05 0 8.48278e-08 0 3.69065e-10)
(-3.1637e-07 -5.53532e-05 0 3.0637e-07 0 1.00005e-08)
(8.52513e-08 -5.56125e-05 0 -8.5103e-08 0 -1.48369e-10)
(2.8175e-07 -5.63466e-05 0 -2.75639e-07 0 -6.11116e-09)
(-1.00489e-07 -4.24816e-05 0 1.14145e-07 0 -1.36564e-08)
(-3.32051e-07 -4.19732e-05 0 3.46163e-07 0 -1.41125e-08)
(6.68829e-08 -4.25454e-05 0 -6.74768e-08 0 5.93843e-10)
(2.69288e-07 -4.32083e-05 0 -2.67627e-07 0 -1.66095e-09)
(-1.04856e-07 -3.18998e-05 0 1.1053e-07 0 -5.67377e-09)
(-3.19065e-07 -3.10216e-05 0 3.11575e-07 0 7.48985e-09)
(4.53956e-08 -3.18142e-05 0 -4.6756e-08 0 1.36037e-09)
(2.60521e-07 -3.27019e-05 0 -2.50974e-07 0 -9.54759e-09)
(-1.03568e-07 -2.36325e-05 0 1.13054e-07 0 -9.48627e-09)
(-3.17564e-07 -2.26021e-05 0 3.22143e-07 0 -4.5791e-09)
(7.19227e-09 -2.34122e-05 0 -4.31442e-09 0 -2.87785e-09)
(2.47283e-07 -2.45185e-05 0 -2.5312e-07 0 5.83677e-09)
(-9.65286e-08 -1.731e-05 0 1.00311e-07 0 -3.78234e-09)
(-3.16586e-07 -1.66704e-05 0 3.16186e-07 0 4.00004e-10)
(-2.65432e-08 -1.7414e-05 0 3.30191e-08 0 -6.4759e-09)
(2.27848e-07 -1.82525e-05 0 -2.27086e-07 0 -7.62637e-10)
(-9.53465e-08 -1.26146e-05 0 1.0516e-07 0 -9.81336e-09)
(-3.05362e-07 -1.21795e-05 0 2.96663e-07 0 8.69939e-09)
(-4.5963e-08 -1.27327e-05 0 4.90678e-08 0 -3.10482e-09)
(2.22393e-07 -1.33489e-05 0 -2.29464e-07 0 7.07175e-09)
(-8.87917e-08 -9.00791e-06 0 8.89921e-08 0 -2.00379e-10)
(-3.18044e-07 -8.83539e-06 0 3.17669e-07 0 3.74757e-10)
(-6.53871e-08 -9.28288e-06 0 7.1515e-08 0 -6.12794e-09)
(2.13852e-07 -9.61802e-06 0 -2.16608e-07 0 2.75585e-09)
(-9.53247e-08 -6.38409e-06 0 1.02976e-07 0 -7.65158e-09)
(-3.18778e-07 -6.31707e-06 0 3.16987e-07 0 1.79069e-09)
(-7.50116e-08 -6.62371e-06 0 8.09168e-08 0 -5.90521e-09)
(2.11867e-07 -6.80415e-06 0 -2.15726e-07 0 3.85922e-09)
(-9.59717e-08 -4.42674e-06 0 1.01033e-07 0 -5.0616e-09)
(-3.21113e-07 -4.4554e-06 0 3.18605e-07 0 2.50846e-09)
(-8.05767e-08 -4.66845e-06 0 8.54944e-08 0 -4.91772e-09)
(2.12186e-07 -4.74707e-06 0 -2.17535e-07 0 5.34936e-09)
(-9.99578e-08 -3.04853e-06 0 1.09191e-07 0 -9.23316e-09)
(-3.20979e-07 -3.11466e-06 0 3.1627e-07 0 4.70913e-09)
(-8.44447e-08 -3.23398e-06 0 8.99462e-08 0 -5.50144e-09)
(2.08029e-07 -3.25703e-06 0 -2.10421e-07 0 2.39202e-09)
(-9.60318e-08 -2.05963e-06 0 9.98993e-08 0 -3.86744e-09)
(-3.26933e-07 -2.11942e-06 0 3.27125e-07 0 -1.91696e-10)
(-8.5576e-08 -2.19519e-06 0 9.06416e-08 0 -5.06558e-09)
(2.08902e-07 -2.20196e-06 0 -2.13705e-07 0 4.80277e-09)
(-9.91271e-08 -1.40512e-06 0 1.09376e-07 0 -1.02485e-08)
(-3.20442e-07 -1.42716e-06 0 3.13889e-07 0 6.55334e-09)
(-8.71294e-08 -1.43185e-06 0 9.24949e-08 0 -5.36555e-09)
(2.05715e-07 -1.47269e-06 0 -2.09305e-07 0 3.58921e-09)
(-8.89884e-08 -9.79359e-07 0 9.10877e-08 0 -2.09935e-09)
(-3.26638e-07 -9.04926e-07 0 3.28989e-07 0 -2.35182e-09)
(-8.92621e-08 -8.31386e-07 0 9.6453e-08 0 -7.19091e-09)
(2.03295e-07 -9.58698e-07 0 -2.09299e-07 0 6.00473e-09)
(-9.12077e-08 -7.82891e-07 0 1.03824e-07 0 -1.26167e-08)
(-3.19234e-07 -5.65189e-07 0 3.1989e-07 0 -6.5597e-10)
(-8.84108e-08 -3.4042e-07 0 9.32418e-08 0 -4.83104e-09)
(1.86538e-07 -6.09252e-07 0 -1.82757e-07 0 -3.78156e-09)
(-8.70047e-08 -7.39245e-07 0 1.01064e-07 0 -1.40593e-08)
(-2.84417e-07 -2.71946e-07 0 2.62934e-07 0 2.1483e-08)
(-8.07572e-08 1.187e-07 0 7.80036e-08 0 2.75354e-09)
(1.83293e-07 -3.14538e-07 0 -1.89222e-07 0 5.92906e-09)
(-7.01507e-08 -8.46339e-07 0 8.22371e-08 0 -1.20864e-08)
(-2.88026e-07 -6.76393e-08 0 2.89822e-07 0 -1.79594e-09)
(-9.51967e-08 6.04697e-07 0 1.0541e-07 0 -1.02136e-08)
(1.62222e-07 -5.67478e-08 0 -1.6368e-07 0 1.45724e-09)
(-5.08627e-08 -1.08226e-06 0 5.28967e-08 0 -2.03397e-09)
(-2.51291e-07 1.29898e-07 0 2.48914e-07 0 2.37725e-09)
(-8.67275e-08 1.14394e-06 0 9.03818e-08 0 -3.65426e-09)
(1.36801e-07 2.48519e-07 0 -1.39328e-07 0 2.52619e-09)
(-1.83865e-08 -1.14987e-06 0 6.75442e-09 0 1.1632e-08)
(-1.93481e-07 3.40717e-07 0 1.78938e-07 0 1.45435e-08)
(-8.19264e-08 1.77447e-06 0 8.29111e-08 0 -9.84698e-10)
(1.10301e-07 6.167e-07 0 -1.18426e-07 0 8.12493e-09)
(-4.21973e-09 -9.27607e-07 0 -4.08915e-09 0 8.30888e-09)
(-1.82715e-07 4.02196e-07 0 2.1331e-07 0 -3.0595e-08)
(-8.8031e-08 1.413e-06 0 1.02319e-07 0 -1.42879e-08)
(4.67007e-08 3.99182e-07 0 -3.77769e-08 0 -8.92387e-09)
(2.67133e-08 -6.78566e-07 0 -4.07213e-08 0 1.40081e-08)
(-1.18342e-07 2.28972e-07 0 1.10849e-07 0 7.493e-09)
(-6.99205e-08 5.4482e-07 0 5.89875e-08 0 1.0933e-08)
(2.68017e-08 -4.43433e-08 0 -1.83919e-08 0 -8.4098e-09)
(2.93108e-08 -4.7254e-07 0 -3.09753e-08 0 1.66455e-09)
(-1.02684e-07 1.42868e-08 0 9.8257e-08 0 4.4272e-09)
(-8.04018e-08 2.16811e-07 0 7.81656e-08 0 2.23617e-09)
(1.21553e-08 -1.95485e-07 0 -5.81263e-09 0 -6.34269e-09)
(4.84489e-08 -3.80291e-07 0 -5.04102e-08 0 1.96124e-09)
(-1.06428e-07 -1.86916e-07 0 1.14233e-07 0 -7.80466e-09)
(-8.86085e-08 -1.34382e-07 0 8.96345e-08 0 -1.02594e-09)
(-3.07101e-09 -3.85594e-07 0 1.38861e-08 0 -1.08151e-08)
(6.76045e-08 -4.75959e-07 0 -7.97436e-08 0 1.21391e-08)
(-8.49881e-08 -4.59292e-07 0 7.53398e-08 0 9.64827e-09)
(-8.15386e-08 -4.89482e-07 0 7.41102e-08 0 7.42832e-09)
(-5.15277e-09 -6.37169e-07 0 1.04939e-08 0 -5.34117e-09)
(7.00689e-08 -7.11571e-07 0 -7.30855e-08 0 3.01659e-09)
(-9.75719e-08 -7.60019e-07 0 1.00353e-07 0 -2.78091e-09)
(-9.64683e-08 -8.91518e-07 0 9.97784e-08 0 -3.31002e-09)
(-6.61123e-09 -9.68956e-07 0 8.49625e-09 0 -1.88503e-09)
(8.89033e-08 -1.15012e-06 0 -1.05336e-07 0 1.64325e-08)
(-1.08075e-07 -1.23852e-06 0 1.19824e-07 0 -1.1749e-08)
(-9.43763e-08 -1.38421e-06 0 9.32153e-08 0 1.16099e-09)
(-1.98103e-08 -1.41306e-06 0 3.15657e-08 0 -1.17554e-08)
(7.97264e-08 -1.80514e-06 0 -8.07249e-08 0 9.98471e-10)
(-9.16545e-08 -1.85309e-06 0 8.50563e-08 0 6.59829e-09)
(-9.84203e-08 -2.01671e-06 0 9.83283e-08 0 9.20583e-11)
(-1.11877e-08 -2.03535e-06 0 1.17331e-08 0 -5.45383e-10)
(9.66135e-08 -2.76989e-06 0 -1.10725e-07 0 1.41117e-08)
(-1.0827e-07 -2.77044e-06 0 1.17529e-07 0 -9.25927e-09)
(-9.86114e-08 -2.88241e-06 0 9.61265e-08 0 2.48489e-09)
(-2.59237e-08 -2.93273e-06 0 3.84977e-08 0 -1.2574e-08)
(9.00572e-08 -4.12872e-06 0 -9.41254e-08 0 4.0682e-09)
(-9.09529e-08 -4.02017e-06 0 8.4287e-08 0 6.66587e-09)
(-1.00324e-07 -4.0522e-06 0 9.73008e-08 0 3.02352e-09)
(-2.05615e-08 -4.20061e-06 0 2.44128e-08 0 -3.85128e-09)
(9.55848e-08 -6.03525e-06 0 -1.0206e-07 0 6.47501e-09)
(-9.90468e-08 -5.7814e-06 0 1.06058e-07 0 -7.01096e-09)
(-1.09527e-07 -5.64183e-06 0 1.12584e-07 0 -3.05709e-09)
(-3.08292e-08 -5.94159e-06 0 3.84606e-08 0 -7.63147e-09)
(1.06744e-07 -8.63623e-06 0 -1.22722e-07 0 1.59775e-08)
(-9.38587e-08 -8.15879e-06 0 1.07634e-07 0 -1.3775e-08)
(-1.07255e-07 -7.78378e-06 0 1.06507e-07 0 7.48166e-10)
(-3.55522e-08 -8.26964e-06 0 3.8737e-08 0 -3.18482e-09)
(8.61368e-08 -1.21508e-05 0 -7.94308e-08 0 -6.70597e-09)
(-4.25921e-08 -1.14102e-05 0 2.6041e-08 0 1.65511e-08)
(-1.04689e-07 -1.06638e-05 0 9.99889e-08 0 4.69976e-09)
(-5.10823e-08 -1.13729e-05 0 5.27382e-08 0 -1.6559e-09)
(1.14003e-07 -1.68381e-05 0 -1.37451e-07 0 2.34472e-08)
(-4.53691e-08 -1.57363e-05 0 6.47053e-08 0 -1.93362e-08)
(-1.09837e-07 -1.44659e-05 0 1.13731e-07 0 -3.89418e-09)
(-8.93197e-08 -1.54699e-05 0 1.04455e-07 0 -1.51355e-08)
(8.40925e-08 -2.2928e-05 0 -8.07985e-08 0 -3.29395e-09)
(5.04894e-08 -2.14515e-05 0 -7.65801e-08 0 2.60906e-08)
(-9.39753e-08 -1.96193e-05 0 8.83151e-08 0 5.66017e-09)
(-1.17015e-07 -2.07873e-05 0 1.1782e-07 0 -8.04303e-10)
(8.04789e-08 -2.99428e-05 0 -8.55846e-08 0 5.10566e-09)
(9.99677e-08 -2.84469e-05 0 -1.11191e-07 0 1.12228e-08)
(-8.27889e-08 -2.68451e-05 0 8.27409e-08 0 4.79681e-11)
(-1.79308e-07 -2.78218e-05 0 2.08721e-07 0 -2.94133e-08)
(8.32203e-08 -3.85193e-05 0 -7.98167e-08 0 -3.40356e-09)
(1.40784e-07 -3.7389e-05 0 -1.49543e-07 0 8.75874e-09)
(-8.96457e-08 -3.65152e-05 0 1.01451e-07 0 -1.18055e-08)
(-1.72885e-07 -3.72316e-05 0 1.6526e-07 0 7.62499e-09)
(1.0204e-07 -4.98893e-05 0 -1.12011e-07 0 9.9706e-09)
(1.62014e-07 -4.90632e-05 0 -1.64161e-07 0 2.14714e-09)
(-7.1967e-08 -4.85725e-05 0 6.73795e-08 0 4.5875e-09)
(-2.17351e-07 -4.91756e-05 0 2.34054e-07 0 -1.6703e-08)
(8.90845e-08 -6.42055e-05 0 -7.85047e-08 0 -1.05798e-08)
(1.90823e-07 -6.36087e-05 0 -2.01508e-07 0 1.06851e-08)
(-8.39577e-08 -6.33981e-05 0 8.73894e-08 0 -3.43165e-09)
(-2.15602e-07 -6.39028e-05 0 2.15351e-07 0 2.51212e-10)
(1.1953e-07 -8.19412e-05 0 -1.36182e-07 0 1.66522e-08)
(1.92824e-07 -8.157e-05 0 -1.94744e-07 0 1.92042e-09)
(-8.84485e-08 -8.15499e-05 0 9.16348e-08 0 -3.18635e-09)
(-2.27174e-07 -8.19545e-05 0 2.30052e-07 0 -2.87835e-09)
(9.66349e-08 -0.000103654 0 -8.66998e-08 0 -9.93508e-09)
(2.10589e-07 -0.000103427 0 -2.23978e-07 0 1.3389e-08)
(-9.0785e-08 -0.000103527 0 8.935e-08 0 1.435e-09)
(-2.42382e-07 -0.000103852 0 2.54948e-07 0 -1.25659e-08)
(1.21737e-07 -0.000129857 0 -1.35236e-07 0 1.34991e-08)
(2.0375e-07 -0.000129803 0 -2.08451e-07 0 4.70161e-09)
(-1.01525e-07 -0.000129991 0 1.04798e-07 0 -3.27293e-09)
(-2.33899e-07 -0.000130201 0 2.35583e-07 0 -1.68401e-09)
(9.36862e-08 -0.000161129 0 -7.90633e-08 0 -1.46229e-08)
(2.13967e-07 -0.000161187 0 -2.3143e-07 0 1.74636e-08)
(-1.02647e-07 -0.000161502 0 1.00984e-07 0 1.66245e-09)
(-2.47947e-07 -0.000161585 0 2.64591e-07 0 -1.66447e-08)
(1.30685e-07 -0.000198063 0 -1.5304e-07 0 2.23543e-08)
(1.80197e-07 -0.000198132 0 -1.70098e-07 0 -1.00994e-08)
(-1.18183e-07 -0.000198603 0 1.2616e-07 0 -7.97696e-09)
(-2.22632e-07 -0.000198661 0 2.18805e-07 0 3.82684e-09)
(8.73291e-08 -0.000241126 0 -6.3297e-08 0 -2.40321e-08)
(2.21604e-07 -0.000241183 0 -2.61195e-07 0 3.95911e-08)
(-1.07151e-07 -0.000241805 0 9.3609e-08 0 1.35419e-08)
(-2.43335e-07 -0.000242029 0 2.67182e-07 0 -2.38473e-08)
(1.44361e-07 -0.00029097 0 -1.73014e-07 0 2.86528e-08)
(1.47987e-07 -0.000290914 0 -1.24794e-07 0 -2.3193e-08)
(-1.53158e-07 -0.000291667 0 1.69302e-07 0 -1.61443e-08)
(-2.00243e-07 -0.000292126 0 1.8825e-07 0 1.1993e-08)
(1.22148e-07 -0.000347921 0 -1.1521e-07 0 -6.93881e-09)
(1.63202e-07 -0.000347838 0 -1.64367e-07 0 1.165e-09)
(-1.72655e-07 -0.00034857 0 1.85514e-07 0 -1.28587e-08)
(-2.31953e-07 -0.000349669 0 2.59904e-07 0 -2.7951e-08)
(1.59176e-07 -0.000412394 0 -1.76883e-07 0 1.77074e-08)
(1.97589e-07 -0.000412213 0 -2.42252e-07 0 4.46626e-08)
(-1.7025e-07 -0.000412819 0 1.44041e-07 0 2.6209e-08)
(-2.0292e-07 -0.000414747 0 2.02538e-07 0 3.81729e-10)
(2.16716e-07 -0.000485734 0 -2.57223e-07 0 4.0507e-08)
(1.35186e-07 -0.000485993 0 -1.1943e-07 0 -1.57554e-08)
(-2.65382e-07 -0.000485212 0 2.87979e-07 0 -2.25968e-08)
(-1.92188e-07 -0.000487583 0 1.65125e-07 0 2.70632e-08)
(3.04441e-08 -0.000779294 0 8.98778e-08 0 -1.20322e-07)
(2.43638e-07 -0.000781201 0 -3.13824e-07 0 7.01861e-08)
(-1.94442e-07 -0.000775306 0 1.4112e-07 0 5.3322e-08)
(-2.30834e-07 -0.000776205 0 2.38023e-07 0 -7.18838e-09)
(5.04035e-08 -0.000654843 0 -5.18454e-08 0 1.44193e-09)
(1.03815e-08 -0.000651955 0 -2.94418e-08 0 1.90604e-08)
(-9.48225e-08 -0.000656142 0 1.25832e-07 0 -3.10099e-08)
(4.98709e-08 -0.000657685 0 -6.34881e-08 0 1.36172e-08)
(1.00018e-07 -0.000561414 0 -9.46512e-08 0 -5.36638e-09)
(-1.25578e-08 -0.000560374 0 -9.49781e-09 0 2.20556e-08)
(-1.62937e-07 -0.000563082 0 1.98775e-07 0 -3.58373e-08)
(1.04443e-07 -0.000563327 0 -1.29147e-07 0 2.47039e-08)
(1.31096e-07 -0.000476619 0 -1.29716e-07 0 -1.38009e-09)
(-3.77206e-08 -0.000476629 0 1.11915e-08 0 2.6529e-08)
(-2.01264e-07 -0.000478338 0 2.40353e-07 0 -3.9089e-08)
(1.40003e-07 -0.000478226 0 -1.66934e-07 0 2.69315e-08)
(1.37465e-07 -0.000401329 0 -1.31789e-07 0 -5.67573e-09)
(-6.65052e-08 -0.000401704 0 4.11432e-08 0 2.5362e-08)
(-2.22569e-07 -0.000402765 0 2.65027e-07 0 -4.2458e-08)
(1.67948e-07 -0.000402572 0 -1.98046e-07 0 3.00973e-08)
(1.48222e-07 -0.000335037 0 -1.4927e-07 0 1.0478e-09)
(-8.6251e-08 -0.000335419 0 6.04835e-08 0 2.57675e-08)
(-2.31014e-07 -0.000336051 0 2.71138e-07 0 -4.01241e-08)
(1.77791e-07 -0.000335914 0 -2.05233e-07 0 2.74413e-08)
(1.41562e-07 -0.000277184 0 -1.34428e-07 0 -7.13324e-09)
(-1.00188e-07 -0.000277455 0 7.48765e-08 0 2.53119e-08)
(-2.38138e-07 -0.0002778 0 2.80071e-07 0 -4.19328e-08)
(1.85672e-07 -0.000277734 0 -2.15553e-07 0 2.98806e-08)
(1.52619e-07 -0.000227207 0 -1.55426e-07 0 2.80676e-09)
(-1.06953e-07 -0.00022736 0 8.16145e-08 0 2.53387e-08)
(-2.3973e-07 -0.000227506 0 2.79706e-07 0 -3.99752e-08)
(1.83708e-07 -0.000227507 0 -2.11967e-07 0 2.82589e-08)
(1.41888e-07 -0.000184485 0 -1.33855e-07 0 -8.03319e-09)
(-1.09182e-07 -0.000184527 0 8.32638e-08 0 2.59181e-08)
(-2.42732e-07 -0.000184481 0 2.84949e-07 0 -4.22162e-08)
(1.82982e-07 -0.000184522 0 -2.12592e-07 0 2.96096e-08)
(1.52699e-07 -0.00014836 0 -1.54849e-07 0 2.14979e-09)
(-1.06427e-07 -0.00014835 0 8.11428e-08 0 2.52841e-08)
(-2.39552e-07 -0.000148148 0 2.80118e-07 0 -4.05662e-08)
(1.7849e-07 -0.000148186 0 -2.0885e-07 0 3.03601e-08)
(1.45181e-07 -0.000118184 0 -1.40947e-07 0 -4.23371e-09)
(-1.00164e-07 -0.000118102 0 7.2821e-08 0 2.73429e-08)
(-2.35799e-07 -0.000117695 0 2.77351e-07 0 -4.15517e-08)
(1.70621e-07 -0.000117701 0 -1.97376e-07 0 2.67549e-08)
(1.45985e-07 -9.33002e-05 0 -1.41574e-07 0 -4.41143e-09)
(-9.07803e-08 -9.31361e-05 0 6.68012e-08 0 2.39792e-08)
(-2.27667e-07 -9.25101e-05 0 2.70534e-07 0 -4.28671e-08)
(1.707e-07 -9.25038e-05 0 -2.05362e-07 0 3.46613e-08)
(1.46455e-07 -7.29338e-05 0 -1.43451e-07 0 -3.0048e-09)
(-7.78432e-08 -7.27541e-05 0 5.52328e-08 0 2.26104e-08)
(-2.08378e-07 -7.18717e-05 0 2.44543e-07 0 -3.61647e-08)
(1.53947e-07 -7.17782e-05 0 -1.79971e-07 0 2.60233e-08)
(1.46468e-07 -5.64301e-05 0 -1.41529e-07 0 -4.93885e-09)
(-4.89548e-08 -5.63692e-05 0 1.93578e-08 0 2.9597e-08)
(-1.98537e-07 -5.52516e-05 0 2.45833e-07 0 -4.72963e-08)
(1.53223e-07 -5.50578e-05 0 -1.89385e-07 0 3.61621e-08)
(1.60812e-07 -4.3034e-05 0 -1.73695e-07 0 1.28831e-08)
(-3.9166e-08 -4.3382e-05 0 1.8037e-08 0 2.1129e-08)
(-1.62549e-07 -4.20699e-05 0 1.97713e-07 0 -3.51641e-08)
(1.3596e-07 -4.1568e-05 0 -1.64635e-07 0 2.86753e-08)
(1.35056e-07 -3.26505e-05 0 -1.25397e-07 0 -9.65892e-09)
(-2.43567e-08 -3.32369e-05 0 3.23551e-09 0 2.11212e-08)
(-1.23854e-07 -3.14023e-05 0 1.58141e-07 0 -3.42867e-08)
(1.24819e-07 -3.08078e-05 0 -1.47674e-07 0 2.28548e-08)
(1.47904e-07 -2.46044e-05 0 -1.66642e-07 0 1.87373e-08)
(5.81882e-09 -2.51322e-05 0 -2.93268e-08 0 2.3508e-08)
(-7.62499e-08 -2.34004e-05 0 1.07344e-07 0 -3.1094e-08)
(1.08169e-07 -2.27978e-05 0 -1.27111e-07 0 1.89414e-08)
(1.0217e-07 -1.81424e-05 0 -8.1086e-08 0 -2.10841e-08)
(6.04311e-09 -1.84429e-05 0 -1.63919e-08 0 1.03488e-08)
(-3.49132e-08 -1.74298e-05 0 5.93857e-08 0 -2.44725e-08)
(1.10658e-07 -1.69297e-05 0 -1.28635e-07 0 1.79773e-08)
(1.22071e-07 -1.32005e-05 0 -1.22391e-07 0 3.19679e-10)
(2.37653e-08 -1.32183e-05 0 -4.0384e-08 0 1.66188e-08)
(-1.88543e-08 -1.25059e-05 0 4.43483e-08 0 -2.5494e-08)
(1.10897e-07 -1.23061e-05 0 -1.30199e-07 0 1.93026e-08)
(1.20648e-07 -9.44104e-06 0 -1.14759e-07 0 -5.88899e-09)
(3.7394e-08 -9.4333e-06 0 -5.48135e-08 0 1.74195e-08)
(-4.85117e-09 -8.92857e-06 0 3.10154e-08 0 -2.61642e-08)
(1.09647e-07 -8.7731e-06 0 -1.31946e-07 0 2.22988e-08)
(1.18655e-07 -6.68806e-06 0 -1.10572e-07 0 -8.08249e-09)
(3.94466e-08 -6.68471e-06 0 -5.35065e-08 0 1.40599e-08)
(3.88871e-09 -6.35947e-06 0 2.22649e-08 0 -2.61537e-08)
(1.09301e-07 -6.24904e-06 0 -1.31428e-07 0 2.21266e-08)
(1.30699e-07 -4.67259e-06 0 -1.32048e-07 0 1.34899e-09)
(4.94475e-08 -4.6934e-06 0 -6.67753e-08 0 1.73277e-08)
(1.07048e-08 -4.49353e-06 0 1.5809e-08 0 -2.65138e-08)
(1.04653e-07 -4.36505e-06 0 -1.2464e-07 0 1.99872e-08)
(1.15061e-07 -3.247e-06 0 -1.02862e-07 0 -1.21989e-08)
(4.96092e-08 -3.26673e-06 0 -6.66387e-08 0 1.70295e-08)
(1.46388e-08 -3.18748e-06 0 1.313e-08 0 -2.77688e-08)
(1.08215e-07 -3.0779e-06 0 -1.28959e-07 0 2.0744e-08)
(1.31234e-07 -2.22809e-06 0 -1.3472e-07 0 3.48646e-09)
(4.98368e-08 -2.21369e-06 0 -6.4322e-08 0 1.44852e-08)
(1.93746e-08 -2.22822e-06 0 6.1781e-09 0 -2.55527e-08)
(1.08925e-07 -2.17516e-06 0 -1.3056e-07 0 2.16348e-08)
(1.13286e-07 -1.56135e-06 0 -1.01058e-07 0 -1.22284e-08)
(5.19429e-08 -1.4697e-06 0 -7.00321e-08 0 1.80891e-08)
(1.74533e-08 -1.55813e-06 0 1.0221e-08 0 -2.76743e-08)
(1.12416e-07 -1.58562e-06 0 -1.33818e-07 0 2.14011e-08)
(1.33303e-07 -1.10778e-06 0 -1.4015e-07 0 6.84724e-09)
(5.16237e-08 -9.39664e-07 0 -6.64818e-08 0 1.48581e-08)
(1.68808e-08 -1.09928e-06 0 8.74323e-09 0 -2.56241e-08)
(1.16031e-07 -1.21304e-06 0 -1.41832e-07 0 2.58007e-08)
(1.04445e-07 -8.57738e-07 0 -8.41824e-08 0 -2.02627e-08)
(4.84681e-08 -5.83117e-07 0 -6.14673e-08 0 1.29992e-08)
(7.9937e-09 -7.61472e-07 0 2.14756e-08 0 -2.94693e-08)
(1.07241e-07 -9.83298e-07 0 -1.21692e-07 0 1.44509e-08)
(1.26162e-07 -6.85114e-07 0 -1.26509e-07 0 3.47117e-10)
(6.26814e-08 -3.90534e-07 0 -8.40202e-08 0 2.13388e-08)
(1.07733e-08 -5.5998e-07 0 9.09482e-09 0 -1.98681e-08)
(1.03833e-07 -8.8654e-07 0 -1.20473e-07 0 1.66399e-08)
(1.20091e-07 -6.03111e-07 0 -1.19526e-07 0 -5.64986e-10)
(6.00599e-08 -3.34254e-07 0 -7.91019e-08 0 1.90421e-08)
(-3.67509e-09 -4.05258e-07 0 2.97413e-08 0 -2.60663e-08)
(1.05849e-07 -7.89885e-07 0 -1.2725e-07 0 2.14013e-08)
(9.99648e-08 -5.26549e-07 0 -8.49764e-08 0 -1.49885e-08)
(6.25292e-08 -4.56338e-07 0 -7.57188e-08 0 1.31896e-08)
(-1.1703e-08 -3.21898e-07 0 4.03549e-08 0 -2.86518e-08)
(8.32196e-08 -7.10128e-07 0 -9.63858e-08 0 1.31662e-08)
(1.275e-07 -4.96519e-07 0 -1.59472e-07 0 3.19714e-08)
(5.59543e-08 -3.27702e-07 0 -6.26587e-08 0 6.70438e-09)
(9.20233e-09 -2.42847e-07 0 -2.97363e-09 0 -6.2287e-09)
(8.96232e-08 -7.47479e-07 0 -1.22648e-07 0 3.30245e-08)
(7.44571e-08 -5.05837e-07 0 -6.71365e-08 0 -7.32065e-09)
(4.9233e-08 -1.77317e-07 0 -3.92484e-08 0 -9.98459e-09)
(-7.43788e-09 -2.32862e-07 0 1.93697e-08 0 -1.19318e-08)
(4.28734e-08 -8.78971e-07 0 -4.84691e-08 0 5.59576e-09)
(8.91155e-08 -4.78178e-07 0 -1.03681e-07 0 1.45656e-08)
(5.08884e-08 -6.82933e-08 0 -4.19774e-08 0 -8.91098e-09)
(-9.00297e-10 -2.4808e-07 0 -4.60094e-09 0 5.50124e-09)
(2.59733e-08 -9.76903e-07 0 -2.1122e-08 0 -4.85129e-09)
(8.50011e-08 -5.16369e-07 0 -9.07925e-08 0 5.79139e-09)
(6.10822e-08 1.25558e-07 0 -5.38478e-08 0 -7.23444e-09)
(-1.10394e-08 -2.822e-07 0 -2.13914e-09 0 1.31785e-08)
(1.01655e-08 -9.99875e-07 0 -3.42087e-11 0 -1.01313e-08)
(8.58906e-08 -5.92486e-07 0 -8.83687e-08 0 2.4781e-09)
(6.4356e-08 4.81854e-08 0 -5.96678e-08 0 -4.68819e-09)
(-3.762e-08 -4.37654e-07 0 3.29225e-08 0 4.69759e-09)
(1.14125e-09 -1.02317e-06 0 1.95528e-08 0 -2.06941e-08)
(1.06634e-07 -7.72598e-07 0 -1.21438e-07 0 1.48048e-08)
(7.15519e-08 -1.80964e-07 0 -6.82259e-08 0 -3.32605e-09)
(-4.78288e-08 -6.16035e-07 0 3.73302e-08 0 1.04986e-08)
(1.13911e-08 -1.07878e-06 0 -3.21227e-09 0 -8.17885e-09)
(1.02877e-07 -1.04789e-06 0 -1.09056e-07 0 6.17948e-09)
(6.76763e-08 -6.10583e-07 0 -5.9699e-08 0 -7.97726e-09)
(-6.68928e-08 -9.61829e-07 0 6.31945e-08 0 3.69823e-09)
(1.9702e-08 -1.27417e-06 0 -1.55403e-08 0 -4.16167e-09)
(1.12854e-07 -1.47044e-06 0 -1.23875e-07 0 1.10213e-08)
(7.1565e-08 -1.14918e-06 0 -6.40249e-08 0 -7.5401e-09)
(-7.10844e-08 -1.38984e-06 0 6.34027e-08 0 7.68167e-09)
(1.43202e-08 -1.59397e-06 0 -3.36483e-09 0 -1.09554e-08)
(1.08864e-07 -2.08472e-06 0 -1.14265e-07 0 5.40197e-09)
(7.18658e-08 -1.90586e-06 0 -6.40293e-08 0 -7.83651e-09)
(-7.92255e-08 -2.04953e-06 0 7.47738e-08 0 4.45166e-09)
(2.36125e-08 -2.16127e-06 0 -1.80321e-08 0 -5.58037e-09)
(1.15628e-07 -2.97322e-06 0 -1.27165e-07 0 1.1537e-08)
(7.53498e-08 -2.87823e-06 0 -6.91086e-08 0 -6.2412e-09)
(-7.75711e-08 -2.95242e-06 0 6.96453e-08 0 7.92576e-09)
(2.0231e-08 -2.99621e-06 0 -9.69314e-09 0 -1.05379e-08)
(1.04518e-07 -4.25713e-06 0 -1.05903e-07 0 1.38494e-09)
(7.25632e-08 -4.23285e-06 0 -6.33998e-08 0 -9.16338e-09)
(-7.80738e-08 -4.24425e-06 0 7.03729e-08 0 7.70089e-09)
(2.32265e-08 -4.22903e-06 0 -1.38506e-08 0 -9.37588e-09)
(1.14861e-07 -6.02059e-06 0 -1.28884e-07 0 1.40225e-08)
(7.59325e-08 -6.04274e-06 0 -6.85808e-08 0 -7.35162e-09)
(-7.79209e-08 -6.00188e-06 0 7.23629e-08 0 5.55801e-09)
(2.61246e-08 -5.93562e-06 0 -2.02998e-08 0 -5.82487e-09)
(1.10045e-07 -8.48047e-06 0 -1.22576e-07 0 1.25311e-08)
(7.64373e-08 -8.60384e-06 0 -6.92301e-08 0 -7.20719e-09)
(-7.89116e-08 -8.41417e-06 0 7.75461e-08 0 1.3655e-09)
(2.57994e-08 -8.28474e-06 0 -2.27923e-08 0 -3.00711e-09)
(8.7218e-08 -1.18276e-05 0 -8.70456e-08 0 -1.72409e-10)
(7.22853e-08 -1.20408e-05 0 -5.78558e-08 0 -1.44295e-08)
(-6.27666e-08 -1.15988e-05 0 5.46886e-08 0 8.07807e-09)
(1.85348e-08 -1.14186e-05 0 -1.52148e-08 0 -3.32005e-09)
(9.2431e-08 -1.63805e-05 0 -1.11984e-07 0 1.95529e-08)
(9.7773e-08 -1.66907e-05 0 -1.03022e-07 0 5.24909e-09)
(-5.38566e-08 -1.58032e-05 0 5.02216e-08 0 3.63493e-09)
(-5.0439e-09 -1.55889e-05 0 1.7781e-08 0 -1.27371e-08)
(5.21615e-08 -2.1802e-05 0 -6.00225e-08 0 7.86095e-09)
(1.04223e-07 -2.22781e-05 0 -1.01303e-07 0 -2.9205e-09)
(-2.53501e-08 -2.11897e-05 0 1.86486e-08 0 6.70144e-09)
(-2.29761e-08 -2.10148e-05 0 3.06209e-08 0 -7.64481e-09)
(1.18984e-08 -2.86887e-05 0 -3.10386e-09 0 -8.79456e-09)
(1.13006e-07 -2.91914e-05 0 -1.11925e-07 0 -1.08094e-09)
(8.42088e-09 -2.84394e-05 0 -3.00712e-08 0 2.16503e-08)
(-7.7768e-08 -2.84424e-05 0 1.02599e-07 0 -2.48308e-08)
(1.75844e-08 -3.79551e-05 0 -3.8982e-08 0 2.13977e-08)
(1.17469e-07 -3.82982e-05 0 -1.18396e-07 0 9.26945e-10)
(-4.80582e-09 -3.78612e-05 0 4.64132e-09 0 1.64501e-10)
(-6.8729e-08 -3.79104e-05 0 6.94005e-08 0 -6.71478e-10)
(-2.25128e-08 -4.95524e-05 0 2.76658e-08 0 -5.15307e-09)
(1.15921e-07 -4.97722e-05 0 -1.13634e-07 0 -2.28655e-09)
(1.31511e-08 -4.95115e-05 0 -2.44579e-08 0 1.13068e-08)
(-9.29356e-08 -4.94751e-05 0 1.08445e-07 0 -1.55095e-08)
(-2.36369e-08 -6.40313e-05 0 2.10484e-08 0 2.58855e-09)
(1.09926e-07 -6.41416e-05 0 -1.00989e-07 0 -8.93719e-09)
(1.47929e-08 -6.40324e-05 0 -2.24985e-08 0 7.70561e-09)
(-8.56649e-08 -6.39557e-05 0 8.81818e-08 0 -2.51697e-09)
(-1.64866e-08 -8.18945e-05 0 5.16531e-09 0 1.13213e-08)
(1.24696e-07 -8.18866e-05 0 -1.30398e-07 0 5.70168e-09)
(1.0715e-08 -8.19216e-05 0 -1.12374e-08 0 5.22413e-10)
(-9.65993e-08 -8.17995e-05 0 1.07596e-07 0 -1.0997e-08)
(-2.99107e-08 -0.000103695 0 3.33268e-08 0 -3.41616e-09)
(1.13096e-07 -0.00010358 0 -1.07413e-07 0 -5.68277e-09)
(2.71079e-08 -0.000103721 0 -4.20712e-08 0 1.49633e-08)
(-9.53476e-08 -0.000103614 0 1.04532e-07 0 -9.18472e-09)
(-1.83726e-08 -0.000129969 0 1.54964e-08 0 2.87623e-09)
(1.18985e-07 -0.000129778 0 -1.19187e-07 0 2.01053e-10)
(1.55534e-08 -0.000130027 0 -1.98433e-08 0 4.28993e-09)
(-1.0329e-07 -0.000129879 0 1.20963e-07 0 -1.76726e-08)
(-1.10761e-08 -0.000161267 0 7.25901e-09 0 3.81713e-09)
(1.13195e-07 -0.000161056 0 -1.08896e-07 0 -4.29884e-09)
(2.3854e-08 -0.000161343 0 -3.68146e-08 0 1.29606e-08)
(-8.55068e-08 -0.000161219 0 8.83186e-08 0 -2.81175e-09)
(-2.68417e-09 -0.00019819 0 -7.75445e-10 0 3.45962e-09)
(1.18601e-07 -0.00019798 0 -1.2049e-07 0 1.88837e-09)
(8.98638e-09 -0.000198361 0 -9.95437e-09 0 9.67986e-10)
(-1.00307e-07 -0.000198249 0 1.20063e-07 0 -1.97563e-08)
(4.7459e-09 -0.000241321 0 -4.20177e-09 0 -5.44136e-10)
(1.05187e-07 -0.000241046 0 -9.80834e-08 0 -7.10411e-09)
(2.17188e-08 -0.000241424 0 -3.9396e-08 0 1.76772e-08)
(-7.78729e-08 -0.000241437 0 8.09285e-08 0 -3.05561e-09)
(3.64331e-08 -0.000291151 0 -4.87901e-08 0 1.23569e-08)
(1.21848e-07 -0.000290755 0 -1.30095e-07 0 8.24731e-09)
(-2.9682e-09 -0.000291251 0 3.16499e-09 0 -1.96791e-10)
(-8.717e-08 -0.000291472 0 1.01796e-07 0 -1.46256e-08)
(6.99141e-08 -0.00034825 0 -9.13867e-08 0 2.14726e-08)
(1.01991e-07 -0.000347771 0 -9.46681e-08 0 -7.32303e-09)
(-1.64625e-08 -0.000348036 0 1.51927e-08 0 1.2698e-09)
(-7.8681e-08 -0.000348649 0 9.00126e-08 0 -1.13316e-08)
(6.45747e-08 -0.000413232 0 -4.44484e-08 0 -2.01263e-08)
(1.11962e-07 -0.000412167 0 -1.03049e-07 0 -8.91248e-09)
(1.25614e-08 -0.00041237 0 -5.48328e-08 0 4.22714e-08)
(-7.78269e-08 -0.000413656 0 8.51552e-08 0 -7.32833e-09)
(1.18334e-07 -0.000485777 0 -1.04875e-07 0 -1.34592e-08)
(1.46586e-07 -0.00048487 0 -1.54956e-07 0 8.37082e-09)
(-7.60551e-08 -0.000484734 0 8.68932e-08 0 -1.08382e-08)
(-4.74124e-08 -0.000486313 0 2.49202e-08 0 2.24922e-08)
(1.286e-07 -0.000776854 0 -8.47361e-08 0 -4.38636e-08)
(9.45216e-08 -0.000776266 0 -3.33628e-08 0 -6.11588e-08)
(-5.86833e-08 -0.000776117 0 4.19014e-08 0 1.6782e-08)
(-7.32714e-08 -0.000777291 0 4.10564e-08 0 3.2215e-08)
(1.58642e-07 -0.0031117 0 -2.72658e-07 0 1.14017e-07)
(1.85172e-07 -0.00311892 0 -8.35033e-08 0 -1.01669e-07)
(1.50119e-07 -0.00307647 0 -3.74736e-07 0 2.24617e-07)
(-2.94224e-07 -0.00303037 0 3.16294e-07 0 -2.20696e-08)
(-1.65838e-06 -0.00484184 0 1.93844e-06 0 -2.80057e-07)
(1.51401e-06 -0.00484522 0 -1.67744e-06 0 1.63436e-07)
(2.20434e-06 -0.00481433 0 -1.70306e-06 0 -5.01278e-07)
(-6.58881e-07 -0.00478926 0 7.86812e-07 0 -1.27931e-07)
(-4.20204e-07 -0.00415114 0 6.22502e-08 0 3.57954e-07)
(9.9383e-07 -0.00414825 0 -7.8147e-07 0 -2.1236e-07)
(1.93636e-06 -0.00416157 0 -2.08027e-06 0 1.43912e-07)
(-6.83445e-07 -0.00419628 0 5.51502e-07 0 1.31943e-07)
(-7.07112e-07 -0.00350454 0 9.67438e-07 0 -2.60325e-07)
(1.26624e-06 -0.00350348 0 -1.52796e-06 0 2.61723e-07)
(1.29334e-06 -0.00351714 0 -1.48171e-06 0 1.88376e-07)
(-8.95811e-07 -0.00353854 0 9.58718e-07 0 -6.29068e-08)
(-1.04084e-07 -0.00293388 0 4.84682e-08 0 5.56156e-08)
(6.76529e-07 -0.00293369 0 -5.64739e-07 0 -1.1179e-07)
(5.14585e-07 -0.00294513 0 -4.05492e-07 0 -1.09093e-07)
(-8.20143e-07 -0.00295641 0 8.31857e-07 0 -1.17145e-08)
(-9.25193e-08 -0.00243361 0 8.93037e-08 0 3.2156e-09)
(6.4675e-07 -0.002434 0 -6.63544e-07 0 1.67939e-08)
(3.72109e-07 -0.00244387 0 -3.98238e-07 0 2.6129e-08)
(-6.65294e-07 -0.00244725 0 6.42295e-07 0 2.29985e-08)
(-1.17021e-07 -0.00199987 0 2.20204e-07 0 -1.03183e-07)
(5.58703e-07 -0.00199976 0 -6.6957e-07 0 1.10867e-07)
(2.15887e-07 -0.00200863 0 -2.50525e-07 0 3.46384e-08)
(-6.06042e-07 -0.00200775 0 6.93527e-07 0 -8.74847e-08)
(1.2501e-07 -0.00162731 0 -2.47046e-07 0 1.22036e-07)
(2.4299e-07 -0.00162733 0 -1.48145e-07 0 -9.48448e-08)
(4.87509e-08 -0.00163472 0 -1.96886e-08 0 -2.90624e-08)
(-2.83121e-07 -0.00163188 0 1.96905e-07 0 8.62163e-08)
(-1.7901e-07 -0.00131075 0 3.58943e-07 0 -1.79933e-07)
(3.19986e-07 -0.00131133 0 -4.38073e-07 0 1.18088e-07)
(6.17268e-08 -0.00131784 0 -9.49634e-08 0 3.32365e-08)
(-2.98465e-07 -0.00131435 0 4.05107e-07 0 -1.06642e-07)
(1.22321e-07 -0.00104608 0 -2.68787e-07 0 1.46466e-07)
(6.00314e-08 -0.00104652 0 -1.87859e-08 0 -4.12455e-08)
(2.45871e-09 -0.00105217 0 -2.94443e-08 0 2.69856e-08)
(6.90574e-09 -0.0010493 0 -6.5972e-08 0 5.90662e-08)
(-2.0901e-07 -0.000827133 0 3.9057e-07 0 -1.8156e-07)
(8.15296e-08 -0.000825307 0 -1.63401e-07 0 8.18715e-08)
(-1.01641e-07 -0.000831226 0 1.38114e-07 0 -3.64729e-08)
(2.46651e-09 -0.000829938 0 6.84057e-08 0 -7.08722e-08)
(2.21507e-07 -0.000648144 0 -4.05033e-07 0 1.83526e-07)
(-1.70648e-07 -0.000644095 0 3.05939e-07 0 -1.35291e-07)
(-1.92469e-07 -0.000649089 0 2.04115e-07 0 -1.16459e-08)
(1.99084e-07 -0.00064935 0 -2.36406e-07 0 3.73212e-08)
(-8.22721e-08 -0.000501984 0 2.70986e-07 0 -1.88714e-07)
(1.87103e-07 -0.000497777 0 -4.0562e-07 0 2.18517e-07)
(-2.07377e-07 -0.000501651 0 1.73113e-07 0 3.42643e-08)
(2.29032e-07 -0.000501895 0 -2.4011e-07 0 1.10775e-08)
(3.24062e-07 -0.000383297 0 -4.61398e-07 0 1.37337e-07)
(-2.33238e-07 -0.000380123 0 4.42288e-07 0 -2.09049e-07)
(-3.58054e-07 -0.00038333 0 3.96432e-07 0 -3.83775e-08)
(1.96401e-07 -0.000383812 0 -1.27674e-07 0 -6.87269e-08)
(9.79542e-08 -0.000290611 0 4.71631e-08 0 -1.45117e-07)
(1.73789e-07 -0.000287099 0 -3.79847e-07 0 2.06057e-07)
(-2.89009e-07 -0.000289842 0 2.1207e-07 0 7.69395e-08)
(3.48136e-07 -0.000290212 0 -4.10465e-07 0 6.23295e-08)
(3.54666e-07 -0.000218474 0 -3.90748e-07 0 3.60821e-08)
(-6.24797e-08 -0.000214454 0 1.26814e-07 0 -6.4334e-08)
(-3.48512e-07 -0.0002166 0 2.72525e-07 0 7.59875e-08)
(1.56827e-07 -0.000217044 0 -3.76441e-10 0 -1.56451e-07)
(2.52745e-07 -0.000161713 0 -1.65954e-07 0 -8.67905e-08)
(7.33729e-08 -0.000158626 0 -1.16484e-07 0 4.31111e-08)
(-5.22635e-07 -0.000160078 0 5.91689e-07 0 -6.90536e-08)
(3.88183e-07 -0.000160396 0 -4.57819e-07 0 6.96362e-08)
(4.28255e-07 -0.000118436 0 -4.92527e-07 0 6.42719e-08)
(1.6926e-08 -0.000115864 0 2.2872e-08 0 -3.9798e-08)
(-4.39066e-07 -0.000116907 0 3.93797e-07 0 4.52689e-08)
(2.80863e-07 -0.000117191 0 -2.26401e-07 0 -5.44625e-08)
(3.31637e-07 -8.56275e-05 0 -2.79321e-07 0 -5.23161e-08)
(1.26531e-07 -8.37303e-05 0 -1.71698e-07 0 4.51667e-08)
(-5.27213e-07 -8.43521e-05 0 5.55887e-07 0 -2.86736e-08)
(3.49054e-07 -8.44666e-05 0 -3.63112e-07 0 1.40589e-08)
(4.1697e-07 -6.11662e-05 0 -4.30634e-07 0 1.36634e-08)
(9.5808e-08 -5.97264e-05 0 -9.20986e-08 0 -3.70937e-09)
(-5.19178e-07 -6.0076e-05 0 5.29074e-07 0 -9.89615e-09)
(3.6474e-07 -6.01469e-05 0 -3.84791e-07 0 2.00503e-08)
(4.28813e-07 -4.30862e-05 0 -4.35879e-07 0 7.06611e-09)
(1.01453e-07 -4.21292e-05 0 -8.51754e-08 0 -1.62774e-08)
(-4.8068e-07 -4.2187e-05 0 4.48594e-07 0 3.20859e-08)
(2.91024e-07 -4.20949e-05 0 -2.41431e-07 0 -4.95932e-08)
(3.55986e-07 -2.97996e-05 0 -2.81461e-07 0 -7.45254e-08)
(2.28985e-07 -2.93564e-05 0 -3.2824e-07 0 9.92555e-08)
(-4.95031e-07 -2.91707e-05 0 4.82101e-07 0 1.29296e-08)
(3.57339e-07 -2.90345e-05 0 -3.7282e-07 0 1.54815e-08)
(4.93584e-07 -2.01895e-05 0 -5.52291e-07 0 5.87071e-08)
(6.61463e-08 -2.02151e-05 0 6.27848e-09 0 -7.24248e-08)
(-4.97697e-07 -1.97694e-05 0 4.93613e-07 0 4.08438e-09)
(2.80797e-07 -1.94733e-05 0 -2.29677e-07 0 -5.11206e-08)
(3.41722e-07 -1.32587e-05 0 -2.53404e-07 0 -8.83185e-08)
(2.38292e-07 -1.38171e-05 0 -3.32861e-07 0 9.45689e-08)
(-4.71839e-07 -1.31243e-05 0 4.61077e-07 0 1.07616e-08)
(3.45153e-07 -1.27479e-05 0 -3.73053e-07 0 2.78999e-08)
(4.8657e-07 -8.3347e-06 0 -5.5465e-07 0 6.80794e-08)
(8.28384e-08 -9.35143e-06 0 -2.28202e-08 0 -6.00183e-08)
(-4.77165e-07 -8.32671e-06 0 4.89001e-07 0 -1.18358e-08)
(2.74506e-07 -7.77558e-06 0 -2.49567e-07 0 -2.49391e-08)
(3.22162e-07 -4.81893e-06 0 -2.44786e-07 0 -7.73761e-08)
(1.44074e-07 -6.43544e-06 0 -1.44411e-07 0 3.37533e-10)
(-4.29276e-07 -5.09513e-06 0 4.29541e-07 0 -2.65148e-10)
(2.08825e-07 -4.35642e-06 0 -1.6535e-07 0 -4.34753e-08)
(3.59368e-07 -2.43169e-06 0 -3.48862e-07 0 -1.05067e-08)
(2.37711e-07 -4.43342e-06 0 -3.42016e-07 0 1.04305e-07)
(-3.32296e-07 -2.59579e-06 0 2.69977e-07 0 6.23187e-08)
(2.24473e-07 -1.62218e-06 0 -2.27473e-07 0 2.99956e-09)
(3.27113e-07 -6.53123e-07 0 -3.15477e-07 0 -1.16362e-08)
(6.81959e-08 -3.39866e-06 0 1.39882e-09 0 -6.95947e-08)
(-3.74299e-07 -1.1286e-06 0 4.14653e-07 0 -4.03538e-08)
(1.22025e-07 2.86237e-07 0 -1.16031e-07 0 -5.99387e-09)
(2.51178e-07 4.45528e-07 0 -2.15729e-07 0 -3.54489e-08)
(1.74851e-07 -2.49858e-06 0 -2.32688e-07 0 5.7837e-08)
(-2.05793e-07 5.65193e-07 0 1.41568e-07 0 6.42253e-08)
(5.44631e-08 2.19395e-06 0 7.43809e-10 0 -5.52069e-08)
(3.08218e-07 1.47119e-06 0 -3.65858e-07 0 5.76403e-08)
(2.61946e-07 -2.15845e-06 0 -3.82632e-07 0 1.20685e-07)
(-1.55827e-07 1.76592e-06 0 1.35896e-07 0 1.99304e-08)
(8.84107e-08 3.93068e-06 0 -1.72697e-07 0 8.42859e-08)
(1.69644e-07 2.59171e-06 0 -1.60159e-07 0 -9.48562e-09)
(-7.34214e-08 -1.25415e-06 0 2.72795e-07 0 -1.99374e-07)
(-1.6465e-07 2.49033e-06 0 2.64031e-07 0 -9.93818e-08)
(-1.11821e-07 4.58542e-06 0 1.72266e-07 0 -6.04445e-08)
(1.63326e-07 4.02836e-06 0 -1.82142e-07 0 1.88161e-08)
(2.45955e-07 -3.19523e-07 0 -3.54735e-07 0 1.0878e-07)
(9.92637e-08 2.13842e-06 0 -1.77507e-07 0 7.8243e-08)
(-1.38322e-07 4.32413e-06 0 1.57288e-07 0 -1.89662e-08)
(1.19079e-08 6.47709e-06 0 4.18612e-08 0 -5.37691e-08)
(8.89281e-08 1.23895e-06 0 -1.15739e-07 0 2.68106e-08)
(8.13676e-08 2.6137e-06 0 -7.13218e-08 0 -1.00458e-08)
(-1.19117e-07 4.49009e-06 0 1.11494e-07 0 7.62309e-09)
(7.18011e-09 8.1975e-06 0 3.37916e-09 0 -1.05593e-08)
(-7.67293e-08 3.44518e-06 0 1.60766e-07 0 -8.40368e-08)
(1.17469e-07 4.14864e-06 0 -1.03588e-07 0 -1.38813e-08)
(-2.12482e-07 5.64888e-06 0 2.61557e-07 0 -4.90746e-08)
(-4.82394e-08 9.55087e-06 0 6.53564e-08 0 -1.71171e-08)
(6.7984e-08 5.90275e-06 0 -2.0979e-07 0 1.41806e-07)
(2.48174e-07 6.29088e-06 0 -3.29645e-07 0 8.14717e-08)
(-1.56041e-07 7.60347e-06 0 1.52987e-07 0 3.05392e-09)
(-5.78034e-08 1.21732e-05 0 8.13821e-08 0 -2.35787e-08)
(-1.33748e-07 9.78971e-06 0 1.65009e-07 0 -3.12616e-08)
(1.57042e-07 1.00433e-05 0 -1.24304e-07 0 -3.27381e-08)
(-1.90647e-07 1.08361e-05 0 1.93431e-07 0 -2.78408e-09)
(-1.3843e-08 1.61903e-05 0 -9.06952e-09 0 2.29125e-08)
(-1.65164e-07 1.43864e-05 0 1.84318e-07 0 -1.91536e-08)
(2.04969e-07 1.44625e-05 0 -2.06833e-07 0 1.86437e-09)
(-2.04746e-07 1.5177e-05 0 2.20819e-07 0 -1.60735e-08)
(-6.4923e-08 2.2448e-05 0 1.06771e-07 0 -4.18478e-08)
(-1.30085e-07 2.16369e-05 0 9.90301e-08 0 3.10549e-08)
(2.27908e-07 2.1652e-05 0 -2.38125e-07 0 1.0217e-08)
(-2.10284e-07 2.18226e-05 0 2.22236e-07 0 -1.19516e-08)
(3.04721e-08 3.17578e-05 0 -4.79563e-08 0 1.74842e-08)
(-1.79359e-07 3.12483e-05 0 1.85063e-07 0 -5.70446e-09)
(2.17595e-07 3.11883e-05 0 -2.24593e-07 0 6.99798e-09)
(-2.09417e-07 3.12823e-05 0 2.19635e-07 0 -1.02181e-08)
(2.28373e-08 4.50741e-05 0 5.51565e-09 0 -2.8353e-08)
(-1.66251e-07 4.52418e-05 0 1.51335e-07 0 1.49166e-08)
(2.22097e-07 4.51905e-05 0 -2.24115e-07 0 2.01847e-09)
(-2.03692e-07 4.49005e-05 0 2.18721e-07 0 -1.50292e-08)
(9.83294e-08 6.40954e-05 0 -9.59536e-08 0 -2.37571e-09)
(-1.58627e-07 6.43687e-05 0 1.46472e-07 0 1.21545e-08)
(2.15686e-07 6.43287e-05 0 -2.31076e-07 0 1.53903e-08)
(-1.90865e-07 6.39062e-05 0 1.99612e-07 0 -8.74703e-09)
(6.30559e-08 9.01534e-05 0 -3.7558e-08 0 -2.5498e-08)
(-1.56677e-07 9.06831e-05 0 1.39007e-07 0 1.76702e-08)
(2.07399e-07 9.06277e-05 0 -2.09139e-07 0 1.74038e-09)
(-1.6707e-07 9.00004e-05 0 1.78767e-07 0 -1.16967e-08)
(8.88769e-08 0.000125673 0 -7.24373e-08 0 -1.64395e-08)
(-1.61957e-07 0.000126091 0 1.68042e-07 0 -6.08502e-09)
(1.85339e-07 0.000126072 0 -1.92287e-07 0 6.94783e-09)
(-1.34994e-07 0.000125356 0 1.3613e-07 0 -1.13567e-09)
(6.31303e-08 0.000172991 0 -8.97918e-08 0 2.66616e-08)
(-1.5772e-07 0.000173289 0 1.53515e-07 0 4.20447e-09)
(2.07152e-07 0.000173266 0 -2.32374e-07 0 2.52225e-08)
(-1.03696e-07 0.000172418 0 1.20638e-07 0 -1.69417e-08)
(-2.63652e-09 0.000235617 0 3.05542e-08 0 -2.79177e-08)
(-1.39737e-07 0.000235111 0 1.31994e-07 0 7.74301e-09)
(1.36723e-07 0.000235066 0 -1.23422e-07 0 -1.33006e-08)
(-6.57679e-08 0.000234559 0 8.62533e-08 0 -2.04854e-08)
(-2.65402e-08 0.000316327 0 -2.1258e-09 0 2.8666e-08)
(-1.74466e-07 0.000316642 0 1.67886e-07 0 6.5797e-09)
(1.85192e-07 0.000316698 0 -2.06307e-07 0 2.11152e-08)
(3.04789e-08 0.0003153 0 -1.14383e-08 0 -1.90406e-08)
(-7.27617e-08 0.000420271 0 9.85523e-08 0 -2.57905e-08)
(-1.1479e-07 0.00042093 0 9.3817e-08 0 2.09728e-08)
(1.09696e-07 0.000420971 0 -1.13589e-07 0 3.89291e-09)
(3.50157e-08 0.000419218 0 -1.93488e-08 0 -1.5667e-08)
(-1.39882e-07 0.000552294 0 1.59387e-07 0 -1.95057e-08)
(-1.4017e-07 0.000552431 0 1.22045e-07 0 1.81251e-08)
(1.08529e-07 0.000552814 0 -1.09626e-07 0 1.09637e-09)
(8.89107e-08 0.000551221 0 -7.37191e-08 0 -1.51916e-08)
(-1.52164e-07 0.000718197 0 1.59077e-07 0 -6.91317e-09)
(-1.21978e-07 0.000718824 0 1.24944e-07 0 -2.96556e-09)
(8.16906e-08 0.000719265 0 -9.75414e-08 0 1.58509e-08)
(8.13548e-08 0.000717053 0 -8.54473e-08 0 4.09241e-09)
(-2.24708e-07 0.000923647 0 2.35767e-07 0 -1.10592e-08)
(-1.15266e-07 0.000923582 0 1.07343e-07 0 7.92353e-09)
(5.29817e-08 0.00092385 0 -5.72502e-08 0 4.26852e-09)
(1.22948e-07 0.00092265 0 -1.0732e-07 0 -1.56281e-08)
(-2.58768e-07 0.00117442 0 2.62519e-07 0 -3.75125e-09)
(-1.09827e-07 0.00117451 0 1.06941e-07 0 2.88561e-09)
(4.39725e-08 0.0011742 0 -5.29075e-08 0 8.93497e-09)
(1.57875e-07 0.0011736 0 -1.45992e-07 0 -1.18836e-08)
(-2.95583e-07 0.00147818 0 3.09983e-07 0 -1.44001e-08)
(-1.18033e-07 0.0014779 0 1.05295e-07 0 1.27384e-08)
(2.46311e-08 0.00147808 0 -3.04797e-08 0 5.84858e-09)
(2.06271e-07 0.00147837 0 -1.92888e-07 0 -1.33832e-08)
(-2.9701e-07 0.00184096 0 2.99686e-07 0 -2.67595e-09)
(-1.12084e-07 0.00184129 0 1.07798e-07 0 4.28633e-09)
(5.7425e-08 0.00184122 0 -6.41005e-08 0 6.67551e-09)
(2.10369e-07 0.00184135 0 -2.01065e-07 0 -9.30349e-09)
(-2.83432e-07 0.00227015 0 2.958e-07 0 -1.23684e-08)
(-1.10934e-07 0.00227134 0 9.95145e-08 0 1.14195e-08)
(2.69948e-08 0.00227095 0 -3.32401e-08 0 6.24529e-09)
(2.16125e-07 0.0022703 0 -2.00342e-07 0 -1.57833e-08)
(-2.38266e-07 0.00277205 0 2.42801e-07 0 -4.53469e-09)
(-8.31843e-08 0.0027738 0 7.64745e-08 0 6.70979e-09)
(2.43237e-08 0.00277409 0 -3.2228e-08 0 7.90427e-09)
(1.79027e-07 0.002773 0 -1.68466e-07 0 -1.05604e-08)
(-1.9287e-07 0.00335325 0 2.04602e-07 0 -1.17323e-08)
(-4.60293e-08 0.00335486 0 3.76689e-08 0 8.36039e-09)
(1.1183e-09 0.00335502 0 -7.85949e-09 0 6.74119e-09)
(1.30211e-07 0.00335413 0 -1.17389e-07 0 -1.28223e-08)
(-1.48996e-07 0.00401925 0 1.56078e-07 0 -7.0816e-09)
(-2.36678e-08 0.00402037 0 1.6578e-08 0 7.08982e-09)
(-1.0147e-10 0.00402033 0 -7.73344e-09 0 7.83491e-09)
(8.72995e-08 0.00402008 0 -7.64384e-08 0 -1.08611e-08)
(-1.098e-07 0.00477475 0 1.17969e-07 0 -8.16982e-09)
(-1.15099e-08 0.00477578 0 4.76961e-09 0 6.74027e-09)
(-9.48719e-09 0.00477551 0 3.89206e-09 0 5.59514e-09)
(5.23649e-08 0.0047757 0 -4.00272e-08 0 -1.23378e-08)
(-6.48156e-08 0.00562328 0 7.14274e-08 0 -6.61187e-09)
(3.69602e-09 0.00562443 0 -1.30654e-08 0 9.3694e-09)
(-2.16463e-09 0.00562415 0 -6.54741e-09 0 8.71204e-09)
(1.53366e-08 0.00562485 0 -3.3813e-09 0 -1.19553e-08)
(-1.85031e-08 0.00655576 0 2.62627e-08 0 -7.75954e-09)
(1.61363e-08 0.00655662 0 -2.13382e-08 0 5.2019e-09)
(3.76708e-09 0.00655561 0 -8.294e-09 0 4.52692e-09)
(-1.32772e-08 0.00655697 0 2.20926e-08 0 -8.81548e-09)
(-2.89955e-08 -0.00308565 0 1.84937e-07 0 -1.55941e-07)
(1.94894e-07 -0.00311284 0 -2.2698e-07 0 3.2086e-08)
(5.57054e-08 -0.0031073 0 -2.08484e-07 0 1.52779e-07)
(-4.01579e-07 -0.00307308 0 6.25665e-07 0 -2.24086e-07)
(-2.10862e-06 -0.0048306 0 1.63781e-06 0 4.70809e-07)
(-5.48098e-07 -0.00484818 0 5.30107e-07 0 1.79905e-08)
(9.73196e-07 -0.00484095 0 -6.94248e-07 0 -2.78947e-07)
(-3.35623e-08 -0.00482057 0 -1.86408e-07 0 2.1997e-07)
(-2.04063e-06 -0.00417062 0 2.24168e-06 0 -2.01046e-07)
(-1.59262e-07 -0.00415576 0 1.35762e-07 0 2.35001e-08)
(8.90063e-07 -0.00415453 0 -9.5483e-07 0 6.47671e-08)
(-3.40327e-07 -0.00417619 0 4.72615e-07 0 -1.32288e-07)
(-1.32892e-06 -0.00351691 0 1.42739e-06 0 -9.84699e-08)
(-1.17889e-07 -0.00350707 0 2.06001e-07 0 -8.81123e-08)
(7.97587e-07 -0.00350883 0 -1.0229e-06 0 2.25315e-07)
(-8.11689e-08 -0.00352205 0 2.05021e-08 0 6.06668e-08)
(-7.07425e-07 -0.00294081 0 6.24066e-07 0 8.33592e-08)
(7.17892e-08 -0.002934 0 -5.77376e-08 0 -1.40516e-08)
(2.21147e-07 -0.00293707 0 -1.15487e-07 0 -1.05659e-07)
(-8.77886e-08 -0.00294417 0 1.09846e-07 0 -2.20574e-08)
(-5.44674e-07 -0.00243517 0 6.05865e-07 0 -6.11909e-08)
(9.06189e-08 -0.00243256 0 -8.64072e-08 0 -4.2117e-09)
(2.96713e-07 -0.00243623 0 -3.60188e-07 0 6.34749e-08)
(-4.87517e-08 -0.00243839 0 6.10088e-08 0 -1.22571e-08)
(-2.81809e-07 -0.00199909 0 2.62675e-07 0 1.91338e-08)
(1.63966e-08 -0.00199815 0 1.68178e-08 0 -3.32144e-08)
(1.71473e-07 -0.00200237 0 -2.09415e-07 0 3.79416e-08)
(3.61727e-08 -0.00200266 0 -5.12346e-08 0 1.50619e-08)
(-1.56334e-07 -0.00162493 0 1.49899e-07 0 6.43474e-09)
(-7.85351e-10 -0.00162661 0 -1.316e-08 0 1.39453e-08)
(8.58029e-08 -0.00162943 0 -8.96241e-08 0 3.82128e-09)
(7.70348e-09 -0.00162777 0 3.0826e-08 0 -3.85294e-08)
(-1.27355e-07 -0.00130836 0 1.30063e-07 0 -2.70827e-09)
(-1.54641e-07 -0.0013107 0 2.07659e-07 0 -5.30184e-08)
(1.52261e-07 -0.00131306 0 -2.09289e-07 0 5.70275e-08)
(1.35786e-07 -0.00131046 0 -1.80024e-07 0 4.42388e-08)
(-6.35144e-08 -0.00104424 0 8.64325e-08 0 -2.29181e-08)
(-1.53126e-07 -0.00104597 0 1.34595e-07 0 1.85313e-08)
(1.14129e-07 -0.0010476 0 -1.3899e-07 0 2.48611e-08)
(4.06585e-08 -0.00104566 0 4.12242e-08 0 -8.18828e-08)
(1.26459e-08 -0.000824841 0 -3.83751e-08 0 2.57292e-08)
(-2.75712e-07 -0.000825849 0 3.36623e-07 0 -6.09115e-08)
(1.13524e-07 -0.000826928 0 -1.21347e-07 0 7.8224e-09)
(2.17879e-07 -0.000827116 0 -2.93953e-07 0 7.60749e-08)
(1.23561e-07 -0.000644779 0 -1.50541e-07 0 2.69804e-08)
(-2.07236e-07 -0.000645259 0 1.73004e-07 0 3.42314e-08)
(1.94043e-08 -0.00064607 0 7.45312e-09 0 -2.68574e-08)
(5.04391e-08 -0.000648092 0 1.41828e-08 0 -6.4622e-08)
(9.95816e-08 -0.000498574 0 -7.52168e-08 0 -2.43648e-08)
(-3.12395e-07 -0.000498518 0 3.66189e-07 0 -5.37937e-08)
(3.80395e-08 -0.000499015 0 -6.4826e-08 0 2.67865e-08)
(1.40657e-07 -0.000502197 0 -2.09253e-07 0 6.8596e-08)
(2.60481e-07 -0.00038132 0 -3.11111e-07 0 5.06295e-08)
(-2.40819e-07 -0.000380783 0 2.25352e-07 0 1.54678e-08)
(-7.37026e-08 -0.000381441 0 7.0505e-08 0 3.19764e-09)
(-3.90045e-08 -0.000384195 0 9.33574e-08 0 -5.43529e-08)
(2.00169e-07 -0.000288414 0 -1.74788e-07 0 -2.53808e-08)
(-2.9441e-07 -0.000287367 0 3.2582e-07 0 -3.14094e-08)
(2.17158e-08 -0.000287089 0 -1.46104e-07 0 1.24388e-07)
(3.23867e-08 -0.000291026 0 -5.5311e-08 0 2.29243e-08)
(2.12851e-07 -0.000215637 0 -1.20675e-07 0 -9.21766e-08)
(-2.40993e-07 -0.000213944 0 2.69859e-07 0 -2.88656e-08)
(-1.41189e-07 -0.000212168 0 8.32654e-08 0 5.79233e-08)
(-2.26208e-07 -0.000217317 0 3.49411e-07 0 -1.23203e-07)
(4.14994e-07 -0.000159431 0 -5.00517e-07 0 8.55236e-08)
(-1.73239e-07 -0.000157032 0 1.99089e-07 0 -2.58501e-08)
(-1.94019e-07 -0.000154885 0 1.72614e-07 0 2.14047e-08)
(-1.27208e-07 -0.000159969 0 5.29958e-08 0 7.42118e-08)
(3.7091e-07 -0.000116424 0 -3.24385e-07 0 -4.65246e-08)
(-5.75701e-08 -0.000114004 0 5.44957e-08 0 3.07436e-09)
(-2.85891e-07 -0.000112529 0 2.74699e-07 0 1.11918e-08)
(-3.92551e-07 -0.000117174 0 4.53698e-07 0 -6.11461e-08)
(4.6408e-07 -8.40818e-05 0 -4.92407e-07 0 2.83272e-08)
(-5.55684e-08 -8.30096e-05 0 9.38289e-08 0 -3.82605e-08)
(-3.54753e-07 -8.21001e-05 0 3.88338e-07 0 -3.35859e-08)
(-3.63816e-07 -8.49051e-05 0 3.28581e-07 0 3.5235e-08)
(5.04225e-07 -5.99119e-05 0 -5.42499e-07 0 3.8274e-08)
(1.71499e-08 -5.92733e-05 0 -2.89807e-08 0 1.18309e-08)
(-3.45304e-07 -5.88814e-05 0 3.30632e-07 0 1.46717e-08)
(-4.29119e-07 -6.08496e-05 0 4.08711e-07 0 2.04076e-08)
(4.33735e-07 -4.22769e-05 0 -4.03113e-07 0 -3.06225e-08)
(-8.99085e-09 -4.21266e-05 0 3.5373e-08 0 -2.63822e-08)
(-3.34682e-07 -4.1786e-05 0 2.96024e-07 0 3.86576e-08)
(-5.13051e-07 -4.2955e-05 0 5.50364e-07 0 -3.73126e-08)
(4.70975e-07 -2.94332e-05 0 -4.77663e-07 0 6.68869e-09)
(1.53744e-09 -2.92784e-05 0 1.84992e-08 0 -2.00366e-08)
(-3.64708e-07 -2.90457e-05 0 3.42578e-07 0 2.21294e-08)
(-4.71631e-07 -2.97528e-05 0 4.50101e-07 0 2.15297e-08)
(4.46934e-07 -2.05092e-05 0 -4.38551e-07 0 -8.38261e-09)
(1.92851e-08 -2.04862e-05 0 -7.98783e-09 0 -1.12973e-08)
(-3.66859e-07 -1.99503e-05 0 3.45308e-07 0 2.15516e-08)
(-5.32804e-07 -2.02207e-05 0 5.64537e-07 0 -3.17328e-08)
(4.45727e-07 -1.40963e-05 0 -4.62031e-07 0 1.63036e-08)
(2.86183e-08 -1.39936e-05 0 -1.71307e-08 0 -1.14875e-08)
(-3.57864e-07 -1.34495e-05 0 3.38864e-07 0 1.9e-08)
(-4.72045e-07 -1.33449e-05 0 4.43009e-07 0 2.90366e-08)
(4.55353e-07 -1.02739e-05 0 -4.98287e-07 0 4.29343e-08)
(5.10332e-08 -1.03134e-05 0 -4.97628e-08 0 -1.27042e-09)
(-3.45417e-07 -8.99409e-06 0 3.25253e-07 0 2.01633e-08)
(-4.90536e-07 -8.46524e-06 0 4.86467e-07 0 4.06916e-09)
(2.42962e-07 -7.42843e-06 0 -1.42672e-07 0 -1.0029e-07)
(3.96857e-08 -7.366e-06 0 3.2896e-09 0 -4.29753e-08)
(-3.22059e-07 -5.86133e-06 0 3.30339e-07 0 -8.27967e-09)
(-5.29863e-07 -5.01345e-06 0 5.81028e-07 0 -5.11654e-08)
(3.78659e-07 -6.32167e-06 0 -4.47119e-07 0 6.84595e-08)
(1.15621e-07 -6.43824e-06 0 -1.26641e-07 0 1.10197e-08)
(-1.99307e-07 -3.82412e-06 0 1.13153e-07 0 8.61535e-08)
(-4.43302e-07 -2.6478e-06 0 4.27124e-07 0 1.61781e-08)
(2.10467e-07 -4.47789e-06 0 -2.40032e-07 0 2.95648e-08)
(1.41438e-07 -4.50845e-06 0 -1.17186e-07 0 -2.42522e-08)
(-1.7657e-07 -2.34757e-06 0 1.67434e-07 0 9.13611e-09)
(-4.23126e-07 -9.45292e-07 0 4.14753e-07 0 8.37327e-09)
(2.08009e-09 -3.14741e-06 0 1.43966e-07 0 -1.46046e-07)
(1.54843e-07 -3.2887e-06 0 -1.3414e-07 0 -2.07033e-08)
(-1.62399e-07 -1.39342e-06 0 1.60063e-07 0 2.33568e-09)
(-4.67636e-07 9.83307e-08 0 5.33042e-07 0 -6.54058e-08)
(2.04732e-07 -3.06497e-06 0 -4.13451e-07 0 2.08719e-07)
(2.42005e-07 -3.26613e-06 0 -2.6021e-07 0 1.82049e-08)
(-2.45114e-08 -6.77191e-07 0 -2.181e-08 0 4.63214e-08)
(-2.22284e-07 1.0174e-06 0 7.53805e-08 0 1.46903e-07)
(-2.18834e-07 -1.21208e-06 0 3.43745e-07 0 -1.24911e-07)
(2.38058e-07 -1.3369e-06 0 -2.21288e-07 0 -1.67703e-08)
(-1.30742e-07 -2.75991e-08 0 2.41544e-07 0 -1.10802e-07)
(-3.98394e-07 1.87218e-06 0 4.67383e-07 0 -6.89894e-08)
(-2.32013e-07 -1.23618e-07 0 2.60134e-07 0 -2.81208e-08)
(2.26935e-07 -4.51731e-07 0 -1.91006e-07 0 -3.59291e-08)
(7.63578e-08 5.19754e-07 0 -1.14354e-07 0 3.79961e-08)
(-2.76971e-07 3.02654e-06 0 2.73258e-07 0 3.71283e-09)
(-1.70288e-07 1.28603e-06 0 8.53645e-08 0 8.49236e-08)
(2.90888e-07 1.11103e-06 0 -3.0614e-07 0 1.52515e-08)
(1.36257e-07 1.44592e-06 0 -1.74392e-07 0 3.81353e-08)
(-1.79374e-07 4.98641e-06 0 1.47734e-07 0 3.16403e-08)
(-4.12244e-07 3.17126e-06 0 5.0574e-07 0 -9.34961e-08)
(2.33873e-07 2.8629e-06 0 -2.00182e-07 0 -3.3691e-08)
(1.65882e-07 2.74498e-06 0 -1.62107e-07 0 -3.77521e-09)
(-1.81506e-07 6.29551e-06 0 2.51548e-07 0 -7.00416e-08)
(-3.02881e-07 5.54658e-06 0 2.55666e-07 0 4.72143e-08)
(2.51847e-07 5.3889e-06 0 -2.43144e-07 0 -8.70305e-09)
(2.86584e-07 4.93683e-06 0 -3.58652e-07 0 7.20686e-08)
(9.72617e-09 7.40832e-06 0 -4.70858e-08 0 3.73597e-08)
(-3.87532e-07 9.14183e-06 0 3.80678e-07 0 6.85369e-09)
(2.49765e-07 8.927e-06 0 -2.53188e-07 0 3.42299e-09)
(2.24916e-07 8.14453e-06 0 -2.11002e-07 0 -1.39139e-08)
(4.41264e-08 9.91345e-06 0 -4.4245e-08 0 1.18601e-10)
(-4.13044e-07 1.4134e-05 0 4.10689e-07 0 2.35487e-09)
(2.09654e-07 1.40349e-05 0 -1.93027e-07 0 -1.66274e-08)
(2.59635e-07 1.28494e-05 0 -2.70221e-07 0 1.05853e-08)
(1.12193e-07 1.40027e-05 0 -1.15984e-07 0 3.79153e-09)
(-4.3613e-07 2.13184e-05 0 4.38274e-07 0 -2.14407e-09)
(1.93872e-07 2.11577e-05 0 -1.85306e-07 0 -8.56577e-09)
(2.50869e-07 1.93382e-05 0 -2.62368e-07 0 1.14986e-08)
(1.58075e-07 2.01029e-05 0 -1.59116e-07 0 1.04056e-09)
(-4.33313e-07 3.14592e-05 0 4.27759e-07 0 5.55398e-09)
(1.47819e-07 3.1385e-05 0 -1.3652e-07 0 -1.12991e-08)
(2.26227e-07 2.85165e-05 0 -2.37172e-07 0 1.09451e-08)
(2.1816e-07 2.89779e-05 0 -2.22584e-07 0 4.42437e-09)
(-4.3184e-07 4.56818e-05 0 4.31976e-07 0 -1.35853e-10)
(9.25556e-08 4.54918e-05 0 -8.19638e-08 0 -1.05918e-08)
(1.72022e-07 4.22842e-05 0 -1.83608e-07 0 1.15864e-08)
(2.67917e-07 4.25714e-05 0 -2.69151e-07 0 1.23395e-09)
(-4.13977e-07 6.53049e-05 0 4.07859e-07 0 6.11787e-09)
(3.73973e-08 6.51226e-05 0 -3.01576e-08 0 -7.23972e-09)
(1.34605e-07 6.28992e-05 0 -1.50116e-07 0 1.55109e-08)
(3.11431e-07 6.32095e-05 0 -3.146e-07 0 3.16882e-09)
(-3.92816e-07 9.20518e-05 0 3.93692e-07 0 -8.75833e-10)
(1.06917e-08 9.15686e-05 0 3.46006e-10 0 -1.10377e-08)
(1.06163e-07 8.99467e-05 0 -1.146e-07 0 8.43604e-09)
(3.08916e-07 9.05079e-05 0 -3.09841e-07 0 9.24802e-10)
(-3.59268e-07 0.000128106 0 3.50112e-07 0 9.15523e-09)
(-2.49922e-08 0.000127278 0 2.32411e-08 0 1.75114e-09)
(1.05431e-07 0.000126517 0 -1.26147e-07 0 2.07159e-08)
(3.0619e-07 0.000127618 0 -2.95905e-07 0 -1.02844e-08)
(-3.32005e-07 0.000175899 0 3.35646e-07 0 -3.64049e-09)
(-5.04967e-08 0.000175853 0 6.8588e-08 0 -1.80913e-08)
(1.17758e-07 0.000175071 0 -1.2555e-07 0 7.79148e-09)
(2.87881e-07 0.000175655 0 -2.94678e-07 0 6.79698e-09)
(-2.6685e-07 0.000239129 0 2.79449e-07 0 -1.25989e-08)
(-7.99399e-08 0.000240835 0 1.04384e-07 0 -2.44441e-08)
(6.54377e-08 0.000238475 0 -5.19293e-08 0 -1.35084e-08)
(2.56702e-07 0.000237827 0 -2.65146e-07 0 8.4435e-09)
(-1.09345e-07 0.000319553 0 9.93657e-08 0 9.97912e-09)
(-6.74443e-08 0.000321823 0 7.9588e-08 0 -1.21437e-08)
(3.20925e-08 0.00031991 0 -5.37315e-08 0 2.16391e-08)
(1.95826e-07 0.000318777 0 -2.04827e-07 0 9.00004e-09)
(-5.54792e-08 0.000422585 0 7.40316e-08 0 -1.85524e-08)
(-6.59403e-08 0.000423485 0 8.72442e-08 0 -2.13038e-08)
(-2.648e-08 0.000422618 0 3.10543e-08 0 -4.57432e-09)
(1.40215e-07 0.000422853 0 -1.50714e-07 0 1.04987e-08)
(3.21749e-08 0.000553588 0 -4.14696e-08 0 9.29471e-09)
(-5.62091e-08 0.000553519 0 5.72296e-08 0 -1.02041e-09)
(2.73773e-09 0.000553805 0 -1.54126e-08 0 1.26749e-08)
(1.09955e-07 0.00055535 0 -1.10528e-07 0 5.7319e-10)
(5.40475e-08 0.000720278 0 -6.84469e-08 0 1.43995e-08)
(-4.69741e-08 0.000718393 0 5.5593e-08 0 -8.61883e-09)
(5.94205e-08 0.000718126 0 -7.90777e-08 0 1.96572e-08)
(7.71911e-08 0.000721594 0 -7.4277e-08 0 -2.91416e-09)
(5.91743e-08 0.000926605 0 -5.08226e-08 0 -8.3517e-09)
(-1.36394e-07 0.000923761 0 1.44949e-07 0 -8.55578e-09)
(1.02053e-07 0.00092275 0 -1.06696e-07 0 4.64293e-09)
(1.09278e-07 0.00092685 0 -1.06104e-07 0 -3.17376e-09)
(8.82483e-08 0.00117662 0 -9.98249e-08 0 1.15766e-08)
(-1.77789e-07 0.00117471 0 1.87864e-07 0 -1.00751e-08)
(1.55154e-07 0.00117409 0 -1.67e-07 0 1.18465e-08)
(1.17279e-07 0.00117651 0 -1.23891e-07 0 6.61168e-09)
(1.01978e-07 0.00147956 0 -9.96013e-08 0 -2.37681e-09)
(-2.21733e-07 0.00147844 0 2.30658e-07 0 -8.92523e-09)
(1.66962e-07 0.00147794 0 -1.75879e-07 0 8.91655e-09)
(1.26249e-07 0.00147907 0 -1.28572e-07 0 2.32314e-09)
(8.66992e-08 0.00184157 0 -9.44887e-08 0 7.78956e-09)
(-2.33625e-07 0.00184126 0 2.44795e-07 0 -1.11699e-08)
(1.7475e-07 0.0018411 0 -1.84825e-07 0 1.00751e-08)
(1.23472e-07 0.00184097 0 -1.27791e-07 0 4.319e-09)
(1.00714e-07 0.00227004 0 -9.99329e-08 0 -7.81057e-10)
(-2.39094e-07 0.00227044 0 2.49153e-07 0 -1.00589e-08)
(1.57789e-07 0.0022704 0 -1.66758e-07 0 8.96969e-09)
(1.22456e-07 0.00226951 0 -1.25432e-07 0 2.97602e-09)
(8.88973e-08 0.00277142 0 -9.42416e-08 0 5.34432e-09)
(-2.2145e-07 0.00277237 0 2.31839e-07 0 -1.03898e-08)
(1.43519e-07 0.00277266 0 -1.5328e-07 0 9.76045e-09)
(1.15189e-07 0.00277109 0 -1.19011e-07 0 3.82221e-09)
(8.19213e-08 0.00335228 0 -8.33847e-08 0 1.4634e-09)
(-1.98468e-07 0.00335357 0 2.08985e-07 0 -1.05173e-08)
(1.15469e-07 0.00335408 0 -1.24636e-07 0 9.16687e-09)
(1.02839e-07 0.0033521 0 -1.06371e-07 0 3.53196e-09)
(6.91396e-08 0.00401798 0 -7.34548e-08 0 4.31515e-09)
(-1.61633e-07 0.00401939 0 1.71974e-07 0 -1.03411e-08)
(9.45994e-08 0.00402025 0 -1.04172e-07 0 9.57275e-09)
(8.71353e-08 0.00401798 0 -9.03819e-08 0 3.24659e-09)
(6.10215e-08 0.00477338 0 -6.48179e-08 0 3.79638e-09)
(-1.22468e-07 0.00477457 0 1.32568e-07 0 -1.01003e-08)
(6.79398e-08 0.00477568 0 -7.63927e-08 0 8.4529e-09)
(6.96777e-08 0.00477327 0 -7.34402e-08 0 3.76254e-09)
(2.80797e-08 0.00562208 0 -2.88061e-08 0 7.26357e-10)
(-8.43199e-08 0.00562292 0 9.407e-08 0 -9.75009e-09)
(5.01238e-08 0.00562439 0 -5.85205e-08 0 8.39676e-09)
(5.53102e-08 0.0056217 0 -5.7669e-08 0 2.35879e-09)
(-4.63333e-09 0.00655492 0 1.90896e-09 0 2.72437e-09)
(-4.3357e-08 0.00655637 0 5.14831e-08 0 -8.12611e-09)
(2.68039e-08 0.00655821 0 -3.47466e-08 0 7.94274e-09)
(3.23996e-08 0.00655455 0 -3.60411e-08 0 3.64149e-09)
)
;

boundaryField
{
    topWall
    {
        type            calculated;
        value           nonuniform List<symmTensor> 8((-1.56157e-08 0.00704039 0 2.04878e-08 0 -4.8721e-09) (1.2754e-08 0.00704079 0 -1.45735e-08 0 1.81953e-09) (2.15209e-09 0.00703908 0 -5.06402e-09 0 2.91193e-09) (-1.28788e-08 0.00704088 0 2.1296e-08 0 -8.41714e-09) (-6.54287e-10 0.00703962 0 -6.04913e-09 0 6.70342e-09) (-3.66791e-08 0.00704176 0 3.81274e-08 0 -1.44825e-09) (2.25647e-08 0.00704384 0 -2.62683e-08 0 3.70357e-09) (2.976e-08 0.0070395 0 -3.07618e-08 0 1.00185e-09));
    }
    botWall
    {
        type            calculated;
        value           nonuniform List<symmTensor> 8((4.4375e-07 -0.000700146 0 -8.65941e-07 0 4.22192e-07) (-5.69228e-08 -0.000704509 0 4.6413e-08 0 1.05099e-08) (-4.81254e-09 -0.000708239 0 2.91781e-09 0 1.89473e-09) (2.44809e-08 -0.000705317 0 -9.10392e-09 0 -1.5377e-08) (4.02446e-08 -0.000703456 0 -3.15276e-08 0 -8.71698e-09) (1.35227e-08 -0.000699441 0 -3.57242e-08 0 2.22016e-08) (-8.46947e-08 -0.000704497 0 1.05577e-07 0 -2.0882e-08) (4.29153e-08 -0.000707102 0 -4.95769e-08 0 6.66159e-09));
    }
    inlet
    {
        type            cyclic;
    }
    outlet
    {
        type            cyclic;
    }
    fixWall
    {
        type            empty;
    }
}


// ************************************************************************* //
