/*--------------------------------*- C++ -*----------------------------------*\
  =========                 |
  \\      /  F ield         | OpenFOAM: The Open Source CFD Toolbox
   \\    /   O peration     | Website:  https://openfoam.org
    \\  /    A nd           | Version:  dev
     \\/     M anipulation  |

   OpenFOAM for Windows 20.09 (v1)
   Built by CFD Support, www.cfdsupport.com (based on Symscape).
\*---------------------------------------------------------------------------*/
FoamFile
{
    version     2.0;
    format      ascii;
    class       volTensorField;
    location    "2";
    object      gradU;
}
// * * * * * * * * * * * * * * * * * * * * * * * * * * * * * * * * * * * * * //

dimensions      [0 0 -1 0 0 0 0];

internalField   nonuniform List<tensor> 
960
(
(-5.71296e-05 -1.0174e-06 0 3.45911 0.000691155 0 0 0 0)
(0.000178697 -1.42344e-05 0 3.48237 -0.000277161 0 0 0 0)
(1.77743e-05 3.27165e-07 0 3.49592 1.80017e-05 0 0 0 0)
(-0.000105623 2.63164e-07 0 3.4799 9.50568e-05 0 0 0 0)
(1.37704e-06 -7.00743e-06 0 2.97212 -0.000308507 0 0 0 0)
(0.000434815 3.01521e-06 0 2.99194 -0.000457876 0 0 0 0)
(-5.89248e-05 5.87646e-06 0 2.99889 6.18923e-05 0 0 0 0)
(-0.000315231 1.79033e-06 0 2.98327 0.000282547 0 0 0 0)
(4.8084e-05 -1.54438e-05 0 2.52595 -0.000167751 0 0 0 0)
(0.000624931 -8.0611e-06 0 2.5395 -0.000621546 0 0 0 0)
(-0.000126786 1.26675e-05 0 2.54521 0.000129029 0 0 0 0)
(-0.000495553 3.17504e-06 0 2.53215 0.000466922 0 0 0 0)
(8.34334e-05 -2.59289e-05 0 2.12872 -0.000345087 0 0 0 0)
(0.00075588 7.96155e-06 0 2.13729 -0.000738572 0 0 0 0)
(-0.000181406 2.40176e-05 0 2.14098 0.000182066 0 0 0 0)
(-0.000634022 5.30802e-06 0 2.13139 0.000601909 0 0 0 0)
(0.000109218 -3.78296e-05 0 1.7782 -0.000315626 0 0 0 0)
(0.000829326 7.24778e-07 0 1.78329 -0.000840571 0 0 0 0)
(-0.000225063 3.50089e-05 0 1.78506 0.000226834 0 0 0 0)
(-0.000727747 5.71061e-06 0 1.77864 0.000712347 0 0 0 0)
(0.000133053 -5.02149e-05 0 1.47151 -0.000106391 0 0 0 0)
(0.000870164 1.70025e-05 0 1.4744 -0.000853535 0 0 0 0)
(-0.000258955 4.98996e-05 0 1.475 0.000260666 0 0 0 0)
(-0.000789892 8.1665e-06 0 1.47098 0.000752556 0 0 0 0)
(0.000149804 -6.28952e-05 0 1.20614 -0.000197119 0 0 0 0)
(0.000887504 6.8424e-06 0 1.20755 -0.000896523 0 0 0 0)
(-0.000282152 6.17771e-05 0 1.20753 0.000285458 0 0 0 0)
(-0.000826137 6.98838e-06 0 1.20526 0.000812029 0 0 0 0)
(0.000163087 -7.57669e-05 0 0.97888 -0.000320584 0 0 0 0)
(0.000893382 2.50455e-05 0 0.979441 -0.000872711 0 0 0 0)
(-0.000297163 7.83754e-05 0 0.979225 0.000296264 0 0 0 0)
(-0.00084496 1.03975e-05 0 0.978176 0.000804474 0 0 0 0)
(0.000174876 -8.81376e-05 0 0.786655 -0.000120873 0 0 0 0)
(0.000893263 1.71232e-05 0 0.786534 -0.000891354 0 0 0 0)
(-0.000303232 8.97302e-05 0 0.786316 0.000307012 0 0 0 0)
(-0.000849752 7.60776e-06 0 0.786251 0.000835308 0 0 0 0)
(0.000183082 -0.000101188 0 0.625657 -0.000404628 0 0 0 0)
(0.000887734 3.21769e-05 0 0.625149 -0.000872876 0 0 0 0)
(-0.00030189 0.000107153 0 0.625139 0.000302966 0 0 0 0)
(-0.000844381 1.22147e-05 0 0.626002 0.000816045 0 0 0 0)
(0.000197842 -0.000112585 0 0.492784 -0.000143913 0 0 0 0)
(0.00088462 2.89164e-05 0 0.491445 -0.000855626 0 0 0 0)
(-0.000289011 0.000117879 0 0.491521 0.000286047 0 0 0 0)
(-0.000828229 8.5965e-06 0 0.493724 0.000793555 0 0 0 0)
(0.00020362 -0.000126049 0 0.383878 -0.000383025 0 0 0 0)
(0.000866687 3.93429e-05 0 0.382104 -0.000866759 0 0 0 0)
(-0.000263915 0.000134639 0 0.382694 0.000276617 0 0 0 0)
(-0.00079389 1.35053e-05 0 0.385866 0.000776865 0 0 0 0)
(0.00022675 -0.000136129 0 0.29605 -0.000223816 0 0 0 0)
(0.000864883 3.99105e-05 0 0.293332 -0.000785378 0 0 0 0)
(-0.000226309 0.000145273 0 0.294601 0.00022513 0 0 0 0)
(-0.000762833 1.01892e-05 0 0.298627 0.000714249 0 0 0 0)
(0.000230106 -0.000149101 0 0.225302 -0.000338675 0 0 0 0)
(0.000842537 4.68254e-05 0 0.222411 -0.000954731 0 0 0 0)
(-0.000175666 0.000159633 0 0.225331 0.000180387 0 0 0 0)
(-0.000718015 1.57858e-05 0 0.228988 0.000704811 0 0 0 0)
(0.000262834 -0.000160579 0 0.16923 -0.00030794 0 0 0 0)
(0.000865371 4.85615e-05 0 0.164366 -0.000805827 0 0 0 0)
(-0.000116693 0.000172932 0 0.168442 0.000127508 0 0 0 0)
(-0.000715683 1.54233e-05 0 0.173305 0.000639779 0 0 0 0)
(0.000249316 -0.000170063 0 0.125423 -0.000324732 0 0 0 0)
(0.00082941 5.40828e-05 0 0.119737 -0.000865814 0 0 0 0)
(-2.66858e-05 0.000183727 0 0.123901 3.80693e-06 0 0 0 0)
(-0.000639833 1.87725e-05 0 0.129929 0.000686236 0 0 0 0)
(0.000245778 -0.00018146 0 0.0919243 -0.000275847 0 0 0 0)
(0.000840012 5.40371e-05 0 0.0882992 -0.000836832 0 0 0 0)
(5.31785e-05 0.000198799 0 0.0920954 -0.000104662 0 0 0 0)
(-0.000605819 2.35475e-05 0 0.0967148 0.000599756 0 0 0 0)
(0.000226663 -0.000190485 0 0.067048 -0.000304679 0 0 0 0)
(0.000832263 5.69359e-05 0 0.0644945 -0.000763103 0 0 0 0)
(0.000113574 0.00020767 0 0.0672758 -0.000138258 0 0 0 0)
(-0.0005706 2.31669e-05 0 0.070726 0.000626821 0 0 0 0)
(0.000234767 -0.000200781 0 0.0479427 -0.00023636 0 0 0 0)
(0.000843809 5.68108e-05 0 0.0467707 -0.000840829 0 0 0 0)
(0.000157037 0.000221965 0 0.0489773 -0.000205754 0 0 0 0)
(-0.000559404 3.12715e-05 0 0.0509442 0.000581313 0 0 0 0)
(0.000232334 -0.000211312 0 0.034047 -0.000293164 0 0 0 0)
(0.000849507 5.7446e-05 0 0.033423 -0.000835271 0 0 0 0)
(0.000183132 0.000231372 0 0.0348743 -0.000230078 0 0 0 0)
(-0.00055122 3.14046e-05 0 0.0360306 0.000581901 0 0 0 0)
(0.000240912 -0.000221484 0 0.0236832 -0.000281151 0 0 0 0)
(0.000857597 5.78623e-05 0 0.0235558 -0.000837655 0 0 0 0)
(0.000200496 0.000245584 0 0.0244972 -0.000239592 0 0 0 0)
(-0.000548116 3.96327e-05 0 0.0251198 0.000590644 0 0 0 0)
(0.00024042 -0.00023166 0 0.0163888 -0.000313824 0 0 0 0)
(0.000863073 5.81387e-05 0 0.0164496 -0.000825635 0 0 0 0)
(0.0002092 0.000255177 0 0.0168849 -0.000252936 0 0 0 0)
(-0.000544938 4.12895e-05 0 0.017221 0.000563954 0 0 0 0)
(0.000244236 -0.000241857 0 0.0111579 -0.000274982 0 0 0 0)
(0.000865865 5.8877e-05 0 0.0111741 -0.000867389 0 0 0 0)
(0.000213353 0.000268744 0 0.0113658 -0.000253624 0 0 0 0)
(-0.000540864 4.78526e-05 0 0.0116225 0.000579046 0 0 0 0)
(0.000235528 -0.000252839 0 0.00769998 -0.000317004 0 0 0 0)
(0.000866537 5.84946e-05 0 0.00750546 -0.000814438 0 0 0 0)
(0.000216674 0.000279284 0 0.00730954 -0.00025933 0 0 0 0)
(-0.000535634 5.16207e-05 0 0.00775363 0.000564168 0 0 0 0)
(0.000230256 -0.000262286 0 0.00545289 -0.000246946 0 0 0 0)
(0.000859357 5.98383e-05 0 0.00473627 -0.000878054 0 0 0 0)
(0.000217489 0.000291721 0 0.00411463 -0.000274656 0 0 0 0)
(-0.000522818 5.60981e-05 0 0.005025 0.000570556 0 0 0 0)
(0.000208266 -0.000274877 0 0.0044242 -0.000308569 0 0 0 0)
(0.000844233 5.80328e-05 0 0.00293747 -0.000849448 0 0 0 0)
(0.000221486 0.000303428 0 0.0015008 -0.000259893 0 0 0 0)
(-0.000504348 6.26907e-05 0 0.00316635 0.000474284 0 0 0 0)
(0.000193305 -0.000282457 0 0.00420046 -0.000305077 0 0 0 0)
(0.000810634 6.06495e-05 0 0.00138066 -0.000639844 0 0 0 0)
(0.000221303 0.000313783 0 -0.000942891 -0.000199413 0 0 0 0)
(-0.000470014 6.32528e-05 0 0.0016038 0.00051715 0 0 0 0)
(0.000153871 -0.000291597 0 0.0047772 -0.000249957 0 0 0 0)
(0.000758511 5.97939e-05 0 0.000298694 -0.000772788 0 0 0 0)
(0.000225205 0.000322711 0 -0.00352761 -0.000306403 0 0 0 0)
(-0.000426028 7.16171e-05 0 0.000229146 0.000437613 0 0 0 0)
(0.000129396 -0.000301902 0 0.00603789 -0.000145566 0 0 0 0)
(0.000672221 5.97088e-05 0 -0.000748169 -0.000653322 0 0 0 0)
(0.000220144 0.000333956 0 -0.00639683 -0.000249196 0 0 0 0)
(-0.000355829 7.36136e-05 0 -0.00139076 0.000375912 0 0 0 0)
(7.9549e-05 -0.000307324 0 0.00640165 1.29257e-05 0 0 0 0)
(0.000551265 5.80667e-05 0 -0.00186387 -0.000435645 0 0 0 0)
(0.000214495 0.000339865 0 -0.00974455 -0.000222324 0 0 0 0)
(-0.000270766 7.88614e-05 0 -0.00334737 0.000335359 0 0 0 0)
(3.32008e-05 -0.000316038 0 0.00523236 3.28548e-05 0 0 0 0)
(0.000403118 5.57879e-05 0 -0.00218743 -0.000646348 0 0 0 0)
(0.000195419 0.000346806 0 -0.00783572 -0.000309008 0 0 0 0)
(-0.000147405 8.57744e-05 0 -0.00220144 7.64604e-05 0 0 0 0)
(-3.36687e-05 -0.000320484 0 0.00391688 0.000145033 0 0 0 0)
(0.000333464 5.2369e-05 0 -0.00126592 -0.000273895 0 0 0 0)
(0.000214262 0.000351912 0 -0.00323946 -0.000127345 0 0 0 0)
(-9.33105e-05 8.66535e-05 0 0.000148366 2.64526e-05 0 0 0 0)
(-7.32625e-05 -0.000321322 0 0.00282578 8.64956e-05 0 0 0 0)
(0.000283845 5.12483e-05 0 -0.000126968 -0.000248649 0 0 0 0)
(0.000218991 0.000351812 0 -0.00150091 -0.000201213 0 0 0 0)
(-4.90197e-05 9.31194e-05 0 0.000942951 -1.40467e-06 0 0 0 0)
(-0.000123192 -0.000324182 0 0.00233973 0.000138784 0 0 0 0)
(0.000261352 4.75739e-05 0 0.00094308 -0.000323399 0 0 0 0)
(0.000232094 0.000356033 0 0.000356192 -0.00024025 0 0 0 0)
(-2.05217e-05 9.42728e-05 0 0.00194938 -6.5458e-05 0 0 0 0)
(-0.000146983 -0.000324934 0 0.00284752 0.000243489 0 0 0 0)
(0.000250786 4.49311e-05 0 0.00238932 -0.000174083 0 0 0 0)
(0.000235762 0.000356111 0 0.00223814 -0.000176707 0 0 0 0)
(-4.99268e-07 0.000101136 0 0.00327586 -4.1963e-05 0 0 0 0)
(-0.000177689 -0.000326864 0 0.00409819 0.00020167 0 0 0 0)
(0.000251196 4.05706e-05 0 0.00398753 -0.000273304 0 0 0 0)
(0.00024687 0.000358235 0 0.00436681 -0.000273184 0 0 0 0)
(1.25244e-05 0.000103235 0 0.00503223 -2.75104e-05 0 0 0 0)
(-0.000192047 -0.000329992 0 0.00642565 0.000322686 0 0 0 0)
(0.000255263 3.70168e-05 0 0.00652715 -0.000348668 0 0 0 0)
(0.000253174 0.000360208 0 0.00697608 -0.000243944 0 0 0 0)
(2.13454e-05 0.000110779 0 0.00737845 -0.000114801 0 0 0 0)
(-0.000208629 -0.00033234 0 0.0098996 0.000216567 0 0 0 0)
(0.00026037 3.11267e-05 0 0.00979023 -0.000207914 0 0 0 0)
(0.000261058 0.000362132 0 0.0103264 -0.000260326 0 0 0 0)
(2.82021e-05 0.000113259 0 0.0106741 -3.25379e-05 0 0 0 0)
(-0.00021863 -0.000334007 0 0.0150144 0.000330818 0 0 0 0)
(0.000262377 2.90686e-05 0 0.0146542 -0.000335989 0 0 0 0)
(0.000267905 0.000363131 0 0.0149136 -0.00024815 0 0 0 0)
(3.53766e-05 0.000120403 0 0.0154231 -0.00013534 0 0 0 0)
(-0.000227871 -0.000337903 0 0.0222201 0.000260213 0 0 0 0)
(0.00025869 2.14773e-05 0 0.0212854 -0.000205696 0 0 0 0)
(0.000273872 0.000365477 0 0.0211112 -0.000249835 0 0 0 0)
(4.4282e-05 0.000123521 0 0.0221397 -7.48997e-05 0 0 0 0)
(-0.000236141 -0.000337633 0 0.0323245 0.000287617 0 0 0 0)
(0.000243895 2.05678e-05 0 0.0306209 -0.000299632 0 0 0 0)
(0.000282144 0.000365311 0 0.0295364 -0.000306448 0 0 0 0)
(6.14739e-05 0.000129305 0 0.0313611 -0.000122144 0 0 0 0)
(-0.000240532 -0.000343536 0 0.0461155 0.000367553 0 0 0 0)
(0.000212222 1.15762e-05 0 0.04323 -0.000321733 0 0 0 0)
(0.000286209 0.000368435 0 0.0408856 -0.000280261 0 0 0 0)
(8.57735e-05 0.00013494 0 0.0436941 -0.000111093 0 0 0 0)
(-0.000246033 -0.000343869 0 0.0647434 0.000192721 0 0 0 0)
(0.00015673 9.77093e-06 0 0.0604642 -2.5148e-05 0 0 0 0)
(0.000289879 0.000368821 0 0.0561493 -0.000252516 0 0 0 0)
(0.00013098 0.000139943 0 0.0601366 -0.000144144 0 0 0 0)
(-0.000239974 -0.00034448 0 0.0895863 0.000426379 0 0 0 0)
(6.89872e-05 4.15557e-06 0 0.083398 -0.00022271 0 0 0 0)
(0.000280748 0.000366451 0 0.0763031 -0.000311707 0 0 0 0)
(0.000196588 0.000142986 0 0.0818473 -0.000316915 0 0 0 0)
(-0.000231574 -0.000346233 0 0.121865 0.000205387 0 0 0 0)
(-6.46568e-05 -2.53051e-06 0 0.113695 0.000272077 0 0 0 0)
(0.000264034 0.000367251 0 0.103615 -0.000219036 0 0 0 0)
(0.000307959 0.000150948 0 0.110022 -0.000314354 0 0 0 0)
(-0.000199739 -0.000338256 0 0.159035 0.000240329 0 0 0 0)
(-0.000235174 -2.91814e-06 0 0.150771 0.000324395 0 0 0 0)
(0.000219518 0.000356678 0 0.141922 -0.000219136 0 0 0 0)
(0.000397221 0.000149634 0 0.147306 -0.000631057 0 0 0 0)
(-0.000229553 -0.000335198 0 0.204487 0.000202495 0 0 0 0)
(-0.000349867 -1.01883e-05 0 0.198172 0.000419499 0 0 0 0)
(0.000206277 0.000351327 0 0.193179 -0.00030013 0 0 0 0)
(0.000478351 0.000154349 0 0.197173 -0.000417733 0 0 0 0)
(-0.000243985 -0.000328169 0 0.264741 0.000323251 0 0 0 0)
(-0.000423647 -1.12952e-05 0 0.260046 0.000440717 0 0 0 0)
(0.000202869 0.000342724 0 0.257091 -0.000166399 0 0 0 0)
(0.000531717 0.000157303 0 0.260473 -0.000664506 0 0 0 0)
(-0.00026411 -0.000322378 0 0.340612 0.000180001 0 0 0 0)
(-0.000477366 -1.83491e-05 0 0.337144 0.000562312 0 0 0 0)
(0.000213394 0.000332907 0 0.335677 -0.000240676 0 0 0 0)
(0.000572011 0.000155673 0 0.338529 -0.000570014 0 0 0 0)
(-0.000272625 -0.000314792 0 0.434603 0.000405011 0 0 0 0)
(-0.000505894 -1.83065e-05 0 0.432339 0.000521161 0 0 0 0)
(0.000225945 0.000323852 0 0.43189 -0.000251276 0 0 0 0)
(0.000594382 0.000160499 0 0.434199 -0.000617265 0 0 0 0)
(-0.00028241 -0.000308454 0 0.549675 0.000203426 0 0 0 0)
(-0.000522579 -2.92872e-05 0 0.548191 0.000629021 0 0 0 0)
(0.000244383 0.000313933 0 0.54838 -0.000232975 0 0 0 0)
(0.000609012 0.000160133 0 0.550257 -0.000708911 0 0 0 0)
(-0.000286829 -0.000299285 0 0.68854 0.000394147 0 0 0 0)
(-0.000527477 -2.55799e-05 0 0.687982 0.000564855 0 0 0 0)
(0.000260368 0.000301553 0 0.688651 -0.000286388 0 0 0 0)
(0.00061537 0.000162759 0 0.689905 -0.000628758 0 0 0 0)
(-0.000287019 -0.000292917 0 0.854277 0.000170767 0 0 0 0)
(-0.000520733 -4.06295e-05 0 0.854334 0.000659569 0 0 0 0)
(0.00027642 0.000294039 0 0.855668 -0.000263203 0 0 0 0)
(0.00061295 0.000164348 0 0.856235 -0.000745275 0 0 0 0)
(-0.000287077 -0.000284268 0 1.05002 0.000464794 0 0 0 0)
(-0.000504285 -3.28127e-05 0 1.05013 0.000423996 0 0 0 0)
(0.000292045 0.000278139 0 1.05232 -0.000355462 0 0 0 0)
(0.000600115 0.000166994 0 1.05274 -0.000569692 0 0 0 0)
(-0.000295107 -0.000279675 0 1.27825 0.000104052 0 0 0 0)
(-0.000482335 -5.43004e-05 0 1.27832 0.000797084 0 0 0 0)
(0.000319836 0.000277478 0 1.28129 -0.000212178 0 0 0 0)
(0.000581641 0.00017046 0 1.28259 -0.000771228 0 0 0 0)
(-0.000306628 -0.000267274 0 1.54241 0.000534418 0 0 0 0)
(-0.000453626 -3.80832e-05 0 1.54188 0.000269242 0 0 0 0)
(0.000363086 0.000252 0 1.54558 -0.000491433 0 0 0 0)
(0.000562424 0.000170692 0 1.5481 -0.00046708 0 0 0 0)
(-0.000342081 -0.000270046 0 1.84425 0.000286918 0 0 0 0)
(-0.000429398 -7.13979e-05 0 1.84361 0.00043866 0 0 0 0)
(0.000423461 0.000265206 0 1.84715 -0.000525688 0 0 0 0)
(0.000540605 0.000181351 0 1.85307 -0.000762815 0 0 0 0)
(-0.000374891 -0.000255487 0 2.18594 0.000515665 0 0 0 0)
(-0.000405255 -5.16266e-05 0 2.18478 0.000760323 0 0 0 0)
(0.000520617 0.000231976 0 2.18771 -0.000312256 0 0 0 0)
(0.00053875 0.000184438 0 2.19798 -0.000535715 0 0 0 0)
(-0.000466953 -0.000253289 0 2.57465 0.000788984 0 0 0 0)
(-0.000399995 -8.51966e-05 0 2.57585 0.000274739 0 0 0 0)
(0.000643381 0.000243605 0 2.57138 -0.000823025 0 0 0 0)
(0.000581017 0.00018763 0 2.584 -0.000365864 0 0 0 0)
(-0.00039953 -0.0002508 0 4.13051 -0.000557029 0 0 0 0)
(-0.000459647 -7.84934e-05 0 4.14044 0.00101763 0 0 0 0)
(0.000656575 0.000221299 0 4.1089 -0.000232665 0 0 0 0)
(0.000592662 0.000202192 0 4.11368 -0.000649809 0 0 0 0)
(-0.000129748 7.08863e-07 0 3.47067 0.000141212 0 0 0 0)
(2.29991e-05 -1.64818e-06 0 3.45536 0.000128531 0 0 0 0)
(0.000169103 -1.86312e-08 0 3.47755 -0.000415632 0 0 0 0)
(-9.60723e-05 1.56194e-05 0 3.48572 0.000204329 0 0 0 0)
(-0.000279267 -1.50962e-07 0 2.9755 0.000236605 0 0 0 0)
(9.17254e-05 -7.63254e-06 0 2.96999 8.36165e-05 0 0 0 0)
(0.000336815 1.28193e-06 0 2.98433 -0.000621722 0 0 0 0)
(-0.00021131 2.827e-06 0 2.98563 0.000407706 0 0 0 0)
(-0.000351062 -2.60665e-06 0 2.52608 0.00034009 0 0 0 0)
(0.000170261 -1.59536e-05 0 2.52615 4.06443e-05 0 0 0 0)
(0.000429764 5.38286e-06 0 2.53519 -0.000740521 0 0 0 0)
(-0.000299639 2.08397e-05 0 2.53458 0.000513745 0 0 0 0)
(-0.000379322 -7.25559e-06 0 2.12705 0.0003342 0 0 0 0)
(0.000243448 -2.56427e-05 0 2.12905 -4.18201e-05 0 0 0 0)
(0.000477295 9.16694e-06 0 2.13464 -0.000814836 0 0 0 0)
(-0.000365306 1.23732e-05 0 2.13362 0.000604579 0 0 0 0)
(-0.000390013 -1.33355e-05 0 1.77571 0.000398343 0 0 0 0)
(0.000296849 -3.51042e-05 0 1.77775 -9.19973e-05 0 0 0 0)
(0.000505857 1.61562e-05 0 1.78106 -0.000824844 0 0 0 0)
(-0.000398428 2.86688e-05 0 1.78031 0.000616586 0 0 0 0)
(-0.000394041 -2.06613e-05 0 1.4691 0.000337332 0 0 0 0)
(0.000332576 -4.60292e-05 0 1.47056 -0.000131346 0 0 0 0)
(0.000519943 2.09767e-05 0 1.47232 -0.000853309 0 0 0 0)
(-0.000412848 2.08601e-05 0 1.47197 0.000650398 0 0 0 0)
(-0.000397003 -2.80672e-05 0 1.20422 0.000419317 0 0 0 0)
(0.000350574 -5.49483e-05 0 1.20506 -0.000149131 0 0 0 0)
(0.000529351 2.91852e-05 0 1.20575 -0.000847154 0 0 0 0)
(-0.00041194 4.11175e-05 0 1.20575 0.000636598 0 0 0 0)
(-0.000397291 -3.66807e-05 0 0.977808 0.000333427 0 0 0 0)
(0.000358015 -6.7137e-05 0 0.978059 -0.000151966 0 0 0 0)
(0.000531368 3.40721e-05 0 0.977716 -0.000866987 0 0 0 0)
(-0.000406437 3.16941e-05 0 0.977937 0.000641834 0 0 0 0)
(-0.000398957 -4.40078e-05 0 0.786351 0.000416048 0 0 0 0)
(0.000349034 -7.49552e-05 0 0.786331 -0.000148025 0 0 0 0)
(0.000527313 4.24152e-05 0 0.785143 -0.000849814 0 0 0 0)
(-0.000392545 5.02242e-05 0 0.785335 0.000633907 0 0 0 0)
(-0.000395948 -5.30696e-05 0 0.62643 0.00036229 0 0 0 0)
(0.000337893 -8.82347e-05 0 0.626027 -0.000120517 0 0 0 0)
(0.000514756 4.71044e-05 0 0.623735 -0.000845091 0 0 0 0)
(-0.000381246 4.38431e-05 0 0.623771 0.000593948 0 0 0 0)
(-0.00039855 -5.96172e-05 0 0.494551 0.00036348 0 0 0 0)
(0.000304113 -9.50782e-05 0 0.493716 -0.000113478 0 0 0 0)
(0.000489719 5.4323e-05 0 0.490249 -0.000830513 0 0 0 0)
(-0.000360504 5.75653e-05 0 0.490213 0.000636061 0 0 0 0)
(-0.00039607 -6.81868e-05 0 0.386617 0.000372182 0 0 0 0)
(0.000266202 -0.000108135 0 0.385705 -8.64494e-05 0 0 0 0)
(0.000456365 5.95967e-05 0 0.38086 -0.000743874 0 0 0 0)
(-0.000338999 5.52864e-05 0 0.380369 0.000545885 0 0 0 0)
(-0.000401227 -7.40058e-05 0 0.299154 0.000361964 0 0 0 0)
(0.000208162 -0.000113679 0 0.29887 2.71341e-05 0 0 0 0)
(0.000400787 6.48619e-05 0 0.292768 -0.000776792 0 0 0 0)
(-0.000310212 6.35794e-05 0 0.291743 0.000597701 0 0 0 0)
(-0.000392011 -7.96387e-05 0 0.22816 0.000494432 0 0 0 0)
(0.000159782 -0.000127114 0 0.230052 8.19358e-06 0 0 0 0)
(0.000337571 6.91061e-05 0 0.222901 -0.000617125 0 0 0 0)
(-0.000284304 6.45027e-05 0 0.220246 0.000512272 0 0 0 0)
(-0.000383495 -8.56161e-05 0 0.173133 0.000306706 0 0 0 0)
(0.000120516 -0.000132205 0 0.176288 4.7397e-05 0 0 0 0)
(0.000237354 7.32632e-05 0 0.166359 -0.000509934 0 0 0 0)
(-0.000270205 6.82203e-05 0 0.163213 0.000451901 0 0 0 0)
(-0.000342293 -8.95117e-05 0 0.130493 0.000491254 0 0 0 0)
(4.68763e-05 -0.000140725 0 0.133342 0.000140012 0 0 0 0)
(0.000119663 7.58479e-05 0 0.123946 -0.000366861 0 0 0 0)
(-0.000236453 6.78692e-05 0 0.12076 0.000387038 0 0 0 0)
(-0.000326624 -9.47198e-05 0 0.0962494 0.000159005 0 0 0 0)
(1.141e-05 -0.000146507 0 0.0978939 7.08627e-05 0 0 0 0)
(2.76679e-05 7.73803e-05 0 0.0923005 -0.000222224 0 0 0 0)
(-0.000245603 6.89224e-05 0 0.0896584 0.000388523 0 0 0 0)
(-0.000322642 -9.83266e-05 0 0.0700607 0.000325183 0 0 0 0)
(-1.89381e-05 -0.000147078 0 0.0702039 0.000151057 0 0 0 0)
(-1.75953e-05 8.11422e-05 0 0.0662002 -0.000185082 0 0 0 0)
(-0.000242724 6.69755e-05 0 0.0651551 0.00039618 0 0 0 0)
(-0.000335324 -0.000102649 0 0.0501401 0.000288507 0 0 0 0)
(-5.29325e-05 -0.000155011 0 0.0501515 0.000191418 0 0 0 0)
(-5.64795e-05 8.14657e-05 0 0.0472399 -0.000151526 0 0 0 0)
(-0.000231472 6.69291e-05 0 0.0464305 0.000408747 0 0 0 0)
(-0.000335854 -0.000104825 0 0.0355515 0.000271598 0 0 0 0)
(-6.72748e-05 -0.000154412 0 0.0355834 0.000179051 0 0 0 0)
(-7.96123e-05 8.47644e-05 0 0.0336204 -0.000128309 0 0 0 0)
(-0.000231012 6.55616e-05 0 0.0330544 0.000406919 0 0 0 0)
(-0.000342779 -0.000109363 0 0.0248741 0.000353503 0 0 0 0)
(-8.51174e-05 -0.000161677 0 0.0250367 0.000222873 0 0 0 0)
(-9.86294e-05 8.52635e-05 0 0.0237304 -0.000112155 0 0 0 0)
(-0.000224363 6.41815e-05 0 0.0230706 0.000383261 0 0 0 0)
(-0.00033724 -0.000110954 0 0.0173201 0.000240258 0 0 0 0)
(-8.63362e-05 -0.000162173 0 0.0174758 0.000221721 0 0 0 0)
(-0.00011238 8.74375e-05 0 0.0168062 -0.000108382 0 0 0 0)
(-0.000231799 6.2745e-05 0 0.0162501 0.000396714 0 0 0 0)
(-0.000338531 -0.000115067 0 0.011924 0.000366248 0 0 0 0)
(-9.36817e-05 -0.000167487 0 0.0119001 0.000208839 0 0 0 0)
(-0.000119057 8.818e-05 0 0.0117214 -8.40866e-05 0 0 0 0)
(-0.000231319 6.07575e-05 0 0.0114676 0.000403316 0 0 0 0)
(-0.000332614 -0.000117125 0 0.00839226 0.000235399 0 0 0 0)
(-8.97126e-05 -0.000169679 0 0.00795908 0.000233521 0 0 0 0)
(-0.000119588 9.06788e-05 0 0.00816742 -0.000100423 0 0 0 0)
(-0.000241191 5.95634e-05 0 0.00834424 0.00041133 0 0 0 0)
(-0.000335107 -0.000120578 0 0.00599183 0.000389542 0 0 0 0)
(-9.74289e-05 -0.000173084 0 0.0051533 0.000215551 0 0 0 0)
(-0.000112638 9.11435e-05 0 0.00573502 -9.10733e-05 0 0 0 0)
(-0.00023911 5.71478e-05 0 0.00637198 0.000444225 0 0 0 0)
(-0.000330476 -0.000123041 0 0.00466905 0.000169387 0 0 0 0)
(-9.39928e-05 -0.000177689 0 0.00326821 0.000197336 0 0 0 0)
(-9.9277e-05 9.449e-05 0 0.00394131 -0.000135004 0 0 0 0)
(-0.000245893 5.69655e-05 0 0.00515451 0.000360778 0 0 0 0)
(-0.000333409 -0.000125194 0 0.0037563 0.000336169 0 0 0 0)
(-0.000109558 -0.000178157 0 0.00224799 0.000279202 0 0 0 0)
(-8.11995e-05 9.38675e-05 0 0.00287403 -7.67517e-05 0 0 0 0)
(-0.000231062 5.42551e-05 0 0.00464441 0.000363349 0 0 0 0)
(-0.000319739 -0.000127007 0 0.00332349 0.000315248 0 0 0 0)
(-0.000108697 -0.000184571 0 0.00195612 0.000260082 0 0 0 0)
(-5.93366e-05 9.58925e-05 0 0.00205198 -0.00014789 0 0 0 0)
(-0.000223786 5.31601e-05 0 0.00413323 0.000393926 0 0 0 0)
(-0.000304626 -0.000128153 0 0.00291886 0.000185468 0 0 0 0)
(-0.00013075 -0.000185876 0 0.00260447 0.000235607 0 0 0 0)
(-4.49143e-05 9.60982e-05 0 0.00160996 -0.000182868 0 0 0 0)
(-0.000185642 5.2554e-05 0 0.00371113 0.000290313 0 0 0 0)
(-0.000253152 -0.000129345 0 0.0027609 0.000507325 0 0 0 0)
(-0.000130512 -0.00019071 0 0.00192753 0.000183812 0 0 0 0)
(-4.08922e-05 9.68042e-05 0 0.00119029 -8.62595e-06 0 0 0 0)
(-0.000149987 5.37818e-05 0 0.00390786 0.000412531 0 0 0 0)
(-0.000216711 -0.000130678 0 0.00281162 0.000158512 0 0 0 0)
(-0.000156927 -0.000194476 0 0.00113426 7.75492e-05 0 0 0 0)
(-1.19089e-05 9.99102e-05 0 0.00113426 -8.29488e-05 0 0 0 0)
(-9.87857e-05 5.29131e-05 0 0.00460564 0.000143272 0 0 0 0)
(-0.000197557 -0.000129327 0 0.00266367 0.000313354 0 0 0 0)
(-0.000158468 -0.000194734 0 0.000556689 8.7626e-05 0 0 0 0)
(1.69641e-05 9.78996e-05 0 0.00121693 2.67708e-05 0 0 0 0)
(-8.16852e-05 5.57119e-05 0 0.00512188 4.31174e-05 0 0 0 0)
(-0.000209906 -0.000129659 0 0.00286642 0.000255947 0 0 0 0)
(-0.000181039 -0.000199252 0 -0.000466207 0.000123525 0 0 0 0)
(6.41776e-05 9.91684e-05 0 0.00139649 4.05919e-05 0 0 0 0)
(-5.37863e-05 5.48842e-05 0 0.00524445 -2.67572e-05 0 0 0 0)
(-0.000221043 -0.000127245 0 0.00326742 0.000240744 0 0 0 0)
(-0.000182967 -0.000198324 0 -5.7059e-05 0.000145696 0 0 0 0)
(0.000112142 9.53949e-05 0 0.00222417 -7.47959e-05 0 0 0 0)
(-5.78636e-05 5.64769e-05 0 0.00536633 -0.000106654 0 0 0 0)
(-0.000243346 -0.00012614 0 0.00422091 0.000361045 0 0 0 0)
(-0.000198427 -0.000204511 0 0.00116362 0.000171985 0 0 0 0)
(0.000154567 9.49626e-05 0 0.00317002 -7.11038e-05 0 0 0 0)
(-5.18604e-05 5.84438e-05 0 0.00565908 -1.31614e-05 0 0 0 0)
(-0.000256247 -0.000123679 0 0.00567749 0.000305374 0 0 0 0)
(-0.000200482 -0.000205526 0 0.00344161 0.000137063 0 0 0 0)
(0.000187066 9.23092e-05 0 0.00500538 -0.000157665 0 0 0 0)
(-6.32387e-05 6.17201e-05 0 0.00669137 3.01534e-05 0 0 0 0)
(-0.000269857 -0.000123397 0 0.00791675 0.000357476 0 0 0 0)
(-0.000209628 -0.000212228 0 0.00630289 0.000149685 0 0 0 0)
(0.00020873 9.31808e-05 0 0.00727299 -0.000147661 0 0 0 0)
(-6.69803e-05 6.44328e-05 0 0.00838359 -2.0115e-05 0 0 0 0)
(-0.000274173 -0.000119271 0 0.0111683 0.000317119 0 0 0 0)
(-0.000211211 -0.000213945 0 0.010315 0.000148911 0 0 0 0)
(0.000221744 8.94792e-05 0 0.010773 -0.000186354 0 0 0 0)
(-7.7361e-05 6.95593e-05 0 0.0113852 3.29971e-05 0 0 0 0)
(-0.000275842 -0.000120373 0 0.0158784 0.000367561 0 0 0 0)
(-0.000216216 -0.000220619 0 0.0154752 0.000166599 0 0 0 0)
(0.000226567 9.12489e-05 0 0.0155566 -0.000163557 0 0 0 0)
(-8.15377e-05 7.11481e-05 0 0.0158087 -2.23862e-06 0 0 0 0)
(-0.000273304 -0.000114239 0 0.022677 0.000284314 0 0 0 0)
(-0.000216575 -0.000222797 0 0.0226569 0.000143727 0 0 0 0)
(0.000227303 8.66652e-05 0 0.0224078 -0.000166081 0 0 0 0)
(-8.63964e-05 7.77988e-05 0 0.0223361 1.18581e-05 0 0 0 0)
(-0.000267222 -0.000116729 0 0.0320259 0.000378701 0 0 0 0)
(-0.000220703 -0.000228126 0 0.0322546 0.000162257 0 0 0 0)
(0.000221219 8.90511e-05 0 0.0317209 -0.000177033 0 0 0 0)
(-8.46661e-05 7.8253e-05 0 0.0313805 3.83585e-05 0 0 0 0)
(-0.000258412 -0.000109499 0 0.045056 0.000358035 0 0 0 0)
(-0.000221658 -0.000232059 0 0.0458324 0.000164361 0 0 0 0)
(0.000212734 8.46002e-05 0 0.0445105 -0.000201879 0 0 0 0)
(-7.63373e-05 8.5543e-05 0 0.0438236 5.24308e-05 0 0 0 0)
(-0.000231585 -0.000112138 0 0.0627982 0.000230214 0 0 0 0)
(-0.000229794 -0.000237458 0 0.0640537 0.00011508 0 0 0 0)
(0.000187738 8.71856e-05 0 0.0613864 -0.000123518 0 0 0 0)
(-5.79155e-05 8.77435e-05 0 0.0604308 3.15211e-05 0 0 0 0)
(-0.000193127 -0.000105179 0 0.0869218 0.000348573 0 0 0 0)
(-0.000245188 -0.000237955 0 0.0886986 0.000286919 0 0 0 0)
(0.000152353 8.32076e-05 0 0.0836737 -0.000123455 0 0 0 0)
(-2.0387e-05 9.08137e-05 0 0.0825304 -8.0873e-05 0 0 0 0)
(-0.000117397 -0.000102074 0 0.115653 0.000179891 0 0 0 0)
(-0.000283931 -0.000245325 0 0.118319 0.000260713 0 0 0 0)
(8.49366e-05 8.10557e-05 0 0.112224 -3.16601e-05 0 0 0 0)
(4.06279e-05 9.69074e-05 0 0.111281 -0.000101404 0 0 0 0)
(-5.48364e-05 -9.55941e-05 0 0.152146 -1.50803e-05 0 0 0 0)
(-0.000302331 -0.000241481 0 0.154956 0.000293737 0 0 0 0)
(3.5058e-05 7.71723e-05 0 0.150652 0.000137062 0 0 0 0)
(0.000140284 9.47644e-05 0 0.15065 -0.000337688 0 0 0 0)
(1.01052e-05 -8.66608e-05 0 0.201249 0.000160006 0 0 0 0)
(-0.000308837 -0.000242789 0 0.203223 0.000316206 0 0 0 0)
(1.31713e-05 7.05319e-05 0 0.200594 -1.18636e-05 0 0 0 0)
(0.000180353 9.86286e-05 0 0.200827 -0.000185691 0 0 0 0)
(4.60032e-05 -8.33618e-05 0 0.262711 -8.69701e-05 0 0 0 0)
(-0.000313249 -0.000244345 0 0.264037 0.000295071 0 0 0 0)
(-4.88755e-06 6.88074e-05 0 0.262342 9.47763e-05 0 0 0 0)
(0.000205179 9.83371e-05 0 0.26212 -0.00032848 0 0 0 0)
(6.94975e-05 -7.06679e-05 0 0.339437 -4.89186e-05 0 0 0 0)
(-0.000314987 -0.00023976 0 0.34019 0.000243937 0 0 0 0)
(-1.87814e-05 6.01394e-05 0 0.339312 8.0041e-05 0 0 0 0)
(0.000220342 0.000102436 0 0.338863 -0.000240352 0 0 0 0)
(7.36911e-05 -6.9796e-05 0 0.43411 1.63135e-05 0 0 0 0)
(-0.000315335 -0.000242196 0 0.434241 0.000360663 0 0 0 0)
(-2.70104e-05 6.07359e-05 0 0.434124 3.11636e-05 0 0 0 0)
(0.000226846 0.000100003 0 0.433437 -0.000314272 0 0 0 0)
(7.02105e-05 -5.43691e-05 0 0.549639 -9.73689e-05 0 0 0 0)
(-0.000314764 -0.000239513 0 0.549214 0.000269586 0 0 0 0)
(-3.21831e-05 4.88905e-05 0 0.549672 0.000151142 0 0 0 0)
(0.000228332 0.000108667 0 0.549043 -0.00030135 0 0 0 0)
(5.63095e-05 -5.34877e-05 0 0.688887 -3.34435e-05 0 0 0 0)
(-0.000314779 -0.000238054 0 0.68806 0.000316377 0 0 0 0)
(-2.98481e-05 5.12203e-05 0 0.689091 6.39531e-05 0 0 0 0)
(0.000226886 0.000100875 0 0.688259 -0.000367383 0 0 0 0)
(3.94672e-05 -3.86168e-05 0 0.854753 -9.12096e-06 0 0 0 0)
(-0.000311359 -0.000237889 0 0.853833 0.000277183 0 0 0 0)
(-2.88677e-05 3.74945e-05 0 0.855082 0.000131904 0 0 0 0)
(0.000219142 0.00011417 0 0.854349 -0.000241495 0 0 0 0)
(1.6281e-05 -3.64467e-05 0 1.05044 1.12229e-05 0 0 0 0)
(-0.000309289 -0.000235703 0 1.04953 0.000324302 0 0 0 0)
(-2.12487e-05 4.25756e-05 0 1.05127 2.89442e-05 0 0 0 0)
(0.00021346 0.000101522 0 1.05062 -0.000370522 0 0 0 0)
(-1.40186e-05 -2.37169e-05 0 1.27903 9.69272e-06 0 0 0 0)
(-0.000297573 -0.000237594 0 1.27778 0.000241095 0 0 0 0)
(-1.07104e-05 2.59141e-05 0 1.27952 0.000151244 0 0 0 0)
(0.000198266 0.000121435 0 1.2795 -0.000222558 0 0 0 0)
(-6.3802e-05 -1.95747e-05 0 1.54312 0.00016204 0 0 0 0)
(-0.000301041 -0.000233344 0 1.54124 0.000366607 0 0 0 0)
(7.34424e-06 3.48481e-05 0 1.5436 -8.90873e-06 0 0 0 0)
(0.000192243 0.000100736 0 1.5447 -0.000308516 0 0 0 0)
(-0.00012837 -9.82214e-06 0 1.84573 0.000299077 0 0 0 0)
(-0.000289683 -0.000240443 0 1.84343 0.000231464 0 0 0 0)
(4.69907e-05 1.4662e-05 0 1.84458 -3.68958e-05 0 0 0 0)
(0.000178476 0.00013049 0 1.84771 -0.000268562 0 0 0 0)
(-0.000224457 -3.00335e-06 0 2.19013 6.44536e-05 0 0 0 0)
(-0.000320316 -0.000238944 0 2.18472 0.000249462 0 0 0 0)
(7.87314e-05 2.65143e-05 0 2.18554 0.000257326 0 0 0 0)
(0.000186821 0.000106133 0 2.19227 -0.000245081 0 0 0 0)
(-0.000349252 3.26414e-06 0 2.57462 0.000242251 0 0 0 0)
(-0.000366269 -0.000237229 0 2.57005 0.000432817 0 0 0 0)
(0.000172825 6.41965e-06 0 2.56908 -0.000258988 0 0 0 0)
(0.000185247 0.000134796 0 2.57732 -6.43428e-06 0 0 0 0)
(-0.000457028 1.0308e-05 0 4.11731 0.000108312 0 0 0 0)
(-0.000412553 -0.000247298 0 4.11446 -7.36595e-05 0 0 0 0)
(0.000199983 1.91934e-05 0 4.1134 -6.65664e-05 0 0 0 0)
(0.000279539 0.000123599 0 4.11952 -2.34297e-05 0 0 0 0)
(-0.000118256 -0.000235938 0 16.4922 0.00102469 0 0 0 0)
(-0.000760128 -7.97905e-05 0 16.5303 -4.81382e-05 0 0 0 0)
(0.000197417 0.000215814 0 16.3051 0.00158828 0 0 0 0)
(0.00072121 0.000193312 0 16.0608 -0.000896664 0 0 0 0)
(0.00365257 -0.000214072 0 25.6619 -0.00587902 0 0 0 0)
(-0.00357901 -6.91002e-05 0 25.6797 0.00487833 0 0 0 0)
(-0.00716988 0.000207157 0 25.5158 0.00318472 0 0 0 0)
(0.00140702 0.000160666 0 25.3829 -0.00242407 0 0 0 0)
(0.00206212 -0.000172581 0 22.0012 0.000783614 0 0 0 0)
(-0.0031964 7.12718e-05 0 21.9857 0.00150814 0 0 0 0)
(-0.00474998 9.41078e-05 0 22.0562 0.00589408 0 0 0 0)
(0.00216078 8.86913e-05 0 22.2402 -0.00111183 0 0 0 0)
(0.00118399 -0.00016222 0 18.5742 -0.00325357 0 0 0 0)
(-0.00266197 1.60743e-05 0 18.5684 0.00474266 0 0 0 0)
(-0.00292815 0.000163491 0 18.6407 0.00442574 0 0 0 0)
(0.0022072 -4.5456e-05 0 18.7543 -0.00270731 0 0 0 0)
(0.000423203 -9.53103e-05 0 15.5497 1.89404e-05 0 0 0 0)
(-0.00208904 0.00019926 0 15.5484 0.00120032 0 0 0 0)
(-0.00165275 -3.00583e-05 0 15.6092 0.000785457 0 0 0 0)
(0.00214233 -5.2463e-05 0 15.669 -0.00223547 0 0 0 0)
(0.000253697 -0.000136389 0 12.8983 -0.000228133 0 0 0 0)
(-0.00166938 2.88496e-05 0 12.9002 0.00180289 0 0 0 0)
(-0.000916848 0.000106228 0 12.9524 0.00112457 0 0 0 0)
(0.00182397 -8.24282e-05 0 12.9705 -0.00164114 0 0 0 0)
(3.6669e-05 -6.20262e-05 0 10.5994 -0.000856976 0 0 0 0)
(-0.00118677 0.000221805 0 10.5985 0.00206816 0 0 0 0)
(-0.000480308 -8.74589e-05 0 10.6458 0.000755683 0 0 0 0)
(0.00137418 -0.000100668 0 10.6412 -0.00206968 0 0 0 0)
(-7.88094e-06 -0.000104848 0 8.62485 0.000978068 0 0 0 0)
(-0.000895263 5.57273e-05 0 8.62477 0.000141247 0 0 0 0)
(-0.000206205 3.72636e-05 0 8.66396 -2.48405e-05 0 0 0 0)
(0.000978743 -0.000105779 0 8.64906 -0.000293324 0 0 0 0)
(-2.44568e-06 -5.66088e-05 0 6.94703 -0.00142802 0 0 0 0)
(-0.00053503 0.00020509 0 6.94987 0.00147383 0 0 0 0)
(-7.54994e-05 -9.47017e-05 0 6.98464 0.00033973 0 0 0 0)
(0.00050833 -0.00010659 0 6.96614 -0.00135614 0 0 0 0)
(6.39828e-05 -9.01887e-05 0 5.54434 0.00110042 0 0 0 0)
(-0.000268384 8.51898e-05 0 5.5465 -5.95181e-05 0 0 0 0)
(6.49963e-05 -9.90249e-06 0 5.57649 0.000149539 0 0 0 0)
(0.000138225 -0.000117306 0 5.56139 0.000331351 0 0 0 0)
(7.27429e-05 -5.21636e-05 0 4.38386 -0.00151614 0 0 0 0)
(9.05931e-07 0.000189242 0 4.37394 0.000649972 0 0 0 0)
(0.000172697 -8.81872e-05 0 4.40558 -0.000462656 0 0 0 0)
(-0.000194348 -0.000113912 0 4.39879 -0.000369086 0 0 0 0)
(-0.000100651 -9.56988e-05 0 3.43526 0.00155968 0 0 0 0)
(9.36972e-05 0.000102748 0 3.4136 -0.00116926 0 0 0 0)
(0.000479182 -2.68868e-05 0 3.4402 -0.000571767 0 0 0 0)
(-0.000428673 -0.000106763 0 3.44166 0.000725376 0 0 0 0)
(-0.000282072 -6.81707e-05 0 2.66058 -0.00121821 0 0 0 0)
(8.32476e-05 0.000153718 0 2.63806 0.00165396 0 0 0 0)
(0.00064035 -5.661e-05 0 2.65881 -0.000367949 0 0 0 0)
(-0.000577581 -9.65418e-05 0 2.66014 0.000665646 0 0 0 0)
(-0.000494822 -8.04044e-05 0 2.03156 0.00158665 0 0 0 0)
(6.41e-05 0.000116919 0 2.01454 -0.00172604 0 0 0 0)
(0.000847143 -4.33587e-05 0 2.03169 -0.00115224 0 0 0 0)
(-0.000702588 -9.83849e-05 0 2.0343 0.000156209 0 0 0 0)
(-0.000644139 -9.04142e-05 0 1.54033 -0.000509543 0 0 0 0)
(8.55104e-05 0.00010807 0 1.52152 0.00155265 0 0 0 0)
(0.000969763 -2.52391e-05 0 1.53619 -0.000358095 0 0 0 0)
(-0.000757387 -6.13609e-05 0 1.53818 0.00125291 0 0 0 0)
(-0.000844247 -5.79823e-05 0 1.15797 0.0011311 0 0 0 0)
(-4.91401e-06 0.000119443 0 1.13648 -0.000506542 0 0 0 0)
(0.00112492 -4.83544e-05 0 1.14803 -0.000520823 0 0 0 0)
(-0.000830188 -8.58178e-05 0 1.15042 -0.000413598 0 0 0 0)
(-0.000899768 -7.79828e-05 0 0.857159 0.000209783 0 0 0 0)
(-8.01937e-05 8.05379e-05 0 0.840637 0.000422927 0 0 0 0)
(0.00120199 -2.36901e-05 0 0.848435 -0.00175097 0 0 0 0)
(-0.000844149 -5.14219e-05 0 0.850151 0.00139776 0 0 0 0)
(-0.000964556 -5.18706e-05 0 0.627764 0.00147552 0 0 0 0)
(-0.000150318 8.67638e-05 0 0.613993 -0.000166076 0 0 0 0)
(0.00128349 -3.21072e-05 0 0.619638 -0.000923599 0 0 0 0)
(-0.000888614 -3.07516e-05 0 0.621141 0.000455637 0 0 0 0)
(-0.00101748 -5.80117e-05 0 0.453884 0.000601563 0 0 0 0)
(-0.000215616 4.05526e-05 0 0.44373 0.000574691 0 0 0 0)
(0.00132113 -1.33282e-05 0 0.447079 -0.00154908 0 0 0 0)
(-0.000887736 -2.37564e-05 0 0.447697 0.000999504 0 0 0 0)
(-0.00106876 -2.93363e-05 0 0.32421 0.00117739 0 0 0 0)
(-0.000263721 5.09197e-05 0 0.316499 0.000234232 0 0 0 0)
(0.0013496 -2.5027e-05 0 0.318428 -0.00142827 0 0 0 0)
(-0.000913429 1.80656e-05 0 0.318761 0.00107283 0 0 0 0)
(-0.00111763 -3.69578e-05 0 0.228394 0.00117381 0 0 0 0)
(-0.000311985 -2.87507e-06 0 0.223288 0.000182579 0 0 0 0)
(0.00135883 6.48438e-07 0 0.22359 -0.00110375 0 0 0 0)
(-0.000902636 2.5699e-05 0 0.223078 0.00050837 0 0 0 0)
(-0.00114086 -3.37585e-07 0 0.157938 0.00054838 0 0 0 0)
(-0.000343782 1.29605e-05 0 0.155576 0.00113286 0 0 0 0)
(0.0013461 -1.95972e-05 0 0.154625 -0.00124331 0 0 0 0)
(-0.000905922 5.2913e-05 0 0.15383 0.001029 0 0 0 0)
(-0.00115242 8.51822e-07 0 0.107004 0.00161914 0 0 0 0)
(-0.000367213 -3.27365e-05 0 0.107173 -0.000208564 0 0 0 0)
(0.00132972 -1.08263e-06 0 0.104779 -0.00129725 0 0 0 0)
(-0.000879582 6.78129e-05 0 0.103141 0.000473174 0 0 0 0)
(-0.00113961 2.25216e-05 0 0.0702486 0.000437476 0 0 0 0)
(-0.000380866 -3.56461e-05 0 0.0732664 0.00113269 0 0 0 0)
(0.00127889 -8.2349e-06 0 0.0695672 -0.00119334 0 0 0 0)
(-0.00084072 9.3533e-05 0 0.0674704 0.00106252 0 0 0 0)
(-0.001109 3.80137e-05 0 0.0441359 0.00165023 0 0 0 0)
(-0.00037857 -5.99167e-05 0 0.0496225 -9.85749e-05 0 0 0 0)
(0.00123312 -2.25205e-06 0 0.0441338 -0.00132722 0 0 0 0)
(-0.000793529 0.000108828 0 0.0411018 0.000595263 0 0 0 0)
(-0.00105878 4.21846e-05 0 0.0254981 0.000443637 0 0 0 0)
(-0.000380901 -8.52702e-05 0 0.0341931 0.000383584 0 0 0 0)
(0.00113688 3.32907e-06 0 0.0270008 -0.00113899 0 0 0 0)
(-0.000668596 0.000139557 0 0.0229495 0.000322967 0 0 0 0)
(-0.000980169 7.23287e-05 0 0.0128156 0.000896641 0 0 0 0)
(-0.000353525 -8.62938e-05 0 0.0235834 0.00118275 0 0 0 0)
(0.00104573 -3.26234e-06 0 0.013761 -0.000550295 0 0 0 0)
(-0.000586905 0.000129683 0 0.00846786 0.000610751 0 0 0 0)
(-0.000897685 8.00472e-05 0 0.00338151 0.000805177 0 0 0 0)
(-0.000365145 -0.000109386 0 0.0181223 -0.000188133 0 0 0 0)
(0.000884954 -6.20424e-06 0 0.00598777 -0.00120577 0 0 0 0)
(-0.00033925 0.0001715 0 -0.00168856 0.000291598 0 0 0 0)
(-0.000759561 8.71416e-05 0 -0.00244844 0.000477742 0 0 0 0)
(-0.000310087 -0.00011981 0 0.0133623 0.000769891 0 0 0 0)
(0.000715548 4.73318e-06 0 -0.00300026 -0.000204957 0 0 0 0)
(-0.000290625 0.000161687 0 -0.0117896 -0.000148269 0 0 0 0)
(-0.00066403 0.00011931 0 -0.00791662 0.00112227 0 0 0 0)
(-0.000374342 -0.000120764 0 0.0115606 0.00133379 0 0 0 0)
(0.000465756 -2.15069e-05 0 -0.00933788 -0.00030731 0 0 0 0)
(-1.09308e-05 0.000162107 0 -0.0209947 0.000681003 0 0 0 0)
(-0.000474694 0.000106213 0 -0.0138423 0.000399284 0 0 0 0)
(-0.000333775 -0.000143636 0 0.00679064 -0.00125125 0 0 0 0)
(0.00017296 -6.1466e-06 0 -0.0131926 -0.000963045 0 0 0 0)
(0.000136149 0.000194288 0 -0.024497 -0.000616682 0 0 0 0)
(-0.00038295 0.000122146 0 -0.0214725 0.000532538 0 0 0 0)
(-0.000363515 -0.00014347 0 0.00183694 0.00122831 0 0 0 0)
(-5.57047e-05 -1.09308e-05 0 -0.0113227 0.000677737 0 0 0 0)
(0.000316292 0.000157459 0 -0.0230754 -0.000467073 0 0 0 0)
(-0.000174044 0.000138589 0 -0.0344671 -0.000253421 0 0 0 0)
(-0.000164611 -0.000141216 0 -0.00642524 0.000377756 0 0 0 0)
(-0.000242245 -3.4403e-05 0 -0.0138182 0.000162381 0 0 0 0)
(0.000335861 0.000170261 0 -0.0239677 -0.000275258 0 0 0 0)
(-4.70094e-05 0.000133569 0 -0.0435803 -3.69368e-05 0 0 0 0)
(-1.93651e-05 -0.00013654 0 -0.0181229 -0.000648728 0 0 0 0)
(-0.00034808 -2.18144e-05 0 -0.021966 0.000237723 0 0 0 0)
(0.00043303 0.000154733 0 -0.0300938 -0.000823174 0 0 0 0)
(8.24741e-05 0.000141981 0 -0.0507616 -0.000218555 0 0 0 0)
(0.000195627 -0.000136638 0 -0.0311479 0.000931727 0 0 0 0)
(-0.00044176 -3.73105e-05 0 -0.0333043 0.00108946 0 0 0 0)
(0.000421602 0.000139832 0 -0.0404382 -0.000397323 0 0 0 0)
(9.06955e-05 0.000145368 0 -0.0646633 -0.000278146 0 0 0 0)
(0.000271589 -0.000114739 0 -0.0517707 -0.000520118 0 0 0 0)
(-0.000502918 -4.39652e-05 0 -0.0531853 0.00024265 0 0 0 0)
(0.000497837 0.000127369 0 -0.0575587 -0.000519971 0 0 0 0)
(9.74022e-05 0.000131353 0 -0.0859398 8.47525e-05 0 0 0 0)
(0.000386927 -0.000127958 0 -0.0761197 -0.000539199 0 0 0 0)
(-0.000538227 -3.7308e-05 0 -0.0766139 0.000553049 0 0 0 0)
(0.000499981 0.000119278 0 -0.0805575 -0.000627766 0 0 0 0)
(6.11491e-05 0.000131092 0 -0.119106 -0.00039384 0 0 0 0)
(0.000427021 -0.000106934 0 -0.114568 -0.000180134 0 0 0 0)
(-0.000576881 -4.54413e-05 0 -0.11471 0.000658106 0 0 0 0)
(0.000525581 0.000100117 0 -0.11576 -0.000620596 0 0 0 0)
(-3.44178e-05 0.000121277 0 -0.168438 0.000173417 0 0 0 0)
(0.000460184 -0.000110426 0 -0.165505 -0.000505535 0 0 0 0)
(-0.000558082 -4.4649e-05 0 -0.165253 0.000613716 0 0 0 0)
(0.000527877 8.88575e-05 0 -0.165885 -0.000609111 0 0 0 0)
(-0.000135654 0.00011264 0 -0.239006 -8.97519e-05 0 0 0 0)
(0.000480095 -9.95961e-05 0 -0.239682 -0.000361508 0 0 0 0)
(-0.000583207 -4.71676e-05 0 -0.239462 0.000599254 0 0 0 0)
(0.000499956 7.12407e-05 0 -0.238044 -0.000619438 0 0 0 0)
(-0.000266868 0.00010331 0 -0.339809 0.000247982 0 0 0 0)
(0.00045257 -9.89424e-05 0 -0.341055 -0.000355942 0 0 0 0)
(-0.000530783 -4.89479e-05 0 -0.340893 0.000653136 0 0 0 0)
(0.000482613 5.9785e-05 0 -0.338762 -0.000552151 0 0 0 0)
(-0.000234668 9.26726e-05 0 -0.477906 3.19591e-05 0 0 0 0)
(0.00046202 -9.28435e-05 0 -0.480528 -0.000321542 0 0 0 0)
(-0.000544995 -5.04377e-05 0 -0.480276 0.000558831 0 0 0 0)
(0.000411739 4.26115e-05 0 -0.477045 -0.000504728 0 0 0 0)
(-0.000279088 8.42252e-05 0 -0.666153 0.000148394 0 0 0 0)
(0.000413061 -9.01612e-05 0 -0.668194 -0.000461437 0 0 0 0)
(-0.000472736 -5.2001e-05 0 -0.668128 0.000527971 0 0 0 0)
(0.000354725 3.30444e-05 0 -0.664421 -0.000363753 0 0 0 0)
(-9.66421e-05 7.23671e-05 0 -0.916926 0.000308601 0 0 0 0)
(0.000429099 -8.65172e-05 0 -0.918347 -0.000395674 0 0 0 0)
(-0.000482113 -4.88097e-05 0 -0.91826 0.000682632 0 0 0 0)
(0.000229899 1.87531e-05 0 -0.913837 -0.000364586 0 0 0 0)
(-6.69952e-05 6.43155e-05 0 -1.24884 -0.000154951 0 0 0 0)
(0.000390823 -8.39274e-05 0 -1.24601 -0.000329266 0 0 0 0)
(-0.000397562 -5.14828e-05 0 -1.2458 0.000291822 0 0 0 0)
(0.000119999 6.68209e-06 0 -1.24317 -0.000282857 0 0 0 0)
(0.000146296 5.47958e-05 0 -1.67659 8.15983e-05 0 0 0 0)
(0.00047977 -7.9071e-05 0 -1.67812 -0.000427461 0 0 0 0)
(-0.000434804 -4.80362e-05 0 -1.67845 0.000602669 0 0 0 0)
(-0.000131227 9.90591e-07 0 -1.67109 -2.01459e-05 0 0 0 0)
(0.000124474 4.77471e-05 0 -2.22748 -0.000329508 0 0 0 0)
(0.000359771 -7.52429e-05 0 -2.23085 -0.000193037 0 0 0 0)
(-0.000280379 -4.46942e-05 0 -2.2311 0.000311328 0 0 0 0)
(-0.000134309 -7.31031e-06 0 -2.22185 9.75673e-06 0 0 0 0)
(0.000318996 4.44583e-05 0 -2.9272 -0.000474067 0 0 0 0)
(0.000419482 -6.83904e-05 0 -2.92782 -0.000275387 0 0 0 0)
(-0.000284697 -4.46563e-05 0 -2.92987 0.000293413 0 0 0 0)
(-0.000275871 -8.28734e-06 0 -2.92146 0.000155098 0 0 0 0)
(0.000384915 3.82504e-05 0 -3.80648 -0.000439875 0 0 0 0)
(0.000315383 -6.24515e-05 0 -3.80971 -0.000338959 0 0 0 0)
(-0.000174475 -3.75195e-05 0 -3.81206 0.00030049 0 0 0 0)
(-0.000204745 -9.95843e-06 0 -3.80037 0.00023728 0 0 0 0)
(0.00056617 3.56571e-05 0 -4.89537 -0.00065409 0 0 0 0)
(0.000326453 -5.6051e-05 0 -4.89493 -0.000263461 0 0 0 0)
(-0.00012909 -3.50523e-05 0 -4.89637 0.000163025 0 0 0 0)
(-0.000367227 -9.63645e-06 0 -4.89003 0.000242984 0 0 0 0)
(0.000675794 2.93133e-05 0 -6.22445 -0.000705616 0 0 0 0)
(0.000298688 -4.8833e-05 0 -6.22484 -0.000275748 0 0 0 0)
(-9.28495e-05 -2.90787e-05 0 -6.22324 0.000163882 0 0 0 0)
(-0.000449861 -1.07997e-05 0 -6.22008 0.000355386 0 0 0 0)
(0.000745136 2.52974e-05 0 -7.83438 -0.000859616 0 0 0 0)
(0.000346545 -4.15593e-05 0 -7.83285 -0.000245275 0 0 0 0)
(-4.97737e-05 -2.45334e-05 0 -7.8338 9.62699e-05 0 0 0 0)
(-0.000582083 -7.44759e-06 0 -7.83535 0.000475687 0 0 0 0)
(0.000779985 1.94442e-05 0 -9.75709 -0.000801259 0 0 0 0)
(0.000308381 -3.29015e-05 0 -9.75882 -0.000274305 0 0 0 0)
(-0.000134486 -1.70627e-05 0 -9.75842 0.000187557 0 0 0 0)
(-0.000582131 -8.11013e-06 0 -9.75913 0.000508169 0 0 0 0)
(0.000718318 1.48908e-05 0 -12.0318 -0.000816647 0 0 0 0)
(0.000324237 -2.50791e-05 0 -12.0381 -0.000233452 0 0 0 0)
(-5.49862e-05 -1.14922e-05 0 -12.036 0.000104636 0 0 0 0)
(-0.000614558 -6.05624e-06 0 -12.0326 0.000489081 0 0 0 0)
(0.000619388 9.88199e-06 0 -14.6919 -0.000655439 0 0 0 0)
(0.000238219 -1.75468e-05 0 -14.7011 -0.000184877 0 0 0 0)
(-4.35116e-05 -5.02051e-06 0 -14.7027 0.000106351 0 0 0 0)
(-0.000502405 -5.47486e-06 0 -14.6969 0.00041845 0 0 0 0)
(0.000480014 6.38439e-06 0 -17.7722 -0.000573286 0 0 0 0)
(0.000144133 -1.23826e-05 0 -17.7807 -7.76676e-05 0 0 0 0)
(1.49006e-05 -1.43675e-06 0 -17.7816 3.86918e-05 0 0 0 0)
(-0.000379038 -3.43037e-06 0 -17.7769 0.000277101 0 0 0 0)
(0.000376074 3.73349e-06 0 -21.302 -0.000432373 0 0 0 0)
(8.15077e-05 -7.34719e-06 0 -21.3079 -2.51436e-05 0 0 0 0)
(2.10314e-05 8.92299e-07 0 -21.3078 4.12561e-05 0 0 0 0)
(-0.000260126 -2.37226e-06 0 -21.3064 0.00017378 0 0 0 0)
(0.000269319 1.83007e-06 0 -25.3062 -0.000334269 0 0 0 0)
(4.83629e-05 -4.48878e-06 0 -25.3117 5.22223e-06 0 0 0 0)
(3.99682e-05 1.87864e-06 0 -25.3102 4.51315e-06 0 0 0 0)
(-0.000171462 -6.83131e-07 0 -25.3112 7.33769e-05 0 0 0 0)
(0.00015424 4.10742e-07 0 -29.8034 -0.000206804 0 0 0 0)
(1.50345e-05 -1.70082e-06 0 -29.8095 5.94523e-05 0 0 0 0)
(2.88232e-05 2.02821e-06 0 -29.808 4.04376e-05 0 0 0 0)
(-7.23234e-05 5.82984e-07 0 -29.8117 -2.2721e-05 0 0 0 0)
(2.84705e-05 1.69718e-07 0 -34.7455 -9.01588e-05 0 0 0 0)
(-2.89763e-05 -3.68083e-07 0 -34.7501 7.03313e-05 0 0 0 0)
(2.01356e-06 5.09089e-07 0 -34.7447 3.39754e-05 0 0 0 0)
(1.18235e-05 -5.27416e-08 0 -34.7519 -8.19065e-05 0 0 0 0)
(-0.000336406 1.28666e-05 0 16.3539 -0.000903327 0 0 0 0)
(-0.00043144 -0.000240143 0 16.4983 0.000686524 0 0 0 0)
(0.000257245 7.25682e-06 0 16.4687 0.000957348 0 0 0 0)
(0.000470357 0.000126621 0 16.2872 -0.00225184 0 0 0 0)
(0.00683549 3.66945e-05 0 25.6021 -0.00309255 0 0 0 0)
(0.00150013 -0.000216287 0 25.6956 -0.00135711 0 0 0 0)
(-0.00331818 -2.97793e-05 0 25.6571 0.00110055 0 0 0 0)
(0.000671861 0.000124721 0 25.5489 0.0010769 0 0 0 0)
(0.0048749 3.06493e-05 0 22.1043 -0.00647322 0 0 0 0)
(0.000484319 -0.000170258 0 22.0257 -0.000297494 0 0 0 0)
(-0.00218703 4.78237e-05 0 22.019 0.00270193 0 0 0 0)
(0.000551304 1.02953e-05 0 22.1338 -0.00160299 0 0 0 0)
(0.00326068 5.02668e-05 0 18.6396 -0.00404352 0 0 0 0)
(7.8907e-05 -6.33674e-05 0 18.5875 -0.0007794 0 0 0 0)
(-0.00151652 -5.15376e-05 0 18.5969 0.00330778 0 0 0 0)
(0.000375865 9.27491e-05 0 18.6668 0.000106436 0 0 0 0)
(0.00209558 6.2781e-05 0 15.5862 -0.00143287 0 0 0 0)
(-0.000227478 -4.77367e-05 0 15.5503 0.000115768 0 0 0 0)
(-0.000866036 6.25876e-05 0 15.5664 2.60439e-05 0 0 0 0)
(0.000174188 -9.90606e-05 0 15.6042 -0.000349544 0 0 0 0)
(0.00128123 8.9454e-05 0 12.9063 -0.0017677 0 0 0 0)
(-0.000251301 -3.90522e-05 0 12.8926 0.000217818 0 0 0 0)
(-0.000618081 -5.92928e-05 0 12.9121 0.00112271 0 0 0 0)
(9.67107e-05 9.26308e-05 0 12.9234 -0.000194155 0 0 0 0)
(0.000797498 9.37636e-05 0 10.5951 -0.000645385 0 0 0 0)
(-0.000131469 4.36684e-07 0 10.5902 -0.000132585 0 0 0 0)
(-0.000353859 5.57214e-05 0 10.6125 0.000655495 0 0 0 0)
(-5.59436e-05 -0.000121575 0 10.6142 0.000175686 0 0 0 0)
(0.000431337 0.000121739 0 8.61201 -0.000380181 0 0 0 0)
(3.90363e-05 -1.73708e-05 0 8.62102 7.1829e-05 0 0 0 0)
(-0.000217251 -5.41549e-05 0 8.63605 0.00024763 0 0 0 0)
(-0.000122517 6.74229e-05 0 8.62711 -0.000183792 0 0 0 0)
(0.000330314 9.98495e-05 0 6.93421 -0.000351845 0 0 0 0)
(0.000269299 1.09002e-05 0 6.94671 -0.000690795 0 0 0 0)
(-0.000252369 5.14611e-05 0 6.95916 0.000705738 0 0 0 0)
(-0.000242599 -0.000109401 0 6.94555 0.000594298 0 0 0 0)
(0.00010758 0.000132828 0 5.53433 -0.000289779 0 0 0 0)
(0.000454893 2.55527e-07 0 5.54365 -0.000307569 0 0 0 0)
(-0.000236559 -3.27367e-05 0 5.55233 0.000434205 0 0 0 0)
(-0.000324734 3.18602e-05 0 5.54198 -0.000326233 0 0 0 0)
(3.46706e-05 8.92008e-05 0 4.37157 0.000169877 0 0 0 0)
(0.000569221 2.29666e-05 0 4.37698 -0.00105347 0 0 0 0)
(-0.00028011 5.115e-05 0 4.38267 0.000342298 0 0 0 0)
(-0.00037578 -9.8297e-05 0 4.38381 0.000980575 0 0 0 0)
(-0.000255938 0.000121422 0 3.41721 0.000470432 0 0 0 0)
(0.000639887 3.12922e-06 0 3.41987 -0.000367748 0 0 0 0)
(-0.000122593 1.16398e-06 0 3.42417 -9.09228e-05 0 0 0 0)
(-0.000304912 8.86203e-07 0 3.43489 -0.000208833 0 0 0 0)
(-0.000328458 7.09821e-05 0 2.64237 0.000134758 0 0 0 0)
(0.000685294 1.36107e-05 0 2.64213 -0.00111295 0 0 0 0)
(-2.98206e-05 5.37986e-05 0 2.64473 0.000242773 0 0 0 0)
(-0.000190961 -7.0787e-05 0 2.66171 0.000736299 0 0 0 0)
(-0.000556107 9.17783e-05 0 2.0209 0.000958612 0 0 0 0)
(0.000679161 4.92948e-06 0 2.01815 -0.000556192 0 0 0 0)
(0.000203786 3.19849e-05 0 2.0216 -0.000178364 0 0 0 0)
(-4.06733e-05 -2.34635e-05 0 2.03626 -0.000391432 0 0 0 0)
(-0.000597706 5.91087e-05 0 1.52853 0.000395929 0 0 0 0)
(0.000696952 -5.33892e-06 0 1.52305 -0.000946657 0 0 0 0)
(0.000272082 5.65446e-05 0 1.52151 0.000716805 0 0 0 0)
(-2.50752e-05 -4.13701e-05 0 1.54248 0.000207324 0 0 0 0)
(-0.000808324 5.51189e-05 0 1.14282 7.55197e-05 0 0 0 0)
(0.000562139 1.02774e-05 0 1.13389 -0.00079162 0 0 0 0)
(0.000527646 5.12179e-05 0 1.12444 -6.71566e-05 0 0 0 0)
(0.000272963 -4.39026e-05 0 1.15182 -0.00125243 0 0 0 0)
(-0.000873096 5.28084e-05 0 0.844929 0.00155301 0 0 0 0)
(0.000390581 -7.71685e-06 0 0.832278 -0.00059609 0 0 0 0)
(0.000570873 4.88644e-05 0 0.820843 -0.000400706 0 0 0 0)
(0.000533762 -2.13992e-05 0 0.847856 5.62225e-05 0 0 0 0)
(-0.0011062 2.18881e-05 0 0.617023 0.00073633 0 0 0 0)
(0.000160708 -2.22845e-05 0 0.604242 -0.000136267 0 0 0 0)
(0.00078727 6.20897e-05 0 0.59634 -0.000698295 0 0 0 0)
(0.000878224 -3.37278e-05 0 0.621055 -0.00136434 0 0 0 0)
(-0.00115475 4.29433e-05 0 0.44559 0.00137995 0 0 0 0)
(4.58659e-05 -3.16273e-05 0 0.439982 -0.000350037 0 0 0 0)
(0.000851092 2.83966e-05 0 0.435102 -0.0011181 0 0 0 0)
(0.00105749 1.48311e-05 0 0.449982 -0.000777367 0 0 0 0)
(-0.00123477 -6.04262e-07 0 0.317534 0.00153905 0 0 0 0)
(-1.40954e-05 -6.39186e-05 0 0.314213 0.000108151 0 0 0 0)
(0.000953936 5.49676e-05 0 0.312017 -0.000837296 0 0 0 0)
(0.00119125 -5.06673e-06 0 0.322508 -0.00102901 0 0 0 0)
(-0.00123055 2.68653e-05 0 0.224041 0.000987099 0 0 0 0)
(-4.6087e-05 -7.1233e-05 0 0.223342 -0.000163651 0 0 0 0)
(0.000989349 9.44403e-06 0 0.221456 -0.000682021 0 0 0 0)
(0.00126071 4.84091e-05 0 0.227613 -0.00155734 0 0 0 0)
(-0.00123036 -1.18046e-05 0 0.156008 0.00128353 0 0 0 0)
(-5.71713e-05 -9.17373e-05 0 0.155267 -0.00010212 0 0 0 0)
(0.00102512 3.17394e-05 0 0.15391 -0.00084919 0 0 0 0)
(0.00130688 2.58637e-05 0 0.157664 -0.00113571 0 0 0 0)
(-0.00120659 8.01335e-06 0 0.108691 0.00113995 0 0 0 0)
(-8.10434e-05 -0.000106778 0 0.108684 -8.77007e-06 0 0 0 0)
(0.00102929 -7.78254e-06 0 0.105744 -0.000857954 0 0 0 0)
(0.00132784 7.17019e-05 0 0.107098 -0.00158011 0 0 0 0)
(-0.00113797 -1.9837e-05 0 0.0747304 0.00126759 0 0 0 0)
(-0.00010628 -0.000125036 0 0.0742912 1.49545e-05 0 0 0 0)
(0.000998689 5.5503e-06 0 0.0712767 -0.000847639 0 0 0 0)
(0.00132787 6.71487e-05 0 0.0706611 -0.00109703 0 0 0 0)
(-0.00109291 -9.44614e-06 0 0.0544613 0.00143424 0 0 0 0)
(-0.000138605 -0.000142032 0 0.054803 0.000128505 0 0 0 0)
(0.000968787 -2.63155e-05 0 0.047695 -0.000808489 0 0 0 0)
(0.0013107 9.31205e-05 0 0.0447726 -0.00127835 0 0 0 0)
(-0.000909618 -2.76163e-05 0 0.0393983 0.000112313 0 0 0 0)
(-0.000219052 -0.000162414 0 0.0392022 -0.000122602 0 0 0 0)
(0.000831516 -1.78973e-05 0 0.031083 -0.000897339 0 0 0 0)
(0.00126855 0.000108127 0 0.0264632 -0.00167531 0 0 0 0)
(-0.00082203 -1.68723e-05 0 0.0335217 0.00136628 0 0 0 0)
(-0.000277194 -0.00015886 0 0.0342815 0.0003648 0 0 0 0)
(0.00075647 -5.21941e-05 0 0.02032 -7.15501e-05 0 0 0 0)
(0.00121762 0.00011547 0 0.0139179 -0.00108901 0 0 0 0)
(-0.000479391 -3.17155e-05 0 0.0237645 0.000714431 0 0 0 0)
(-0.00043908 -0.000186378 0 0.0240812 0.000246275 0 0 0 0)
(0.000492122 -4.21275e-05 0 0.0124843 -0.00041949 0 0 0 0)
(0.00114347 0.000124264 0 0.00488578 -0.00107691 0 0 0 0)
(-0.000392534 -1.76277e-05 0 0.0166989 -0.000768531 0 0 0 0)
(-0.000465198 -0.000177758 0 0.0176079 0.000300607 0 0 0 0)
(0.000436547 -7.42471e-05 0 0.00745935 -0.000417978 0 0 0 0)
(0.00106591 0.000135881 0 -0.000657034 -0.00158589 0 0 0 0)
(1.05672e-05 -2.42342e-05 0 0.0162686 0.00164875 0 0 0 0)
(-0.000593072 -0.000180536 0 0.017491 0.0007378 0 0 0 0)
(0.000187707 -7.3569e-05 0 0.00366268 0.000180548 0 0 0 0)
(0.000978344 0.000139193 0 -0.00553141 0.000189535 0 0 0 0)
(0.000248895 -1.66811e-05 0 0.00644073 -0.00124194 0 0 0 0)
(-0.000675296 -0.000202228 0 0.00728779 0.000541972 0 0 0 0)
(5.28396e-05 -8.33848e-05 0 0.00022966 -0.000933717 0 0 0 0)
(0.000872922 0.000151577 0 -0.0100741 -0.00142139 0 0 0 0)
(0.000540314 -4.9233e-06 0 0.0006601 -0.000763874 0 0 0 0)
(-0.00069659 -0.000175399 0 0.00256958 0.000410953 0 0 0 0)
(-0.000101659 -0.000106292 0 -0.0026484 0.000403727 0 0 0 0)
(0.000743812 0.000161409 0 -0.0162021 -0.000714295 0 0 0 0)
(0.000676311 -2.04731e-06 0 -0.00681389 -1.1685e-06 0 0 0 0)
(-0.000730438 -0.000182768 0 -0.00570567 0.000851687 0 0 0 0)
(-0.000260021 -0.000102139 0 -0.00756126 0.000563197 0 0 0 0)
(0.000559188 0.000153723 0 -0.0265817 -0.000307648 0 0 0 0)
(0.000844681 1.38591e-05 0 -0.0168216 -0.00158798 0 0 0 0)
(-0.000709046 -0.000165993 0 -0.0150074 0.000441202 0 0 0 0)
(-0.000449592 -0.000125614 0 -0.0144228 0.00041958 0 0 0 0)
(0.000295381 0.000147799 0 -0.033514 -0.000852211 0 0 0 0)
(0.000927751 1.90256e-05 0 -0.0294159 -0.000552398 0 0 0 0)
(-0.000690458 -0.000149309 0 -0.0284118 0.000621269 0 0 0 0)
(-0.000568465 -0.000123696 0 -0.0260415 0.00114141 0 0 0 0)
(7.32288e-05 0.000146115 0 -0.0394102 0.000223781 0 0 0 0)
(0.00104512 3.08357e-05 0 -0.0484825 -0.000990635 0 0 0 0)
(-0.000652805 -0.000137762 0 -0.0471753 0.000680018 0 0 0 0)
(-0.000632899 -0.000132239 0 -0.0430338 0.000522283 0 0 0 0)
(-0.000116621 0.000125133 0 -0.0526664 0.000117564 0 0 0 0)
(0.00110081 3.90254e-05 0 -0.0749492 -0.00108209 0 0 0 0)
(-0.000599646 -0.000124094 0 -0.0742609 0.000467458 0 0 0 0)
(-0.000659983 -0.00013307 0 -0.0679685 0.000744136 0 0 0 0)
(-0.000287263 0.000132774 0 -0.0743469 0.000317406 0 0 0 0)
(0.00115006 4.90894e-05 0 -0.113036 -0.00116711 0 0 0 0)
(-0.00053646 -0.000107325 0 -0.112028 0.000468362 0 0 0 0)
(-0.000634332 -0.00013474 0 -0.102357 0.000725746 0 0 0 0)
(-0.000416142 0.000114143 0 -0.106659 0.000424414 0 0 0 0)
(0.001163 5.71747e-05 0 -0.166791 -0.00111884 0 0 0 0)
(-0.000421663 -9.25462e-05 0 -0.166248 0.000331835 0 0 0 0)
(-0.000570498 -0.000133803 0 -0.151004 0.000657511 0 0 0 0)
(-0.000566399 0.000114115 0 -0.153697 0.000601572 0 0 0 0)
(0.00114402 6.47718e-05 0 -0.242178 -0.0011451 0 0 0 0)
(-0.00027334 -7.77195e-05 0 -0.241029 0.000189136 0 0 0 0)
(-0.000425154 -0.000130244 0 -0.223976 0.000517266 0 0 0 0)
(-0.000706711 0.000106075 0 -0.225735 0.000716521 0 0 0 0)
(0.00111325 7.0651e-05 0 -0.346186 -0.00106461 0 0 0 0)
(-0.000118288 -6.48402e-05 0 -0.345085 6.07323e-05 0 0 0 0)
(-0.000315599 -0.000125013 0 -0.333241 0.000438911 0 0 0 0)
(-0.000816895 0.000103998 0 -0.335114 0.000842087 0 0 0 0)
(0.00103864 7.49865e-05 0 -0.48795 -0.0010456 0 0 0 0)
(-5.7583e-05 -5.26607e-05 0 -0.485261 -3.01669e-05 0 0 0 0)
(-0.000258978 -0.000117221 0 -0.4766 0.000326044 0 0 0 0)
(-0.000816177 0.000102893 0 -0.479795 0.000823529 0 0 0 0)
(0.00097632 7.85603e-05 0 -0.679039 -0.000903536 0 0 0 0)
(7.08698e-05 -4.19794e-05 0 -0.674529 -5.69483e-05 0 0 0 0)
(-0.000224496 -0.000110785 0 -0.670431 0.000389187 0 0 0 0)
(-0.000838656 9.90962e-05 0 -0.676475 0.000756895 0 0 0 0)
(0.000870167 8.01e-05 0 -0.932344 -0.000899109 0 0 0 0)
(8.58742e-05 -3.11153e-05 0 -0.93199 -0.0002297 0 0 0 0)
(-0.000291412 -0.000103657 0 -0.927772 0.000353354 0 0 0 0)
(-0.000744872 9.88795e-05 0 -0.931073 0.000798908 0 0 0 0)
(0.000673764 8.08084e-05 0 -1.26746 -0.000773926 0 0 0 0)
(0.000147064 -2.1105e-05 0 -1.2764 -0.000341394 0 0 0 0)
(-0.000209207 -9.36411e-05 0 -1.26382 0.000101815 0 0 0 0)
(-0.000657886 9.83503e-05 0 -1.26058 0.000725011 0 0 0 0)
(0.000316208 7.91243e-05 0 -1.69371 -0.000236874 0 0 0 0)
(0.000146547 -1.65197e-05 0 -1.70565 -0.000243089 0 0 0 0)
(-2.77014e-05 -8.58839e-05 0 -1.69544 0.000199732 0 0 0 0)
(-0.00049509 9.46001e-05 0 -1.68961 0.00056664 0 0 0 0)
(9.78558e-05 7.70927e-05 0 -2.23978 -0.000245348 0 0 0 0)
(0.000118287 -1.38283e-05 0 -2.24446 -0.000287652 0 0 0 0)
(5.805e-05 -8.01456e-05 0 -2.2398 -9.44158e-05 0 0 0 0)
(-0.000343749 9.63814e-05 0 -2.24122 0.000427213 0 0 0 0)
(-6.06325e-05 7.41675e-05 0 -2.93409 0.000134526 0 0 0 0)
(0.00014625 -1.40041e-05 0 -2.93364 -0.000154362 0 0 0 0)
(2.63335e-05 -7.39695e-05 0 -2.93509 7.44319e-05 0 0 0 0)
(-0.000289861 9.06819e-05 0 -2.94344 0.000294417 0 0 0 0)
(-0.000105067 7.1935e-05 0 -3.81755 0.000219543 0 0 0 0)
(0.000101642 -1.48298e-05 0 -3.80747 -0.000170161 0 0 0 0)
(-0.000105373 -7.26659e-05 0 -3.80599 0.000261647 0 0 0 0)
(-0.000212279 8.72398e-05 0 -3.82454 0.000189111 0 0 0 0)
(-0.000178944 6.73768e-05 0 -4.91107 0.000112548 0 0 0 0)
(0.00033877 -1.33024e-05 0 -4.89592 -0.000406788 0 0 0 0)
(-0.000258136 -6.79816e-05 0 -4.89051 0.000295047 0 0 0 0)
(-0.000297996 7.89898e-05 0 -4.91238 0.000272765 0 0 0 0)
(-0.00020318 6.11055e-05 0 -6.23613 0.000295214 0 0 0 0)
(0.000444442 -1.17882e-05 0 -6.22593 -0.000524539 0 0 0 0)
(-0.000379764 -6.134e-05 0 -6.22262 0.000473944 0 0 0 0)
(-0.00029327 7.14208e-05 0 -6.23557 0.000345832 0 0 0 0)
(-0.000276541 5.27114e-05 0 -7.84173 0.000257645 0 0 0 0)
(0.00056394 -1.03236e-05 0 -7.83571 -0.000634896 0 0 0 0)
(-0.000418821 -5.34754e-05 0 -7.83303 0.000489708 0 0 0 0)
(-0.000328402 5.93305e-05 0 -7.83911 0.000346871 0 0 0 0)
(-0.00020911 4.25958e-05 0 -9.76037 0.000271037 0 0 0 0)
(0.000589507 -7.92046e-06 0 -9.75868 -0.000678307 0 0 0 0)
(-0.000436388 -4.49772e-05 0 -9.75779 0.000516486 0 0 0 0)
(-0.000315757 4.89321e-05 0 -9.75721 0.000350093 0 0 0 0)
(-0.000268962 3.29368e-05 0 -12.0313 0.000262752 0 0 0 0)
(0.000606942 -6.23275e-06 0 -12.0333 -0.00068691 0 0 0 0)
(-0.00039437 -3.63354e-05 0 -12.0331 0.000465679 0 0 0 0)
(-0.000316621 3.73681e-05 0 -12.0284 0.00034028 0 0 0 0)
(-0.000221415 2.29959e-05 0 -14.6886 0.000263903 0 0 0 0)
(0.000559308 -4.53835e-06 0 -14.6936 -0.000641908 0 0 0 0)
(-0.000354461 -2.78574e-05 0 -14.6951 0.000432057 0 0 0 0)
(-0.000295122 2.756e-05 0 -14.6868 0.000325509 0 0 0 0)
(-0.000213213 1.52642e-05 0 -17.7671 0.000224848 0 0 0 0)
(0.000498068 -3.43019e-06 0 -17.7739 -0.000581681 0 0 0 0)
(-0.000281701 -2.02118e-05 0 -17.7766 0.000354577 0 0 0 0)
(-0.000263163 1.92432e-05 0 -17.7661 0.000291242 0 0 0 0)
(-0.000171785 8.68288e-06 0 -21.2953 0.00020609 0 0 0 0)
(0.000400923 -2.37618e-06 0 -21.3028 -0.000483135 0 0 0 0)
(-0.000225321 -1.33087e-05 0 -21.3073 0.000301424 0 0 0 0)
(-0.000222305 1.20956e-05 0 -21.2953 0.000248115 0 0 0 0)
(-0.000151647 4.3156e-06 0 -25.2989 0.000181828 0 0 0 0)
(0.000297774 -1.84129e-06 0 -25.3052 -0.000378072 0 0 0 0)
(-0.00015764 -8.02432e-06 0 -25.3111 0.000224841 0 0 0 0)
(-0.000174675 7.0132e-06 0 -25.2983 0.000204587 0 0 0 0)
(-7.24864e-05 1.15873e-06 0 -29.797 7.82609e-05 0 0 0 0)
(0.00019761 -1.6593e-06 0 -29.8015 -0.000275123 0 0 0 0)
(-0.000110577 -3.59768e-06 0 -29.8093 0.000177331 0 0 0 0)
(-0.000140321 2.77714e-06 0 -29.795 0.000159074 0 0 0 0)
(1.94979e-05 1.08899e-07 0 -34.7411 2.16086e-06 0 0 0 0)
(9.33618e-05 -1.9013e-07 0 -34.7487 -0.000157964 0 0 0 0)
(-4.9982e-05 -7.87705e-07 0 -34.7585 0.000113127 0 0 0 0)
(-7.6209e-05 6.10954e-07 0 -34.7391 0.000105159 0 0 0 0)
)
;

boundaryField
{
    topWall
    {
        type            extrapolatedCalculated;
        value           nonuniform List<tensor> 8((2.84705e-05 1.69718e-07 0 -34.7455 -9.01588e-05 0 0 0 0) (-2.89763e-05 -3.68083e-07 0 -34.7501 7.03313e-05 0 0 0 0) (2.01356e-06 5.09089e-07 0 -34.7447 3.39754e-05 0 0 0 0) (1.18235e-05 -5.27416e-08 0 -34.7519 -8.19065e-05 0 0 0 0) (1.94979e-05 1.08899e-07 0 -34.7411 2.16086e-06 0 0 0 0) (9.33618e-05 -1.9013e-07 0 -34.7487 -0.000157964 0 0 0 0) (-4.9982e-05 -7.87705e-07 0 -34.7585 0.000113127 0 0 0 0) (-7.6209e-05 6.10954e-07 0 -34.7391 0.000105159 0 0 0 0));
    }
    botWall
    {
        type            extrapolatedCalculated;
        value           nonuniform List<tensor> 8((-5.71296e-05 -1.0174e-06 0 3.45911 0.000691155 0 0 0 0) (0.000178697 -1.42344e-05 0 3.48237 -0.000277161 0 0 0 0) (1.77743e-05 3.27165e-07 0 3.49592 1.80017e-05 0 0 0 0) (-0.000105623 2.63164e-07 0 3.4799 9.50568e-05 0 0 0 0) (-0.000129748 7.08863e-07 0 3.47067 0.000141212 0 0 0 0) (2.29991e-05 -1.64818e-06 0 3.45536 0.000128531 0 0 0 0) (0.000169103 -1.86312e-08 0 3.47755 -0.000415632 0 0 0 0) (-9.60723e-05 1.56194e-05 0 3.48572 0.000204329 0 0 0 0));
    }
    inlet
    {
        type            cyclic;
    }
    outlet
    {
        type            cyclic;
    }
    fixWall
    {
        type            empty;
    }
}


// ************************************************************************* //
