/*--------------------------------*- C++ -*----------------------------------*\
  =========                 |
  \\      /  F ield         | OpenFOAM: The Open Source CFD Toolbox
   \\    /   O peration     | Website:  https://openfoam.org
    \\  /    A nd           | Version:  dev
     \\/     M anipulation  |

   OpenFOAM for Windows 20.09 (v1)
   Built by CFD Support, www.cfdsupport.com (based on Symscape).
\*---------------------------------------------------------------------------*/
FoamFile
{
    version     2.0;
    format      ascii;
    class       volScalarField;
    location    "2";
    object      k;
}
// * * * * * * * * * * * * * * * * * * * * * * * * * * * * * * * * * * * * * //

dimensions      [0 2 -2 0 0 0 0];

internalField   nonuniform List<scalar> 
960
(
2.22045e-16
2.22045e-16
2.22045e-16
2.22045e-16
2.22045e-16
2.22045e-16
2.22045e-16
2.22045e-16
2.22045e-16
2.22045e-16
2.22045e-16
2.22045e-16
2.22045e-16
2.22045e-16
2.22045e-16
2.22045e-16
2.22045e-16
2.22045e-16
2.22045e-16
2.22045e-16
2.22045e-16
2.22045e-16
2.22045e-16
2.22045e-16
2.22045e-16
2.22045e-16
2.22045e-16
2.22045e-16
2.22045e-16
2.22045e-16
2.22045e-16
2.22045e-16
2.22045e-16
2.22045e-16
2.22045e-16
2.22045e-16
2.22045e-16
2.22045e-16
2.22045e-16
2.22045e-16
2.22045e-16
2.22045e-16
2.22045e-16
2.22045e-16
2.22045e-16
2.22045e-16
2.22045e-16
2.22045e-16
2.22045e-16
2.22045e-16
2.22045e-16
2.22045e-16
2.22045e-16
2.22045e-16
2.22045e-16
2.22045e-16
2.22045e-16
2.22045e-16
2.22045e-16
2.22045e-16
2.22045e-16
2.22045e-16
2.22045e-16
2.22045e-16
2.22045e-16
2.22045e-16
2.22045e-16
2.22045e-16
2.22045e-16
2.22045e-16
2.22045e-16
2.22045e-16
2.22045e-16
2.22045e-16
2.22045e-16
2.22045e-16
2.22045e-16
2.22045e-16
2.22045e-16
2.22045e-16
2.22045e-16
2.22045e-16
2.22045e-16
2.22045e-16
2.22045e-16
2.22045e-16
2.22045e-16
2.22045e-16
2.22045e-16
2.22045e-16
2.22045e-16
2.22045e-16
2.22045e-16
2.22045e-16
2.22045e-16
2.22045e-16
2.22045e-16
2.22045e-16
2.22045e-16
2.22045e-16
2.22045e-16
2.22045e-16
2.22045e-16
2.22045e-16
2.22045e-16
2.22045e-16
2.22045e-16
2.22045e-16
2.22045e-16
2.22045e-16
2.22045e-16
2.22045e-16
2.22045e-16
2.22045e-16
2.22045e-16
2.22045e-16
2.22045e-16
2.22045e-16
2.22045e-16
2.22045e-16
2.22045e-16
2.22045e-16
2.22045e-16
2.22045e-16
2.22045e-16
2.22045e-16
2.22045e-16
2.22045e-16
2.22045e-16
2.22045e-16
2.22045e-16
2.22045e-16
2.22045e-16
2.22045e-16
2.22045e-16
2.22045e-16
2.22045e-16
2.22045e-16
2.22045e-16
2.22045e-16
2.22045e-16
2.22045e-16
2.22045e-16
2.22045e-16
2.22045e-16
2.22045e-16
2.22045e-16
2.22045e-16
2.22045e-16
2.22045e-16
2.22045e-16
2.22045e-16
2.22045e-16
2.22045e-16
2.22045e-16
2.22045e-16
2.22045e-16
2.22045e-16
2.22045e-16
2.22045e-16
2.22045e-16
2.22045e-16
2.22045e-16
2.22045e-16
2.22045e-16
2.22045e-16
2.22045e-16
2.22045e-16
2.22045e-16
2.22045e-16
2.22045e-16
2.22045e-16
2.22045e-16
2.22045e-16
2.22045e-16
2.22045e-16
2.22045e-16
2.22045e-16
2.22045e-16
2.22045e-16
2.22045e-16
2.22045e-16
2.22045e-16
2.22045e-16
2.22045e-16
2.22045e-16
2.22045e-16
2.22045e-16
2.22045e-16
2.22045e-16
2.22045e-16
2.22045e-16
2.22045e-16
2.22045e-16
2.22045e-16
2.22045e-16
2.22045e-16
2.22045e-16
2.22045e-16
2.22045e-16
2.22045e-16
2.22045e-16
2.22045e-16
2.22045e-16
2.22045e-16
2.22045e-16
2.22045e-16
2.22045e-16
2.22045e-16
2.22045e-16
2.22045e-16
2.22045e-16
2.22045e-16
2.22045e-16
2.22045e-16
2.22045e-16
2.22045e-16
2.22045e-16
2.22045e-16
2.22045e-16
2.22045e-16
2.22045e-16
2.22045e-16
2.22045e-16
2.22045e-16
2.22045e-16
2.22045e-16
2.22045e-16
2.22045e-16
2.22045e-16
2.22045e-16
2.22045e-16
2.26718e-16
2.2678e-16
2.26725e-16
2.266e-16
2.37021e-16
2.37088e-16
2.37016e-16
2.36869e-16
2.22045e-16
2.22045e-16
2.22045e-16
2.22045e-16
2.22045e-16
2.22045e-16
2.22045e-16
2.22045e-16
2.22045e-16
2.22045e-16
2.22045e-16
2.22045e-16
2.22045e-16
2.22045e-16
2.22045e-16
2.22045e-16
2.22045e-16
2.22045e-16
2.22045e-16
2.22045e-16
2.22045e-16
2.22045e-16
2.22045e-16
2.22045e-16
2.22045e-16
2.22045e-16
2.22045e-16
2.22045e-16
2.22045e-16
2.22045e-16
2.22045e-16
2.22045e-16
2.22045e-16
2.22045e-16
2.22045e-16
2.22045e-16
2.22045e-16
2.22045e-16
2.22045e-16
2.22045e-16
2.22045e-16
2.22045e-16
2.22045e-16
2.22045e-16
2.22045e-16
2.22045e-16
2.22045e-16
2.22045e-16
2.22045e-16
2.22045e-16
2.22045e-16
2.22045e-16
2.22045e-16
2.22045e-16
2.22045e-16
2.22045e-16
2.22045e-16
2.22045e-16
2.22045e-16
2.22045e-16
2.22045e-16
2.22045e-16
2.22045e-16
2.22045e-16
2.22045e-16
2.22045e-16
2.22045e-16
2.22045e-16
2.22045e-16
2.22045e-16
2.22045e-16
2.22045e-16
2.22045e-16
2.22045e-16
2.22045e-16
2.22045e-16
2.22045e-16
2.22045e-16
2.22045e-16
2.22045e-16
2.22045e-16
2.22045e-16
2.22045e-16
2.22045e-16
2.22045e-16
2.22045e-16
2.22045e-16
2.22045e-16
2.22045e-16
2.22045e-16
2.22045e-16
2.22045e-16
2.22045e-16
2.22045e-16
2.22045e-16
2.22045e-16
2.22045e-16
2.22045e-16
2.22045e-16
2.22045e-16
2.22045e-16
2.22045e-16
2.22045e-16
2.22045e-16
2.22045e-16
2.22045e-16
2.22045e-16
2.22045e-16
2.22045e-16
2.22045e-16
2.22045e-16
2.22045e-16
2.22045e-16
2.22045e-16
2.22045e-16
2.22045e-16
2.22045e-16
2.22045e-16
2.22045e-16
2.22045e-16
2.22045e-16
2.22045e-16
2.22045e-16
2.22045e-16
2.22045e-16
2.22045e-16
2.22045e-16
2.22045e-16
2.22045e-16
2.22045e-16
2.22045e-16
2.22045e-16
2.22045e-16
2.22045e-16
2.22045e-16
2.22045e-16
2.22045e-16
2.22045e-16
2.22045e-16
2.22045e-16
2.22045e-16
2.22045e-16
2.22045e-16
2.22045e-16
2.22045e-16
2.22045e-16
2.22045e-16
2.22045e-16
2.22045e-16
2.22045e-16
2.22045e-16
2.22045e-16
2.22045e-16
2.22045e-16
2.22045e-16
2.22045e-16
2.22045e-16
2.22045e-16
2.22045e-16
2.22045e-16
2.22045e-16
2.22045e-16
2.22045e-16
2.22045e-16
2.22045e-16
2.22045e-16
2.22045e-16
2.22045e-16
2.22045e-16
2.22045e-16
2.22045e-16
2.22045e-16
2.22045e-16
2.22045e-16
2.22045e-16
2.22045e-16
2.22045e-16
2.22045e-16
2.22045e-16
2.22045e-16
2.22045e-16
2.22045e-16
2.22045e-16
2.22045e-16
2.22045e-16
2.22045e-16
2.22045e-16
2.22045e-16
2.22045e-16
2.22045e-16
2.22045e-16
2.22045e-16
2.22045e-16
2.22045e-16
2.22045e-16
2.22045e-16
2.22045e-16
2.22045e-16
2.22045e-16
2.22045e-16
2.22045e-16
2.22045e-16
2.22045e-16
2.22045e-16
2.22045e-16
2.22045e-16
2.22045e-16
2.22045e-16
2.22045e-16
2.22045e-16
2.22045e-16
2.22045e-16
2.22045e-16
2.22045e-16
2.22045e-16
2.22045e-16
2.22045e-16
2.22045e-16
2.22045e-16
2.22045e-16
2.22045e-16
2.22045e-16
2.22045e-16
2.22045e-16
2.22045e-16
2.22045e-16
2.22045e-16
2.22045e-16
2.22045e-16
2.22045e-16
2.22045e-16
2.22045e-16
2.26675e-16
2.26774e-16
2.26795e-16
2.26684e-16
2.36966e-16
2.37087e-16
2.37106e-16
2.36976e-16
2.48812e-16
2.4888e-16
2.48797e-16
2.48626e-16
2.58131e-16
2.58179e-16
2.58143e-16
2.58048e-16
2.62228e-16
2.62246e-16
2.62298e-16
2.62344e-16
2.62174e-16
2.62171e-16
2.62296e-16
2.62413e-16
2.5901e-16
2.58992e-16
2.59171e-16
2.59311e-16
2.53632e-16
2.53603e-16
2.5382e-16
2.53956e-16
2.46787e-16
2.46747e-16
2.46992e-16
2.4711e-16
2.39084e-16
2.39036e-16
2.39297e-16
2.39395e-16
2.31012e-16
2.30957e-16
2.31227e-16
2.31306e-16
2.23107e-16
2.23043e-16
2.23307e-16
2.23377e-16
2.22045e-16
2.22045e-16
2.22045e-16
2.22045e-16
2.22045e-16
2.22045e-16
2.22045e-16
2.22045e-16
2.22045e-16
2.22045e-16
2.22045e-16
2.22045e-16
2.22045e-16
2.22045e-16
2.22045e-16
2.22045e-16
2.22045e-16
2.22045e-16
2.22045e-16
2.22045e-16
2.22045e-16
2.22045e-16
2.22045e-16
2.22045e-16
2.22045e-16
2.22045e-16
2.22045e-16
2.22045e-16
2.22045e-16
2.22045e-16
2.22045e-16
2.22045e-16
2.22045e-16
2.22045e-16
2.22045e-16
2.22045e-16
2.22045e-16
2.22045e-16
2.22045e-16
2.22045e-16
2.22045e-16
2.22045e-16
2.22045e-16
2.22045e-16
2.22045e-16
2.22045e-16
2.22045e-16
2.22045e-16
2.22045e-16
2.22045e-16
2.22045e-16
2.22045e-16
2.22045e-16
2.22045e-16
2.22045e-16
2.22045e-16
2.22045e-16
2.22045e-16
2.22045e-16
2.22045e-16
2.22045e-16
2.22045e-16
2.22045e-16
2.22045e-16
2.22045e-16
2.22045e-16
2.22045e-16
2.22045e-16
2.22045e-16
2.22045e-16
2.22045e-16
2.22045e-16
2.22045e-16
2.22045e-16
2.22045e-16
2.22045e-16
2.22045e-16
2.22045e-16
2.22045e-16
2.22045e-16
2.22045e-16
2.22045e-16
2.22045e-16
2.22045e-16
2.22045e-16
2.22045e-16
2.22045e-16
2.22045e-16
2.22045e-16
2.22045e-16
2.22045e-16
2.22045e-16
2.22045e-16
2.22045e-16
2.22045e-16
2.22045e-16
2.22045e-16
2.22045e-16
2.22045e-16
2.22045e-16
2.22045e-16
2.22045e-16
2.22045e-16
2.22045e-16
2.22045e-16
2.22045e-16
2.22045e-16
2.22045e-16
2.22045e-16
2.22045e-16
2.22045e-16
2.22045e-16
2.22045e-16
2.22045e-16
2.22045e-16
2.22045e-16
2.22045e-16
2.22045e-16
2.22045e-16
2.22045e-16
2.22045e-16
2.22045e-16
2.22045e-16
2.22045e-16
2.22045e-16
2.22045e-16
2.22045e-16
2.22045e-16
2.22045e-16
2.22045e-16
2.22045e-16
2.22045e-16
2.22045e-16
2.22045e-16
2.22045e-16
2.22045e-16
2.22045e-16
2.22045e-16
2.22045e-16
2.22045e-16
2.22045e-16
2.22045e-16
2.22045e-16
2.22045e-16
2.22045e-16
2.22045e-16
2.22045e-16
2.22045e-16
2.22045e-16
2.22045e-16
2.22045e-16
2.22045e-16
2.22045e-16
2.22045e-16
2.22045e-16
2.22045e-16
2.22045e-16
2.22045e-16
2.22045e-16
2.22045e-16
2.22045e-16
2.22045e-16
2.22045e-16
2.22045e-16
2.22045e-16
2.22045e-16
2.22045e-16
2.22045e-16
2.22045e-16
2.22045e-16
2.22045e-16
2.22045e-16
2.22045e-16
2.22045e-16
2.22045e-16
2.22045e-16
2.22045e-16
2.22045e-16
2.22045e-16
2.22045e-16
2.22045e-16
2.22045e-16
2.22045e-16
2.22045e-16
2.22045e-16
2.22045e-16
2.22045e-16
2.22045e-16
2.22045e-16
2.22045e-16
2.22045e-16
2.22045e-16
2.22045e-16
2.22045e-16
2.22045e-16
2.22045e-16
2.22045e-16
2.22045e-16
2.22045e-16
2.22045e-16
2.48747e-16
2.48892e-16
2.48909e-16
2.48756e-16
2.58115e-16
2.58224e-16
2.58236e-16
2.58135e-16
2.6229e-16
2.62327e-16
2.62336e-16
2.62335e-16
2.62267e-16
2.62269e-16
2.62286e-16
2.62339e-16
2.59105e-16
2.59094e-16
2.59123e-16
2.59198e-16
2.53712e-16
2.53703e-16
2.53742e-16
2.53822e-16
2.4685e-16
2.46846e-16
2.46893e-16
2.4697e-16
2.3913e-16
2.39136e-16
2.39183e-16
2.39256e-16
2.31044e-16
2.31058e-16
2.31102e-16
2.31172e-16
2.23128e-16
2.23144e-16
2.23181e-16
2.23255e-16
2.22045e-16
2.22045e-16
2.22045e-16
2.22045e-16
2.22045e-16
2.22045e-16
2.22045e-16
2.22045e-16
2.22045e-16
2.22045e-16
2.22045e-16
2.22045e-16
2.22045e-16
2.22045e-16
2.22045e-16
2.22045e-16
2.22045e-16
2.22045e-16
2.22045e-16
2.22045e-16
2.22045e-16
2.22045e-16
2.22045e-16
2.22045e-16
2.22045e-16
2.22045e-16
2.22045e-16
2.22045e-16
2.22045e-16
2.22045e-16
2.22045e-16
2.22045e-16
2.22045e-16
2.22045e-16
2.22045e-16
2.22045e-16
2.22045e-16
2.22045e-16
2.22045e-16
2.22045e-16
2.22045e-16
2.22045e-16
2.22045e-16
2.22045e-16
2.22045e-16
2.22045e-16
2.22045e-16
2.22045e-16
2.22045e-16
2.22045e-16
2.22045e-16
2.22045e-16
2.22045e-16
2.22045e-16
2.22045e-16
2.22045e-16
2.22045e-16
2.22045e-16
2.22045e-16
2.22045e-16
2.22045e-16
2.22045e-16
2.22045e-16
2.22045e-16
2.22045e-16
2.22045e-16
2.22045e-16
2.22045e-16
2.22045e-16
2.22045e-16
2.22045e-16
2.22045e-16
2.22045e-16
2.22045e-16
2.22045e-16
2.22045e-16
2.22045e-16
2.22045e-16
2.22045e-16
2.22045e-16
2.22045e-16
2.22045e-16
2.22045e-16
2.22045e-16
2.22045e-16
2.22045e-16
2.22045e-16
2.22045e-16
2.22045e-16
2.22045e-16
2.22045e-16
2.22045e-16
2.22045e-16
2.22045e-16
2.22045e-16
2.22045e-16
2.22045e-16
2.22045e-16
2.22045e-16
2.22045e-16
2.22045e-16
2.22045e-16
2.22045e-16
2.22045e-16
2.22045e-16
2.22045e-16
2.22045e-16
2.22045e-16
2.22045e-16
2.22045e-16
2.22045e-16
2.22045e-16
2.22045e-16
2.22045e-16
2.22045e-16
2.22045e-16
2.22045e-16
2.22045e-16
2.22045e-16
2.22045e-16
2.22045e-16
2.22045e-16
2.22045e-16
2.22045e-16
2.22045e-16
2.22045e-16
2.22045e-16
2.22045e-16
2.22045e-16
2.22045e-16
2.22045e-16
2.22045e-16
2.22045e-16
2.22045e-16
2.22045e-16
2.22045e-16
2.22045e-16
2.22045e-16
2.22045e-16
2.22045e-16
2.22045e-16
2.22045e-16
2.22045e-16
2.22045e-16
2.22045e-16
2.22045e-16
2.22045e-16
2.22045e-16
2.22045e-16
2.22045e-16
2.22045e-16
2.22045e-16
2.22045e-16
2.22045e-16
2.22045e-16
2.22045e-16
2.22045e-16
2.22045e-16
2.22045e-16
2.22045e-16
2.22045e-16
2.22045e-16
2.22045e-16
2.22045e-16
2.22045e-16
2.22045e-16
2.22045e-16
2.22045e-16
2.22045e-16
2.22045e-16
2.22045e-16
2.22045e-16
2.22045e-16
2.22045e-16
2.22045e-16
2.22045e-16
2.22045e-16
2.22045e-16
2.22045e-16
2.22045e-16
2.22045e-16
2.22045e-16
2.22045e-16
2.22045e-16
2.22045e-16
2.22045e-16
2.22045e-16
2.22045e-16
2.22045e-16
2.22045e-16
2.22045e-16
2.22045e-16
2.22045e-16
2.22045e-16
2.22045e-16
2.22045e-16
2.22045e-16
2.22045e-16
2.22045e-16
2.22045e-16
)
;

boundaryField
{
    topWall
    {
        type            kqRWallFunction;
        value           uniform 2.22045e-16;
    }
    botWall
    {
        type            kqRWallFunction;
        value           uniform 2.22045e-16;
    }
    inlet
    {
        type            cyclic;
    }
    outlet
    {
        type            cyclic;
    }
    fixWall
    {
        type            empty;
    }
}


// ************************************************************************* //
