/*--------------------------------*- C++ -*----------------------------------*\
  =========                 |
  \\      /  F ield         | OpenFOAM: The Open Source CFD Toolbox
   \\    /   O peration     | Website:  https://openfoam.org
    \\  /    A nd           | Version:  dev
     \\/     M anipulation  |

   OpenFOAM for Windows 20.09 (v1)
   Built by CFD Support, www.cfdsupport.com (based on Symscape).
\*---------------------------------------------------------------------------*/
FoamFile
{
    version     2.0;
    format      ascii;
    class       volSymmTensorField;
    location    "2";
    object      R;
}
// * * * * * * * * * * * * * * * * * * * * * * * * * * * * * * * * * * * * * //

dimensions      [0 2 -2 0 0 0 0];

internalField   nonuniform List<symmTensor> 
960
(
(1.4803e-16 -8.83421e-21 0 1.4803e-16 0 1.4803e-16)
(1.4803e-16 -8.89359e-21 0 1.4803e-16 0 1.4803e-16)
(1.4803e-16 -8.92823e-21 0 1.4803e-16 0 1.4803e-16)
(1.4803e-16 -8.88732e-21 0 1.4803e-16 0 1.4803e-16)
(1.4803e-16 -4.40049e-20 0 1.4803e-16 0 1.4803e-16)
(1.4803e-16 -4.42988e-20 0 1.4803e-16 0 1.4803e-16)
(1.4803e-16 -4.44017e-20 0 1.4803e-16 0 1.4803e-16)
(1.4803e-16 -4.41703e-20 0 1.4803e-16 0 1.4803e-16)
(1.4803e-16 -1.09845e-19 0 1.4803e-16 0 1.4803e-16)
(1.4803e-16 -1.10437e-19 0 1.4803e-16 0 1.4803e-16)
(1.4803e-16 -1.10686e-19 0 1.4803e-16 0 1.4803e-16)
(1.4803e-16 -1.10117e-19 0 1.4803e-16 0 1.4803e-16)
(1.4803e-16 -1.96888e-19 0 1.4803e-16 0 1.4803e-16)
(1.4803e-16 -1.97689e-19 0 1.4803e-16 0 1.4803e-16)
(1.4803e-16 -1.9803e-19 0 1.4803e-16 0 1.4803e-16)
(1.4803e-16 -1.97141e-19 0 1.4803e-16 0 1.4803e-16)
(1.4803e-16 -2.91531e-19 0 1.4803e-16 0 1.4803e-16)
(1.48029e-16 -2.9238e-19 0 1.4803e-16 0 1.4803e-16)
(1.4803e-16 -2.92673e-19 0 1.4803e-16 0 1.4803e-16)
(1.4803e-16 -2.91614e-19 0 1.4803e-16 0 1.4803e-16)
(1.4803e-16 -3.79427e-19 0 1.4803e-16 0 1.4803e-16)
(1.48029e-16 -3.80201e-19 0 1.4803e-16 0 1.4803e-16)
(1.4803e-16 -3.80358e-19 0 1.4803e-16 0 1.4803e-16)
(1.4803e-16 -3.79308e-19 0 1.48029e-16 0 1.4803e-16)
(1.4803e-16 -4.51451e-19 0 1.4803e-16 0 1.4803e-16)
(1.48029e-16 -4.52017e-19 0 1.4803e-16 0 1.4803e-16)
(1.4803e-16 -4.52021e-19 0 1.4803e-16 0 1.4803e-16)
(1.4803e-16 -4.51147e-19 0 1.48029e-16 0 1.4803e-16)
(1.4803e-16 -5.02479e-19 0 1.4803e-16 0 1.4803e-16)
(1.48029e-16 -5.02829e-19 0 1.48031e-16 0 1.4803e-16)
(1.4803e-16 -5.02733e-19 0 1.48029e-16 0 1.4803e-16)
(1.48031e-16 -5.02154e-19 0 1.48029e-16 0 1.4803e-16)
(1.4803e-16 -5.30904e-19 0 1.4803e-16 0 1.4803e-16)
(1.48029e-16 -5.30903e-19 0 1.48031e-16 0 1.4803e-16)
(1.4803e-16 -5.30788e-19 0 1.48029e-16 0 1.4803e-16)
(1.48031e-16 -5.30681e-19 0 1.48029e-16 0 1.4803e-16)
(1.48029e-16 -5.37387e-19 0 1.4803e-16 0 1.4803e-16)
(1.48028e-16 -5.37076e-19 0 1.48031e-16 0 1.4803e-16)
(1.4803e-16 -5.3711e-19 0 1.48029e-16 0 1.4803e-16)
(1.48031e-16 -5.3776e-19 0 1.48028e-16 0 1.4803e-16)
(1.48029e-16 -5.24965e-19 0 1.4803e-16 0 1.4803e-16)
(1.48028e-16 -5.237e-19 0 1.48032e-16 0 1.4803e-16)
(1.4803e-16 -5.23851e-19 0 1.48029e-16 0 1.4803e-16)
(1.48031e-16 -5.26069e-19 0 1.48028e-16 0 1.4803e-16)
(1.48029e-16 -4.96703e-19 0 1.48031e-16 0 1.4803e-16)
(1.48027e-16 -4.94633e-19 0 1.48032e-16 0 1.4803e-16)
(1.4803e-16 -4.95492e-19 0 1.48029e-16 0 1.4803e-16)
(1.48032e-16 -4.99427e-19 0 1.48028e-16 0 1.4803e-16)
(1.48029e-16 -4.57267e-19 0 1.4803e-16 0 1.4803e-16)
(1.48027e-16 -4.53349e-19 0 1.48032e-16 0 1.4803e-16)
(1.4803e-16 -4.55445e-19 0 1.48029e-16 0 1.4803e-16)
(1.48032e-16 -4.61442e-19 0 1.48027e-16 0 1.4803e-16)
(1.48029e-16 -4.09355e-19 0 1.48031e-16 0 1.4803e-16)
(1.48027e-16 -4.04465e-19 0 1.48033e-16 0 1.4803e-16)
(1.4803e-16 -4.09951e-19 0 1.48029e-16 0 1.4803e-16)
(1.48032e-16 -4.16322e-19 0 1.48027e-16 0 1.4803e-16)
(1.48029e-16 -3.57167e-19 0 1.48031e-16 0 1.4803e-16)
(1.48026e-16 -3.4734e-19 0 1.48033e-16 0 1.4803e-16)
(1.4803e-16 -3.56188e-19 0 1.48029e-16 0 1.4803e-16)
(1.48033e-16 -3.66113e-19 0 1.48027e-16 0 1.4803e-16)
(1.48028e-16 -3.04146e-19 0 1.48031e-16 0 1.4803e-16)
(1.48026e-16 -2.9089e-19 0 1.48034e-16 0 1.4803e-16)
(1.4803e-16 -3.01292e-19 0 1.4803e-16 0 1.4803e-16)
(1.48033e-16 -3.15515e-19 0 1.48026e-16 0 1.4803e-16)
(1.48028e-16 -2.53629e-19 0 1.48031e-16 0 1.4803e-16)
(1.48025e-16 -2.44263e-19 0 1.48034e-16 0 1.4803e-16)
(1.48029e-16 -2.55137e-19 0 1.4803e-16 0 1.4803e-16)
(1.48033e-16 -2.67409e-19 0 1.48026e-16 0 1.4803e-16)
(1.48028e-16 -2.08631e-19 0 1.48031e-16 0 1.4803e-16)
(1.48025e-16 -2.0144e-19 0 1.48035e-16 0 1.4803e-16)
(1.48029e-16 -2.10571e-19 0 1.48031e-16 0 1.4803e-16)
(1.48033e-16 -2.20749e-19 0 1.48026e-16 0 1.4803e-16)
(1.48028e-16 -1.6686e-19 0 1.48031e-16 0 1.4803e-16)
(1.48024e-16 -1.63669e-19 0 1.48036e-16 0 1.4803e-16)
(1.48029e-16 -1.71942e-19 0 1.48031e-16 0 1.4803e-16)
(1.48034e-16 -1.7814e-19 0 1.48026e-16 0 1.4803e-16)
(1.48028e-16 -1.31508e-19 0 1.48032e-16 0 1.4803e-16)
(1.48023e-16 -1.30132e-19 0 1.48036e-16 0 1.4803e-16)
(1.48028e-16 -1.36435e-19 0 1.48031e-16 0 1.4803e-16)
(1.48034e-16 -1.40144e-19 0 1.48025e-16 0 1.4803e-16)
(1.48028e-16 -1.00737e-19 0 1.48032e-16 0 1.4803e-16)
(1.48022e-16 -1.01393e-19 0 1.48037e-16 0 1.4803e-16)
(1.48028e-16 -1.0623e-19 0 1.48032e-16 0 1.4803e-16)
(1.48035e-16 -1.08012e-19 0 1.48025e-16 0 1.4803e-16)
(1.48027e-16 -7.61628e-20 0 1.48032e-16 0 1.4803e-16)
(1.48022e-16 -7.78185e-20 0 1.48038e-16 0 1.4803e-16)
(1.48028e-16 -8.07911e-20 0 1.48032e-16 0 1.4803e-16)
(1.48035e-16 -8.13616e-20 0 1.48024e-16 0 1.4803e-16)
(1.48027e-16 -5.61609e-20 0 1.48032e-16 0 1.4803e-16)
(1.48021e-16 -5.7794e-20 0 1.48039e-16 0 1.4803e-16)
(1.48027e-16 -5.98539e-20 0 1.48032e-16 0 1.4803e-16)
(1.48035e-16 -6.00344e-20 0 1.48024e-16 0 1.4803e-16)
(1.48027e-16 -4.15818e-20 0 1.48033e-16 0 1.48029e-16)
(1.4802e-16 -4.22364e-20 0 1.48039e-16 0 1.4803e-16)
(1.48027e-16 -4.23709e-20 0 1.48032e-16 0 1.4803e-16)
(1.48036e-16 -4.35763e-20 0 1.48024e-16 0 1.4803e-16)
(1.48027e-16 -3.12837e-20 0 1.48033e-16 0 1.4803e-16)
(1.48019e-16 -2.89079e-20 0 1.4804e-16 0 1.4803e-16)
(1.48027e-16 -2.6556e-20 0 1.48033e-16 0 1.4803e-16)
(1.48036e-16 -3.06205e-20 0 1.48023e-16 0 1.4803e-16)
(1.48027e-16 -2.6852e-20 0 1.48033e-16 0 1.48029e-16)
(1.48019e-16 -1.93866e-20 0 1.48041e-16 0 1.4803e-16)
(1.48027e-16 -1.16756e-20 0 1.48033e-16 0 1.4803e-16)
(1.48036e-16 -2.08946e-20 0 1.48023e-16 0 1.4803e-16)
(1.48027e-16 -2.70855e-20 0 1.48033e-16 0 1.48029e-16)
(1.48019e-16 -9.96475e-21 0 1.48039e-16 0 1.48031e-16)
(1.48027e-16 4.34906e-21 0 1.48033e-16 0 1.4803e-16)
(1.48036e-16 -1.15236e-20 0 1.48023e-16 0 1.4803e-16)
(1.48027e-16 -3.29602e-20 0 1.48033e-16 0 1.48029e-16)
(1.48019e-16 -2.63442e-21 0 1.48041e-16 0 1.4803e-16)
(1.48026e-16 2.35498e-20 0 1.48034e-16 0 1.48029e-16)
(1.48036e-16 -2.20989e-21 0 1.48023e-16 0 1.4803e-16)
(1.48028e-16 -4.45803e-20 0 1.48032e-16 0 1.4803e-16)
(1.48019e-16 5.35131e-21 0 1.4804e-16 0 1.4803e-16)
(1.48026e-16 4.71224e-20 0 1.48033e-16 0 1.4803e-16)
(1.48035e-16 1.02366e-20 0 1.48024e-16 0 1.4803e-16)
(1.48029e-16 -4.98588e-20 0 1.4803e-16 0 1.4803e-16)
(1.48021e-16 1.47754e-20 0 1.48037e-16 0 1.4803e-16)
(1.48026e-16 7.69458e-20 0 1.48033e-16 0 1.4803e-16)
(1.48035e-16 2.67402e-20 0 1.48025e-16 0 1.4803e-16)
(1.4803e-16 -4.22462e-20 0 1.4803e-16 0 1.4803e-16)
(1.48021e-16 1.83198e-20 0 1.48039e-16 0 1.48028e-16)
(1.48026e-16 6.43578e-20 0 1.48034e-16 0 1.48029e-16)
(1.48032e-16 1.81804e-20 0 1.48028e-16 0 1.48029e-16)
(1.48031e-16 -3.23575e-20 0 1.48028e-16 0 1.4803e-16)
(1.48024e-16 1.09203e-20 0 1.48035e-16 0 1.4803e-16)
(1.48026e-16 2.59826e-20 0 1.48033e-16 0 1.4803e-16)
(1.48031e-16 -2.1146e-21 0 1.48029e-16 0 1.48029e-16)
(1.48031e-16 -2.34953e-20 0 1.48028e-16 0 1.4803e-16)
(1.48025e-16 7.10482e-22 0 1.48035e-16 0 1.4803e-16)
(1.48026e-16 1.07815e-20 0 1.48034e-16 0 1.4803e-16)
(1.4803e-16 -9.72037e-21 0 1.48029e-16 0 1.48029e-16)
(1.48032e-16 -1.96364e-20 0 1.48027e-16 0 1.4803e-16)
(1.48024e-16 -9.65332e-21 0 1.48036e-16 0 1.48029e-16)
(1.48025e-16 -6.93994e-21 0 1.48034e-16 0 1.4803e-16)
(1.4803e-16 -1.99119e-20 0 1.4803e-16 0 1.48029e-16)
(1.48033e-16 -2.54219e-20 0 1.48025e-16 0 1.4803e-16)
(1.48025e-16 -2.4537e-20 0 1.48034e-16 0 1.4803e-16)
(1.48025e-16 -2.6149e-20 0 1.48034e-16 0 1.4803e-16)
(1.48029e-16 -3.40361e-20 0 1.4803e-16 0 1.48029e-16)
(1.48034e-16 -3.91638e-20 0 1.48026e-16 0 1.4803e-16)
(1.48024e-16 -4.18403e-20 0 1.48035e-16 0 1.4803e-16)
(1.48024e-16 -4.90785e-20 0 1.48035e-16 0 1.4803e-16)
(1.48029e-16 -5.3337e-20 0 1.4803e-16 0 1.4803e-16)
(1.48035e-16 -6.49868e-20 0 1.48024e-16 0 1.48031e-16)
(1.48024e-16 -6.99997e-20 0 1.48037e-16 0 1.48029e-16)
(1.48024e-16 -7.82328e-20 0 1.48035e-16 0 1.4803e-16)
(1.48029e-16 -7.98563e-20 0 1.48032e-16 0 1.48029e-16)
(1.48034e-16 -1.04337e-19 0 1.48025e-16 0 1.4803e-16)
(1.48024e-16 -1.07138e-19 0 1.48035e-16 0 1.4803e-16)
(1.48024e-16 -1.16598e-19 0 1.48035e-16 0 1.4803e-16)
(1.48029e-16 -1.17665e-19 0 1.4803e-16 0 1.4803e-16)
(1.48035e-16 -1.63199e-19 0 1.48023e-16 0 1.48031e-16)
(1.48023e-16 -1.63281e-19 0 1.48037e-16 0 1.48029e-16)
(1.48024e-16 -1.69882e-19 0 1.48035e-16 0 1.4803e-16)
(1.48028e-16 -1.7283e-19 0 1.48032e-16 0 1.48029e-16)
(1.48035e-16 -2.47133e-19 0 1.48024e-16 0 1.4803e-16)
(1.48024e-16 -2.40712e-19 0 1.48035e-16 0 1.4803e-16)
(1.48024e-16 -2.42636e-19 0 1.48036e-16 0 1.4803e-16)
(1.48029e-16 -2.51495e-19 0 1.48031e-16 0 1.4803e-16)
(1.48036e-16 -3.65802e-19 0 1.48024e-16 0 1.4803e-16)
(1.48024e-16 -3.50535e-19 0 1.48036e-16 0 1.48029e-16)
(1.48023e-16 -3.42084e-19 0 1.48037e-16 0 1.4803e-16)
(1.48028e-16 -3.60218e-19 0 1.48032e-16 0 1.48029e-16)
(1.48036e-16 -5.28362e-19 0 1.48022e-16 0 1.48031e-16)
(1.48024e-16 -4.9933e-19 0 1.48036e-16 0 1.48029e-16)
(1.48023e-16 -4.76402e-19 0 1.48036e-16 0 1.4803e-16)
(1.48028e-16 -5.06076e-19 0 1.48032e-16 0 1.4803e-16)
(1.48035e-16 -7.48052e-19 0 1.48025e-16 0 1.48029e-16)
(1.48027e-16 -7.02715e-19 0 1.48031e-16 0 1.48031e-16)
(1.48023e-16 -6.56788e-19 0 1.48036e-16 0 1.4803e-16)
(1.48027e-16 -7.00373e-19 0 1.48033e-16 0 1.4803e-16)
(1.48037e-16 -1.04e-18 0 1.48021e-16 0 1.48031e-16)
(1.48027e-16 -9.72319e-19 0 1.48034e-16 0 1.48029e-16)
(1.48023e-16 -8.939e-19 0 1.48037e-16 0 1.48029e-16)
(1.48024e-16 -9.55803e-19 0 1.48036e-16 0 1.48029e-16)
(1.48035e-16 -1.41661e-18 0 1.48025e-16 0 1.4803e-16)
(1.48033e-16 -1.32591e-18 0 1.48025e-16 0 1.48031e-16)
(1.48024e-16 -1.21278e-18 0 1.48035e-16 0 1.4803e-16)
(1.48023e-16 -1.2848e-18 0 1.48037e-16 0 1.4803e-16)
(1.48035e-16 -1.85554e-18 0 1.48024e-16 0 1.4803e-16)
(1.48036e-16 -1.76355e-18 0 1.48023e-16 0 1.4803e-16)
(1.48025e-16 -1.66446e-18 0 1.48035e-16 0 1.4803e-16)
(1.48019e-16 -1.72474e-18 0 1.48043e-16 0 1.48028e-16)
(1.48035e-16 -2.39419e-18 0 1.48025e-16 0 1.4803e-16)
(1.48038e-16 -2.3249e-18 0 1.4802e-16 0 1.4803e-16)
(1.48024e-16 -2.27092e-18 0 1.48036e-16 0 1.48029e-16)
(1.48019e-16 -2.31506e-18 0 1.4804e-16 0 1.4803e-16)
(1.48036e-16 -3.10117e-18 0 1.48023e-16 0 1.4803e-16)
(1.4804e-16 -3.0511e-18 0 1.4802e-16 0 1.4803e-16)
(1.48025e-16 -3.02117e-18 0 1.48034e-16 0 1.4803e-16)
(1.48016e-16 -3.05808e-18 0 1.48044e-16 0 1.48029e-16)
(1.48035e-16 -3.97953e-18 0 1.48025e-16 0 1.48029e-16)
(1.48042e-16 -3.94419e-18 0 1.48017e-16 0 1.4803e-16)
(1.48025e-16 -3.93206e-18 0 1.48035e-16 0 1.4803e-16)
(1.48016e-16 -3.96251e-18 0 1.48043e-16 0 1.4803e-16)
(1.48037e-16 -5.04853e-18 0 1.48021e-16 0 1.48031e-16)
(1.48042e-16 -5.02777e-18 0 1.48018e-16 0 1.4803e-16)
(1.48024e-16 -5.02797e-18 0 1.48035e-16 0 1.4803e-16)
(1.48016e-16 -5.05172e-18 0 1.48044e-16 0 1.4803e-16)
(1.48036e-16 -6.32802e-18 0 1.48024e-16 0 1.48029e-16)
(1.48043e-16 -6.31679e-18 0 1.48016e-16 0 1.48031e-16)
(1.48024e-16 -6.32509e-18 0 1.48035e-16 0 1.4803e-16)
(1.48015e-16 -6.34332e-18 0 1.48045e-16 0 1.48029e-16)
(1.48037e-16 -7.8294e-18 0 1.48022e-16 0 1.48031e-16)
(1.48042e-16 -7.82942e-18 0 1.48017e-16 0 1.4803e-16)
(1.48024e-16 -7.84394e-18 0 1.48036e-16 0 1.4803e-16)
(1.48016e-16 -7.85445e-18 0 1.48044e-16 0 1.4803e-16)
(1.48035e-16 -9.56143e-18 0 1.48025e-16 0 1.48029e-16)
(1.48042e-16 -9.56882e-18 0 1.48016e-16 0 1.48031e-16)
(1.48024e-16 -9.59213e-18 0 1.48036e-16 0 1.4803e-16)
(1.48015e-16 -9.59414e-18 0 1.48045e-16 0 1.48029e-16)
(1.48037e-16 -1.15259e-17 0 1.48021e-16 0 1.48031e-16)
(1.4804e-16 -1.15346e-17 0 1.4802e-16 0 1.48029e-16)
(1.48023e-16 -1.15686e-17 0 1.48037e-16 0 1.48029e-16)
(1.48017e-16 -1.15683e-17 0 1.48042e-16 0 1.4803e-16)
(1.48035e-16 -1.37092e-17 0 1.48026e-16 0 1.48028e-16)
(1.48042e-16 -1.37178e-17 0 1.48015e-16 0 1.48032e-16)
(1.48024e-16 -1.37624e-17 0 1.48035e-16 0 1.48031e-16)
(1.48016e-16 -1.37704e-17 0 1.48045e-16 0 1.48028e-16)
(1.48038e-16 -1.60995e-17 0 1.4802e-16 0 1.48031e-16)
(1.48038e-16 -1.61026e-17 0 1.48023e-16 0 1.48028e-16)
(1.48021e-16 -1.61568e-17 0 1.48039e-16 0 1.48029e-16)
(1.48019e-16 -1.61765e-17 0 1.4804e-16 0 1.4803e-16)
(1.48036e-16 -1.86584e-17 0 1.48024e-16 0 1.48029e-16)
(1.48038e-16 -1.86607e-17 0 1.48021e-16 0 1.4803e-16)
(1.4802e-16 -1.87167e-17 0 1.4804e-16 0 1.48029e-16)
(1.48017e-16 -1.87691e-17 0 1.48044e-16 0 1.48028e-16)
(1.48038e-16 -2.13447e-17 0 1.48021e-16 0 1.48031e-16)
(1.4804e-16 -2.13427e-17 0 1.48017e-16 0 1.48032e-16)
(1.48021e-16 -2.13961e-17 0 1.48037e-16 0 1.48031e-16)
(1.48019e-16 -2.14888e-17 0 1.4804e-16 0 1.4803e-16)
(1.51156e-16 -2.46657e-17 0 1.51132e-16 0 1.51147e-16)
(1.51193e-16 -2.46934e-17 0 1.5118e-16 0 1.51186e-16)
(1.51136e-16 -2.46769e-17 0 1.51164e-16 0 1.51149e-16)
(1.51057e-16 -2.47765e-17 0 1.51075e-16 0 1.51068e-16)
(1.58015e-16 -3.95711e-17 0 1.58018e-16 0 1.58008e-16)
(1.58071e-16 -3.96902e-17 0 1.58043e-16 0 1.58062e-16)
(1.58001e-16 -3.94316e-17 0 1.58018e-16 0 1.58014e-16)
(1.57901e-16 -3.94443e-17 0 1.57925e-16 0 1.57913e-16)
(1.4803e-16 -8.86374e-21 0 1.4803e-16 0 1.4803e-16)
(1.4803e-16 -8.82464e-21 0 1.4803e-16 0 1.4803e-16)
(1.4803e-16 -8.88132e-21 0 1.4803e-16 0 1.4803e-16)
(1.4803e-16 -8.90221e-21 0 1.4803e-16 0 1.4803e-16)
(1.4803e-16 -4.40551e-20 0 1.4803e-16 0 1.4803e-16)
(1.4803e-16 -4.39735e-20 0 1.4803e-16 0 1.4803e-16)
(1.4803e-16 -4.41861e-20 0 1.4803e-16 0 1.4803e-16)
(1.4803e-16 -4.42053e-20 0 1.4803e-16 0 1.4803e-16)
(1.4803e-16 -1.09853e-19 0 1.4803e-16 0 1.4803e-16)
(1.4803e-16 -1.09855e-19 0 1.4803e-16 0 1.4803e-16)
(1.4803e-16 -1.1025e-19 0 1.4803e-16 0 1.4803e-16)
(1.4803e-16 -1.10224e-19 0 1.4803e-16 0 1.4803e-16)
(1.4803e-16 -1.96738e-19 0 1.4803e-16 0 1.4803e-16)
(1.4803e-16 -1.96922e-19 0 1.4803e-16 0 1.4803e-16)
(1.4803e-16 -1.97444e-19 0 1.4803e-16 0 1.4803e-16)
(1.4803e-16 -1.9735e-19 0 1.4803e-16 0 1.4803e-16)
(1.4803e-16 -2.9113e-19 0 1.4803e-16 0 1.4803e-16)
(1.4803e-16 -2.91462e-19 0 1.4803e-16 0 1.4803e-16)
(1.4803e-16 -2.92016e-19 0 1.4803e-16 0 1.4803e-16)
(1.4803e-16 -2.91896e-19 0 1.4803e-16 0 1.4803e-16)
(1.4803e-16 -3.78816e-19 0 1.4803e-16 0 1.4803e-16)
(1.4803e-16 -3.79187e-19 0 1.4803e-16 0 1.4803e-16)
(1.48029e-16 -3.79666e-19 0 1.4803e-16 0 1.4803e-16)
(1.4803e-16 -3.7957e-19 0 1.48029e-16 0 1.4803e-16)
(1.4803e-16 -4.50749e-19 0 1.48029e-16 0 1.4803e-16)
(1.4803e-16 -4.51055e-19 0 1.4803e-16 0 1.4803e-16)
(1.48029e-16 -4.51352e-19 0 1.4803e-16 0 1.4803e-16)
(1.4803e-16 -4.51346e-19 0 1.48029e-16 0 1.4803e-16)
(1.4803e-16 -5.01945e-19 0 1.48029e-16 0 1.4803e-16)
(1.48029e-16 -5.02062e-19 0 1.4803e-16 0 1.4803e-16)
(1.48029e-16 -5.01948e-19 0 1.48031e-16 0 1.4803e-16)
(1.4803e-16 -5.02044e-19 0 1.48029e-16 0 1.4803e-16)
(1.4803e-16 -5.3072e-19 0 1.48029e-16 0 1.4803e-16)
(1.48029e-16 -5.30692e-19 0 1.4803e-16 0 1.4803e-16)
(1.48029e-16 -5.29982e-19 0 1.48031e-16 0 1.4803e-16)
(1.4803e-16 -5.30093e-19 0 1.48029e-16 0 1.4803e-16)
(1.4803e-16 -5.38081e-19 0 1.48029e-16 0 1.4803e-16)
(1.48029e-16 -5.37712e-19 0 1.4803e-16 0 1.4803e-16)
(1.48029e-16 -5.35873e-19 0 1.48031e-16 0 1.4803e-16)
(1.48031e-16 -5.35872e-19 0 1.48029e-16 0 1.4803e-16)
(1.48031e-16 -5.26891e-19 0 1.48029e-16 0 1.4803e-16)
(1.48029e-16 -5.25973e-19 0 1.4803e-16 0 1.4803e-16)
(1.48028e-16 -5.22452e-19 0 1.48031e-16 0 1.48029e-16)
(1.48031e-16 -5.22382e-19 0 1.48029e-16 0 1.4803e-16)
(1.48031e-16 -5.0031e-19 0 1.48029e-16 0 1.4803e-16)
(1.48029e-16 -4.99088e-19 0 1.4803e-16 0 1.4803e-16)
(1.48028e-16 -4.93047e-19 0 1.48031e-16 0 1.48029e-16)
(1.48031e-16 -4.92369e-19 0 1.48029e-16 0 1.4803e-16)
(1.48031e-16 -4.62144e-19 0 1.48029e-16 0 1.4803e-16)
(1.48029e-16 -4.61655e-19 0 1.4803e-16 0 1.4803e-16)
(1.48028e-16 -4.52513e-19 0 1.48032e-16 0 1.48029e-16)
(1.48031e-16 -4.50891e-19 0 1.48028e-16 0 1.4803e-16)
(1.48031e-16 -4.14664e-19 0 1.48028e-16 0 1.4803e-16)
(1.48029e-16 -4.18027e-19 0 1.4803e-16 0 1.4803e-16)
(1.48028e-16 -4.05392e-19 0 1.48032e-16 0 1.48029e-16)
(1.48031e-16 -4.00523e-19 0 1.48028e-16 0 1.4803e-16)
(1.48031e-16 -3.65557e-19 0 1.48028e-16 0 1.4803e-16)
(1.48029e-16 -3.72133e-19 0 1.4803e-16 0 1.4803e-16)
(1.48028e-16 -3.51597e-19 0 1.48032e-16 0 1.48029e-16)
(1.48031e-16 -3.44913e-19 0 1.48028e-16 0 1.4803e-16)
(1.48032e-16 -3.16641e-19 0 1.48028e-16 0 1.4803e-16)
(1.4803e-16 -3.23443e-19 0 1.48029e-16 0 1.4803e-16)
(1.48029e-16 -3.01159e-19 0 1.48031e-16 0 1.48029e-16)
(1.48031e-16 -2.93377e-19 0 1.48028e-16 0 1.4803e-16)
(1.48031e-16 -2.65814e-19 0 1.48029e-16 0 1.48029e-16)
(1.4803e-16 -2.70225e-19 0 1.48029e-16 0 1.4803e-16)
(1.48029e-16 -2.55385e-19 0 1.48031e-16 0 1.48029e-16)
(1.48031e-16 -2.48034e-19 0 1.48028e-16 0 1.4803e-16)
(1.48032e-16 -2.1831e-19 0 1.48028e-16 0 1.4803e-16)
(1.4803e-16 -2.18612e-19 0 1.48029e-16 0 1.4803e-16)
(1.48029e-16 -2.06834e-19 0 1.4803e-16 0 1.48029e-16)
(1.48032e-16 -2.03508e-19 0 1.48028e-16 0 1.4803e-16)
(1.48032e-16 -1.74875e-19 0 1.48028e-16 0 1.4803e-16)
(1.4803e-16 -1.74738e-19 0 1.48029e-16 0 1.4803e-16)
(1.4803e-16 -1.65391e-19 0 1.4803e-16 0 1.48029e-16)
(1.48032e-16 -1.62495e-19 0 1.48027e-16 0 1.4803e-16)
(1.48032e-16 -1.37764e-19 0 1.48027e-16 0 1.4803e-16)
(1.48031e-16 -1.377e-19 0 1.48029e-16 0 1.4803e-16)
(1.4803e-16 -1.31002e-19 0 1.4803e-16 0 1.48029e-16)
(1.48032e-16 -1.28714e-19 0 1.48027e-16 0 1.4803e-16)
(1.48033e-16 -1.06327e-19 0 1.48027e-16 0 1.4803e-16)
(1.48031e-16 -1.06804e-19 0 1.48028e-16 0 1.4803e-16)
(1.4803e-16 -1.02257e-19 0 1.4803e-16 0 1.48029e-16)
(1.48032e-16 -9.93233e-20 0 1.48027e-16 0 1.4803e-16)
(1.48033e-16 -8.11182e-20 0 1.48027e-16 0 1.48029e-16)
(1.48031e-16 -8.16142e-20 0 1.48028e-16 0 1.4803e-16)
(1.4803e-16 -7.96352e-20 0 1.4803e-16 0 1.48029e-16)
(1.48032e-16 -7.68897e-20 0 1.48027e-16 0 1.4803e-16)
(1.48033e-16 -6.07522e-20 0 1.48026e-16 0 1.4803e-16)
(1.48031e-16 -6.03622e-20 0 1.48028e-16 0 1.4803e-16)
(1.4803e-16 -6.07586e-20 0 1.4803e-16 0 1.48029e-16)
(1.48033e-16 -5.9306e-20 0 1.48026e-16 0 1.4803e-16)
(1.48033e-16 -4.62036e-20 0 1.48027e-16 0 1.48029e-16)
(1.48031e-16 -4.34934e-20 0 1.48028e-16 0 1.4803e-16)
(1.4803e-16 -4.61107e-20 0 1.4803e-16 0 1.48029e-16)
(1.48033e-16 -4.69199e-20 0 1.48026e-16 0 1.4803e-16)
(1.48034e-16 -3.53853e-20 0 1.48025e-16 0 1.4803e-16)
(1.48031e-16 -3.00165e-20 0 1.48028e-16 0 1.4803e-16)
(1.4803e-16 -3.51151e-20 0 1.4803e-16 0 1.48029e-16)
(1.48033e-16 -3.87458e-20 0 1.48025e-16 0 1.48031e-16)
(1.48033e-16 -2.9419e-20 0 1.48027e-16 0 1.48029e-16)
(1.48031e-16 -2.00008e-20 0 1.48028e-16 0 1.4803e-16)
(1.4803e-16 -2.61183e-20 0 1.4803e-16 0 1.48029e-16)
(1.48033e-16 -3.37241e-20 0 1.48026e-16 0 1.4803e-16)
(1.48034e-16 -2.51024e-20 0 1.48025e-16 0 1.4803e-16)
(1.48032e-16 -1.43097e-20 0 1.48027e-16 0 1.48031e-16)
(1.4803e-16 -2.05183e-20 0 1.4803e-16 0 1.48029e-16)
(1.48034e-16 -3.24814e-20 0 1.48025e-16 0 1.4803e-16)
(1.48034e-16 -2.34883e-20 0 1.48025e-16 0 1.4803e-16)
(1.48032e-16 -1.30182e-20 0 1.48027e-16 0 1.4803e-16)
(1.4803e-16 -1.57835e-20 0 1.48031e-16 0 1.48029e-16)
(1.48034e-16 -3.07613e-20 0 1.48025e-16 0 1.48031e-16)
(1.48034e-16 -2.16904e-20 0 1.48026e-16 0 1.48029e-16)
(1.48032e-16 -1.8799e-20 0 1.48027e-16 0 1.4803e-16)
(1.48029e-16 -1.32606e-20 0 1.48031e-16 0 1.48029e-16)
(1.48033e-16 -2.92519e-20 0 1.48026e-16 0 1.4803e-16)
(1.48035e-16 -2.15307e-20 0 1.48023e-16 0 1.48031e-16)
(1.48032e-16 -1.42108e-20 0 1.48027e-16 0 1.4803e-16)
(1.4803e-16 -1.05309e-20 0 1.4803e-16 0 1.48029e-16)
(1.48034e-16 -3.24122e-20 0 1.48024e-16 0 1.48031e-16)
(1.48033e-16 -2.30395e-20 0 1.48027e-16 0 1.48029e-16)
(1.48032e-16 -8.07662e-21 0 1.48028e-16 0 1.48029e-16)
(1.48029e-16 -1.06065e-20 0 1.48031e-16 0 1.48029e-16)
(1.48032e-16 -4.00337e-20 0 1.48028e-16 0 1.4803e-16)
(1.48034e-16 -2.28044e-20 0 1.48025e-16 0 1.4803e-16)
(1.48032e-16 -3.25706e-21 0 1.48028e-16 0 1.48029e-16)
(1.4803e-16 -1.18313e-20 0 1.4803e-16 0 1.4803e-16)
(1.48031e-16 -4.65876e-20 0 1.48029e-16 0 1.4803e-16)
(1.48034e-16 -2.56779e-20 0 1.48025e-16 0 1.4803e-16)
(1.48033e-16 6.24397e-21 0 1.48027e-16 0 1.48029e-16)
(1.48029e-16 -1.40335e-20 0 1.4803e-16 0 1.4803e-16)
(1.4803e-16 -4.97201e-20 0 1.4803e-16 0 1.48029e-16)
(1.48034e-16 -3.05977e-20 0 1.48025e-16 0 1.4803e-16)
(1.48033e-16 2.48853e-21 0 1.48027e-16 0 1.48029e-16)
(1.48028e-16 -2.26023e-20 0 1.48031e-16 0 1.4803e-16)
(1.4803e-16 -5.28381e-20 0 1.48031e-16 0 1.48029e-16)
(1.48035e-16 -4.12732e-20 0 1.48023e-16 0 1.48031e-16)
(1.48034e-16 -9.6677e-21 0 1.48026e-16 0 1.4803e-16)
(1.48027e-16 -3.291e-20 0 1.48032e-16 0 1.4803e-16)
(1.4803e-16 -5.76279e-20 0 1.4803e-16 0 1.48029e-16)
(1.48035e-16 -5.76859e-20 0 1.48024e-16 0 1.4803e-16)
(1.48033e-16 -3.36135e-20 0 1.48026e-16 0 1.48029e-16)
(1.48026e-16 -5.29492e-20 0 1.48033e-16 0 1.4803e-16)
(1.48031e-16 -7.014e-20 0 1.48029e-16 0 1.4803e-16)
(1.48036e-16 -8.31049e-20 0 1.48023e-16 0 1.4803e-16)
(1.48034e-16 -6.49504e-20 0 1.48026e-16 0 1.48029e-16)
(1.48026e-16 -7.85508e-20 0 1.48033e-16 0 1.4803e-16)
(1.48031e-16 -9.00827e-20 0 1.4803e-16 0 1.48029e-16)
(1.48036e-16 -1.20527e-19 0 1.48023e-16 0 1.4803e-16)
(1.48034e-16 -1.1019e-19 0 1.48026e-16 0 1.48029e-16)
(1.48025e-16 -1.18494e-19 0 1.48034e-16 0 1.4803e-16)
(1.48031e-16 -1.24948e-19 0 1.48029e-16 0 1.48029e-16)
(1.48037e-16 -1.75228e-19 0 1.48022e-16 0 1.4803e-16)
(1.48034e-16 -1.69634e-19 0 1.48026e-16 0 1.48029e-16)
(1.48025e-16 -1.74003e-19 0 1.48034e-16 0 1.4803e-16)
(1.48031e-16 -1.76575e-19 0 1.48029e-16 0 1.48029e-16)
(1.48036e-16 -2.54896e-19 0 1.48023e-16 0 1.4803e-16)
(1.48034e-16 -2.53449e-19 0 1.48026e-16 0 1.48029e-16)
(1.48025e-16 -2.54125e-19 0 1.48034e-16 0 1.4803e-16)
(1.48031e-16 -2.53202e-19 0 1.48029e-16 0 1.48029e-16)
(1.48037e-16 -3.65033e-19 0 1.48022e-16 0 1.48031e-16)
(1.48034e-16 -3.66384e-19 0 1.48026e-16 0 1.48029e-16)
(1.48025e-16 -3.63897e-19 0 1.48034e-16 0 1.4803e-16)
(1.48031e-16 -3.59862e-19 0 1.48029e-16 0 1.48029e-16)
(1.48036e-16 -5.19014e-19 0 1.48022e-16 0 1.48031e-16)
(1.48034e-16 -5.26575e-19 0 1.48025e-16 0 1.48029e-16)
(1.48025e-16 -5.14953e-19 0 1.48034e-16 0 1.4803e-16)
(1.48031e-16 -5.07007e-19 0 1.48028e-16 0 1.4803e-16)
(1.48035e-16 -7.2842e-19 0 1.48024e-16 0 1.4803e-16)
(1.48034e-16 -7.41565e-19 0 1.48026e-16 0 1.48029e-16)
(1.48026e-16 -7.14323e-19 0 1.48033e-16 0 1.4803e-16)
(1.48031e-16 -7.03192e-19 0 1.48029e-16 0 1.4803e-16)
(1.48035e-16 -1.01213e-18 0 1.48023e-16 0 1.48031e-16)
(1.48036e-16 -1.03131e-18 0 1.48023e-16 0 1.4803e-16)
(1.48026e-16 -9.76448e-19 0 1.48033e-16 0 1.4803e-16)
(1.48029e-16 -9.63163e-19 0 1.48031e-16 0 1.48029e-16)
(1.48033e-16 -1.3476e-18 0 1.48026e-16 0 1.4803e-16)
(1.48036e-16 -1.37703e-18 0 1.48023e-16 0 1.4803e-16)
(1.48028e-16 -1.30973e-18 0 1.48031e-16 0 1.4803e-16)
(1.48028e-16 -1.29885e-18 0 1.48032e-16 0 1.48029e-16)
(1.4803e-16 -1.77858e-18 0 1.4803e-16 0 1.48029e-16)
(1.48037e-16 -1.80975e-18 0 1.48023e-16 0 1.4803e-16)
(1.4803e-16 -1.76309e-18 0 1.48028e-16 0 1.48031e-16)
(1.48025e-16 -1.76319e-18 0 1.48036e-16 0 1.48028e-16)
(1.48031e-16 -2.36016e-18 0 1.48027e-16 0 1.48031e-16)
(1.48037e-16 -2.38149e-18 0 1.48022e-16 0 1.4803e-16)
(1.48029e-16 -2.35428e-18 0 1.4803e-16 0 1.4803e-16)
(1.48025e-16 -2.35722e-18 0 1.48034e-16 0 1.4803e-16)
(1.48028e-16 -3.08161e-18 0 1.48031e-16 0 1.48029e-16)
(1.48037e-16 -3.09525e-18 0 1.48023e-16 0 1.4803e-16)
(1.48031e-16 -3.07901e-18 0 1.48028e-16 0 1.4803e-16)
(1.48024e-16 -3.07659e-18 0 1.48036e-16 0 1.48029e-16)
(1.48028e-16 -3.97055e-18 0 1.48031e-16 0 1.4803e-16)
(1.48037e-16 -3.97733e-18 0 1.48023e-16 0 1.48029e-16)
(1.48031e-16 -3.97055e-18 0 1.48028e-16 0 1.4803e-16)
(1.48024e-16 -3.96557e-18 0 1.48035e-16 0 1.4803e-16)
(1.48029e-16 -5.04802e-18 0 1.4803e-16 0 1.4803e-16)
(1.48037e-16 -5.04741e-18 0 1.48022e-16 0 1.4803e-16)
(1.4803e-16 -5.04958e-18 0 1.48029e-16 0 1.4803e-16)
(1.48024e-16 -5.04178e-18 0 1.48036e-16 0 1.48029e-16)
(1.48028e-16 -6.33357e-18 0 1.48032e-16 0 1.4803e-16)
(1.48037e-16 -6.32632e-18 0 1.48023e-16 0 1.48029e-16)
(1.48031e-16 -6.33498e-18 0 1.48027e-16 0 1.48031e-16)
(1.48024e-16 -6.32809e-18 0 1.48036e-16 0 1.48029e-16)
(1.48029e-16 -7.83996e-18 0 1.48031e-16 0 1.4803e-16)
(1.48037e-16 -7.82807e-18 0 1.48023e-16 0 1.4803e-16)
(1.48031e-16 -7.84325e-18 0 1.48029e-16 0 1.4803e-16)
(1.48024e-16 -7.83396e-18 0 1.48037e-16 0 1.48029e-16)
(1.48029e-16 -9.57435e-18 0 1.4803e-16 0 1.4803e-16)
(1.48036e-16 -9.5612e-18 0 1.48023e-16 0 1.48029e-16)
(1.48031e-16 -9.57859e-18 0 1.48028e-16 0 1.48031e-16)
(1.48025e-16 -9.57079e-18 0 1.48035e-16 0 1.4803e-16)
(1.4803e-16 -1.15391e-17 0 1.4803e-16 0 1.4803e-16)
(1.48037e-16 -1.15259e-17 0 1.48023e-16 0 1.4803e-16)
(1.4803e-16 -1.15487e-17 0 1.48029e-16 0 1.4803e-16)
(1.48024e-16 -1.15417e-17 0 1.48037e-16 0 1.48029e-16)
(1.4803e-16 -1.37273e-17 0 1.48029e-16 0 1.4803e-16)
(1.48036e-16 -1.37102e-17 0 1.48024e-16 0 1.48029e-16)
(1.48031e-16 -1.37327e-17 0 1.48027e-16 0 1.48031e-16)
(1.48025e-16 -1.37329e-17 0 1.48034e-16 0 1.4803e-16)
(1.48032e-16 -1.61179e-17 0 1.48027e-16 0 1.4803e-16)
(1.48036e-16 -1.60938e-17 0 1.48023e-16 0 1.4803e-16)
(1.4803e-16 -1.61228e-17 0 1.4803e-16 0 1.4803e-16)
(1.48025e-16 -1.61347e-17 0 1.48035e-16 0 1.48029e-16)
(1.48033e-16 -1.86857e-17 0 1.48025e-16 0 1.48031e-16)
(1.48035e-16 -1.86569e-17 0 1.48025e-16 0 1.48029e-16)
(1.48029e-16 -1.86736e-17 0 1.48031e-16 0 1.4803e-16)
(1.48026e-16 -1.87064e-17 0 1.48035e-16 0 1.48029e-16)
(1.48033e-16 -2.13995e-17 0 1.48027e-16 0 1.48029e-16)
(1.48036e-16 -2.13399e-17 0 1.48024e-16 0 1.48029e-16)
(1.4803e-16 -2.1354e-17 0 1.48027e-16 0 1.48032e-16)
(1.48026e-16 -2.14211e-17 0 1.48034e-16 0 1.48029e-16)
(1.51123e-16 -2.46769e-17 0 1.51111e-16 0 1.51116e-16)
(1.5119e-16 -2.46351e-17 0 1.51175e-16 0 1.51183e-16)
(1.51193e-16 -2.46354e-17 0 1.51201e-16 0 1.51196e-16)
(1.5112e-16 -2.47055e-17 0 1.51124e-16 0 1.51124e-16)
(1.57984e-16 -3.94609e-17 0 1.57973e-16 0 1.57975e-16)
(1.58063e-16 -3.94378e-17 0 1.58056e-16 0 1.58055e-16)
(1.58068e-16 -3.9443e-17 0 1.58073e-16 0 1.58072e-16)
(1.5798e-16 -3.9487e-17 0 1.57986e-16 0 1.57985e-16)
(1.65879e-16 -7.90972e-17 0 1.65868e-16 0 1.65878e-16)
(1.65925e-16 -7.91136e-17 0 1.65918e-16 0 1.65918e-16)
(1.65869e-16 -7.90616e-17 0 1.65855e-16 0 1.65871e-16)
(1.65743e-16 -7.90126e-17 0 1.65759e-16 0 1.6575e-16)
(1.72059e-16 -8.2103e-17 0 1.7212e-16 0 1.72083e-16)
(1.72145e-16 -8.21135e-17 0 1.72091e-16 0 1.72122e-16)
(1.72133e-16 -8.20788e-17 0 1.72066e-16 0 1.72087e-16)
(1.72021e-16 -8.20563e-17 0 1.72045e-16 0 1.7203e-16)
(1.7481e-16 -8.29283e-17 0 1.7482e-16 0 1.74826e-16)
(1.7485e-16 -8.29304e-17 0 1.74815e-16 0 1.74826e-16)
(1.74904e-16 -8.29379e-17 0 1.74824e-16 0 1.74868e-16)
(1.74882e-16 -8.29628e-17 0 1.74907e-16 0 1.74899e-16)
(1.74766e-16 -8.23034e-17 0 1.74805e-16 0 1.74776e-16)
(1.7481e-16 -8.23003e-17 0 1.74745e-16 0 1.74787e-16)
(1.74894e-16 -8.23375e-17 0 1.74829e-16 0 1.74868e-16)
(1.74921e-16 -8.23808e-17 0 1.74964e-16 0 1.7494e-16)
(1.72671e-16 -8.08276e-17 0 1.72675e-16 0 1.72675e-16)
(1.7268e-16 -8.08207e-17 0 1.72646e-16 0 1.72658e-16)
(1.72795e-16 -8.08767e-17 0 1.7277e-16 0 1.72778e-16)
(1.72852e-16 -8.09233e-17 0 1.72897e-16 0 1.72874e-16)
(1.69085e-16 -7.88582e-17 0 1.69091e-16 0 1.69088e-16)
(1.69089e-16 -7.88483e-17 0 1.69047e-16 0 1.69069e-16)
(1.69226e-16 -7.89164e-17 0 1.69201e-16 0 1.69214e-16)
(1.69282e-16 -7.89595e-17 0 1.69325e-16 0 1.69305e-16)
(1.6452e-16 -7.6589e-17 0 1.64533e-16 0 1.6452e-16)
(1.64519e-16 -7.65762e-17 0 1.64472e-16 0 1.64502e-16)
(1.6467e-16 -7.66525e-17 0 1.64652e-16 0 1.64663e-16)
(1.64717e-16 -7.66896e-17 0 1.64767e-16 0 1.64737e-16)
(1.59395e-16 -7.41425e-17 0 1.59378e-16 0 1.59395e-16)
(1.59368e-16 -7.41273e-17 0 1.5935e-16 0 1.59353e-16)
(1.59534e-16 -7.42085e-17 0 1.59531e-16 0 1.5953e-16)
(1.59584e-16 -7.4239e-17 0 1.59606e-16 0 1.59601e-16)
(1.53999e-16 -6.97812e-17 0 1.54027e-16 0 1.53999e-16)
(1.53988e-16 -6.98217e-17 0 1.53948e-16 0 1.53978e-16)
(1.54154e-16 -7.02468e-17 0 1.54146e-16 0 1.54153e-16)
(1.54188e-16 -7.00706e-17 0 1.54226e-16 0 1.54198e-16)
(1.48744e-16 -5.54234e-17 0 1.48723e-16 0 1.48745e-16)
(1.48698e-16 -5.54558e-17 0 1.48694e-16 0 1.48693e-16)
(1.48872e-16 -5.58233e-17 0 1.4887e-16 0 1.48873e-16)
(1.48918e-16 -5.56783e-17 0 1.48914e-16 0 1.48921e-16)
(1.48018e-16 -4.47871e-17 0 1.48051e-16 0 1.4802e-16)
(1.48034e-16 -4.47123e-17 0 1.48021e-16 0 1.48034e-16)
(1.48024e-16 -4.50392e-17 0 1.48037e-16 0 1.48028e-16)
(1.4803e-16 -4.49612e-17 0 1.48033e-16 0 1.48026e-16)
(1.48042e-16 -3.58975e-17 0 1.48007e-16 0 1.4804e-16)
(1.4802e-16 -3.56957e-17 0 1.48047e-16 0 1.48022e-16)
(1.48019e-16 -3.5981e-17 0 1.48041e-16 0 1.48029e-16)
(1.48041e-16 -3.59883e-17 0 1.48017e-16 0 1.48032e-16)
(1.48025e-16 -2.83198e-17 0 1.48045e-16 0 1.48019e-16)
(1.4804e-16 -2.81027e-17 0 1.48007e-16 0 1.48042e-16)
(1.48018e-16 -2.83307e-17 0 1.4804e-16 0 1.48032e-16)
(1.48043e-16 -2.83384e-17 0 1.48016e-16 0 1.4803e-16)
(1.48048e-16 -2.19336e-17 0 1.48003e-16 0 1.48038e-16)
(1.48016e-16 -2.17695e-17 0 1.48055e-16 0 1.48018e-16)
(1.48009e-16 -2.19623e-17 0 1.48052e-16 0 1.48028e-16)
(1.48041e-16 -2.19847e-17 0 1.48022e-16 0 1.48026e-16)
(1.48035e-16 -1.67977e-17 0 1.48032e-16 0 1.48021e-16)
(1.4804e-16 -1.66093e-17 0 1.48008e-16 0 1.48042e-16)
(1.48013e-16 -1.67762e-17 0 1.48042e-16 0 1.48034e-16)
(1.4805e-16 -1.67933e-17 0 1.48006e-16 0 1.48033e-16)
(1.4805e-16 -1.27525e-17 0 1.48007e-16 0 1.48032e-16)
(1.48026e-16 -1.25292e-17 0 1.48037e-16 0 1.48026e-16)
(1.48009e-16 -1.26616e-17 0 1.48046e-16 0 1.48034e-16)
(1.48039e-16 -1.26841e-17 0 1.4803e-16 0 1.48021e-16)
(1.48045e-16 -9.51152e-18 0 1.4802e-16 0 1.48025e-16)
(1.48034e-16 -9.33846e-18 0 1.48023e-16 0 1.48032e-16)
(1.47999e-16 -9.42952e-18 0 1.48065e-16 0 1.48026e-16)
(1.48053e-16 -9.44563e-18 0 1.48003e-16 0 1.48034e-16)
(1.48055e-16 -6.99205e-18 0 1.48001e-16 0 1.48034e-16)
(1.48031e-16 -6.84647e-18 0 1.48031e-16 0 1.48027e-16)
(1.48004e-16 -6.91237e-18 0 1.48053e-16 0 1.48032e-16)
(1.48046e-16 -6.92717e-18 0 1.48016e-16 0 1.48027e-16)
(1.48049e-16 -5.05432e-18 0 1.48013e-16 0 1.48027e-16)
(1.48037e-16 -4.94684e-18 0 1.4802e-16 0 1.48032e-16)
(1.47999e-16 -4.98673e-18 0 1.48063e-16 0 1.48028e-16)
(1.4805e-16 -4.99207e-18 0 1.48008e-16 0 1.48031e-16)
(1.48054e-16 -3.59588e-18 0 1.48004e-16 0 1.48031e-16)
(1.48035e-16 -3.51439e-18 0 1.48024e-16 0 1.4803e-16)
(1.47999e-16 -3.53722e-18 0 1.48061e-16 0 1.48029e-16)
(1.48051e-16 -3.5404e-18 0 1.48007e-16 0 1.48031e-16)
(1.48055e-16 -2.51298e-18 0 1.48004e-16 0 1.4803e-16)
(1.48036e-16 -2.45932e-18 0 1.48025e-16 0 1.48029e-16)
(1.48002e-16 -2.46425e-18 0 1.48056e-16 0 1.48032e-16)
(1.48047e-16 -2.4582e-18 0 1.48016e-16 0 1.48027e-16)
(1.4805e-16 -1.71758e-18 0 1.48014e-16 0 1.48025e-16)
(1.48043e-16 -1.6935e-18 0 1.48011e-16 0 1.48035e-16)
(1.48001e-16 -1.68382e-18 0 1.48058e-16 0 1.4803e-16)
(1.4805e-16 -1.67551e-18 0 1.48008e-16 0 1.48031e-16)
(1.48058e-16 -1.14546e-18 0 1.47998e-16 0 1.48033e-16)
(1.48033e-16 -1.14786e-18 0 1.4803e-16 0 1.48026e-16)
(1.48001e-16 -1.12322e-18 0 1.48058e-16 0 1.4803e-16)
(1.48046e-16 -1.10611e-18 0 1.48017e-16 0 1.48027e-16)
(1.48049e-16 -7.37508e-19 0 1.48016e-16 0 1.48025e-16)
(1.48043e-16 -7.69189e-19 0 1.48011e-16 0 1.48035e-16)
(1.48003e-16 -7.31034e-19 0 1.48055e-16 0 1.4803e-16)
(1.48049e-16 -7.09895e-19 0 1.48009e-16 0 1.48031e-16)
(1.48056e-16 -4.52706e-19 0 1.48e-16 0 1.48033e-16)
(1.48034e-16 -5.08324e-19 0 1.48028e-16 0 1.48026e-16)
(1.48004e-16 -4.52862e-19 0 1.48056e-16 0 1.48029e-16)
(1.48045e-16 -4.22791e-19 0 1.48016e-16 0 1.48028e-16)
(1.48047e-16 -2.54542e-19 0 1.48017e-16 0 1.48026e-16)
(1.48037e-16 -3.4018e-19 0 1.48022e-16 0 1.4803e-16)
(1.48007e-16 -2.69462e-19 0 1.48052e-16 0 1.4803e-16)
(1.48041e-16 -2.30346e-19 0 1.48021e-16 0 1.48027e-16)
(1.48048e-16 -1.24393e-19 0 1.48012e-16 0 1.48029e-16)
(1.48042e-16 -2.26951e-19 0 1.48012e-16 0 1.48035e-16)
(1.48013e-16 -1.32941e-19 0 1.48044e-16 0 1.48033e-16)
(1.48041e-16 -8.3062e-20 0 1.48018e-16 0 1.4803e-16)
(1.48046e-16 -3.22205e-20 0 1.48014e-16 0 1.48029e-16)
(1.48033e-16 -1.67777e-19 0 1.4803e-16 0 1.48026e-16)
(1.48011e-16 -5.57363e-20 0 1.4805e-16 0 1.48028e-16)
(1.48036e-16 1.41335e-20 0 1.48024e-16 0 1.48029e-16)
(1.48042e-16 2.11057e-20 0 1.4802e-16 0 1.48028e-16)
(1.48038e-16 -1.18437e-19 0 1.48019e-16 0 1.48032e-16)
(1.4802e-16 2.68008e-20 0 1.48036e-16 0 1.48033e-16)
(1.48032e-16 1.04018e-19 0 1.4803e-16 0 1.48027e-16)
(1.48044e-16 6.66338e-20 0 1.48013e-16 0 1.48032e-16)
(1.48042e-16 -9.78188e-20 0 1.48012e-16 0 1.48035e-16)
(1.48023e-16 8.00545e-20 0 1.48036e-16 0 1.48031e-16)
(1.48034e-16 1.78165e-19 0 1.48022e-16 0 1.48034e-16)
(1.48037e-16 1.11977e-19 0 1.48023e-16 0 1.48029e-16)
(1.48027e-16 -5.4215e-20 0 1.48042e-16 0 1.48021e-16)
(1.48023e-16 1.07682e-19 0 1.48041e-16 0 1.48025e-16)
(1.48025e-16 1.98249e-19 0 1.48037e-16 0 1.48027e-16)
(1.48036e-16 1.65449e-19 0 1.48022e-16 0 1.48031e-16)
(1.4804e-16 -1.31291e-20 0 1.48015e-16 0 1.48034e-16)
(1.48034e-16 8.78868e-20 0 1.48022e-16 0 1.48033e-16)
(1.48024e-16 1.77699e-19 0 1.48036e-16 0 1.48029e-16)
(1.4803e-16 2.51635e-19 0 1.48031e-16 0 1.48028e-16)
(1.48033e-16 4.81526e-20 0 1.48025e-16 0 1.48031e-16)
(1.48033e-16 1.01601e-19 0 1.48027e-16 0 1.48029e-16)
(1.48025e-16 1.74526e-19 0 1.48034e-16 0 1.4803e-16)
(1.4803e-16 2.99747e-19 0 1.4803e-16 0 1.48029e-16)
(1.48027e-16 1.26019e-19 0 1.48036e-16 0 1.48027e-16)
(1.48034e-16 1.51772e-19 0 1.48026e-16 0 1.48029e-16)
(1.48022e-16 2.06641e-19 0 1.48039e-16 0 1.48028e-16)
(1.48028e-16 3.27027e-19 0 1.48032e-16 0 1.48029e-16)
(1.48032e-16 2.02173e-19 0 1.48023e-16 0 1.48035e-16)
(1.48038e-16 2.1549e-19 0 1.48018e-16 0 1.48033e-16)
(1.48024e-16 2.60436e-19 0 1.48035e-16 0 1.4803e-16)
(1.48028e-16 3.88287e-19 0 1.48032e-16 0 1.48029e-16)
(1.48025e-16 3.12338e-19 0 1.48035e-16 0 1.48029e-16)
(1.48035e-16 3.20453e-19 0 1.48026e-16 0 1.48029e-16)
(1.48024e-16 3.45734e-19 0 1.48036e-16 0 1.4803e-16)
(1.48029e-16 4.78517e-19 0 1.48029e-16 0 1.4803e-16)
(1.48025e-16 4.25287e-19 0 1.48035e-16 0 1.48029e-16)
(1.48036e-16 4.27561e-19 0 1.48024e-16 0 1.4803e-16)
(1.48024e-16 4.48668e-19 0 1.48036e-16 0 1.48029e-16)
(1.48028e-16 6.11412e-19 0 1.48033e-16 0 1.48029e-16)
(1.48026e-16 5.89417e-19 0 1.48032e-16 0 1.48031e-16)
(1.48036e-16 5.89849e-19 0 1.48023e-16 0 1.4803e-16)
(1.48024e-16 5.94478e-19 0 1.48036e-16 0 1.48029e-16)
(1.4803e-16 7.92599e-19 0 1.48029e-16 0 1.4803e-16)
(1.48025e-16 7.79984e-19 0 1.48034e-16 0 1.4803e-16)
(1.48035e-16 7.78501e-19 0 1.48024e-16 0 1.4803e-16)
(1.48025e-16 7.80829e-19 0 1.48035e-16 0 1.48029e-16)
(1.4803e-16 1.02471e-18 0 1.4803e-16 0 1.48029e-16)
(1.48026e-16 1.02863e-18 0 1.48033e-16 0 1.4803e-16)
(1.48035e-16 1.02747e-18 0 1.48025e-16 0 1.4803e-16)
(1.48025e-16 1.02085e-18 0 1.48035e-16 0 1.48029e-16)
(1.48032e-16 1.31904e-18 0 1.48028e-16 0 1.4803e-16)
(1.48026e-16 1.32477e-18 0 1.48033e-16 0 1.4803e-16)
(1.48034e-16 1.32394e-18 0 1.48025e-16 0 1.4803e-16)
(1.48026e-16 1.31523e-18 0 1.48034e-16 0 1.4803e-16)
(1.48031e-16 1.66834e-18 0 1.48029e-16 0 1.48029e-16)
(1.48027e-16 1.67823e-18 0 1.48032e-16 0 1.4803e-16)
(1.48034e-16 1.67719e-18 0 1.48026e-16 0 1.4803e-16)
(1.48027e-16 1.66556e-18 0 1.48033e-16 0 1.4803e-16)
(1.48031e-16 2.07637e-18 0 1.48029e-16 0 1.48029e-16)
(1.48027e-16 2.08335e-18 0 1.48033e-16 0 1.4803e-16)
(1.48033e-16 2.08301e-18 0 1.48027e-16 0 1.4803e-16)
(1.48028e-16 2.07116e-18 0 1.48032e-16 0 1.4803e-16)
(1.48031e-16 2.53198e-18 0 1.48028e-16 0 1.4803e-16)
(1.48027e-16 2.53639e-18 0 1.48032e-16 0 1.4803e-16)
(1.48033e-16 2.53603e-18 0 1.48026e-16 0 1.4803e-16)
(1.48028e-16 2.52359e-18 0 1.48032e-16 0 1.48029e-16)
(1.4803e-16 3.02888e-18 0 1.4803e-16 0 1.48029e-16)
(1.48028e-16 3.0224e-18 0 1.48031e-16 0 1.4803e-16)
(1.48031e-16 3.02179e-18 0 1.48028e-16 0 1.4803e-16)
(1.48029e-16 3.01523e-18 0 1.48031e-16 0 1.48029e-16)
(1.48029e-16 3.53739e-18 0 1.4803e-16 0 1.4803e-16)
(1.48028e-16 3.54092e-18 0 1.48032e-16 0 1.4803e-16)
(1.48032e-16 3.54151e-18 0 1.48027e-16 0 1.4803e-16)
(1.4803e-16 3.52583e-18 0 1.4803e-16 0 1.4803e-16)
(1.48029e-16 4.04426e-18 0 1.48031e-16 0 1.48029e-16)
(1.48029e-16 4.05057e-18 0 1.48031e-16 0 1.4803e-16)
(1.48031e-16 4.05092e-18 0 1.48029e-16 0 1.4803e-16)
(1.4803e-16 4.034e-18 0 1.4803e-16 0 1.4803e-16)
(1.48029e-16 4.51666e-18 0 1.48031e-16 0 1.4803e-16)
(1.48029e-16 4.51774e-18 0 1.48031e-16 0 1.4803e-16)
(1.48031e-16 4.52081e-18 0 1.48029e-16 0 1.4803e-16)
(1.4803e-16 4.50774e-18 0 1.48029e-16 0 1.4803e-16)
(1.48029e-16 4.91935e-18 0 1.48031e-16 0 1.4803e-16)
(1.48029e-16 4.92359e-18 0 1.48031e-16 0 1.4803e-16)
(1.4803e-16 4.92655e-18 0 1.48029e-16 0 1.4803e-16)
(1.4803e-16 4.91135e-18 0 1.48029e-16 0 1.4803e-16)
(1.48028e-16 5.20831e-18 0 1.48031e-16 0 1.4803e-16)
(1.48029e-16 5.20788e-18 0 1.4803e-16 0 1.4803e-16)
(1.4803e-16 5.20934e-18 0 1.48029e-16 0 1.4803e-16)
(1.4803e-16 5.20252e-18 0 1.48029e-16 0 1.4803e-16)
(1.48029e-16 5.33944e-18 0 1.48031e-16 0 1.4803e-16)
(1.48029e-16 5.33978e-18 0 1.4803e-16 0 1.4803e-16)
(1.4803e-16 5.33835e-18 0 1.48029e-16 0 1.4803e-16)
(1.4803e-16 5.33556e-18 0 1.48029e-16 0 1.4803e-16)
(1.48029e-16 5.28123e-18 0 1.48031e-16 0 1.4803e-16)
(1.48029e-16 5.28016e-18 0 1.4803e-16 0 1.4803e-16)
(1.4803e-16 5.28076e-18 0 1.4803e-16 0 1.4803e-16)
(1.4803e-16 5.28173e-18 0 1.48029e-16 0 1.4803e-16)
(1.48029e-16 5.00386e-18 0 1.48031e-16 0 1.4803e-16)
(1.48029e-16 5.00468e-18 0 1.4803e-16 0 1.4803e-16)
(1.4803e-16 5.00446e-18 0 1.4803e-16 0 1.4803e-16)
(1.4803e-16 5.00476e-18 0 1.48029e-16 0 1.4803e-16)
(1.48029e-16 4.50058e-18 0 1.4803e-16 0 1.4803e-16)
(1.4803e-16 4.50282e-18 0 1.4803e-16 0 1.4803e-16)
(1.4803e-16 4.50206e-18 0 1.4803e-16 0 1.4803e-16)
(1.4803e-16 4.50073e-18 0 1.48029e-16 0 1.4803e-16)
(1.48029e-16 3.78698e-18 0 1.4803e-16 0 1.4803e-16)
(1.4803e-16 3.78927e-18 0 1.4803e-16 0 1.4803e-16)
(1.4803e-16 3.78968e-18 0 1.4803e-16 0 1.4803e-16)
(1.4803e-16 3.78817e-18 0 1.4803e-16 0 1.4803e-16)
(1.4803e-16 2.91333e-18 0 1.4803e-16 0 1.4803e-16)
(1.4803e-16 2.91467e-18 0 1.4803e-16 0 1.4803e-16)
(1.4803e-16 2.91482e-18 0 1.4803e-16 0 1.4803e-16)
(1.4803e-16 2.91404e-18 0 1.4803e-16 0 1.4803e-16)
(1.4803e-16 1.9702e-18 0 1.4803e-16 0 1.4803e-16)
(1.4803e-16 1.97072e-18 0 1.4803e-16 0 1.4803e-16)
(1.4803e-16 1.97071e-18 0 1.4803e-16 0 1.4803e-16)
(1.4803e-16 1.97059e-18 0 1.4803e-16 0 1.4803e-16)
(1.4803e-16 1.10049e-18 0 1.4803e-16 0 1.4803e-16)
(1.4803e-16 1.10071e-18 0 1.4803e-16 0 1.4803e-16)
(1.4803e-16 1.10065e-18 0 1.4803e-16 0 1.4803e-16)
(1.4803e-16 1.1007e-18 0 1.4803e-16 0 1.4803e-16)
(1.4803e-16 4.41266e-19 0 1.4803e-16 0 1.4803e-16)
(1.4803e-16 4.41355e-19 0 1.4803e-16 0 1.4803e-16)
(1.4803e-16 4.41334e-19 0 1.4803e-16 0 1.4803e-16)
(1.4803e-16 4.41389e-19 0 1.4803e-16 0 1.4803e-16)
(1.4803e-16 8.87366e-20 0 1.4803e-16 0 1.4803e-16)
(1.4803e-16 8.87482e-20 0 1.4803e-16 0 1.4803e-16)
(1.4803e-16 8.87345e-20 0 1.4803e-16 0 1.4803e-16)
(1.4803e-16 8.87529e-20 0 1.4803e-16 0 1.4803e-16)
(1.65831e-16 -7.90675e-17 0 1.65836e-16 0 1.65827e-16)
(1.65933e-16 -7.9119e-17 0 1.65922e-16 0 1.65928e-16)
(1.65941e-16 -7.9119e-17 0 1.65934e-16 0 1.65943e-16)
(1.65827e-16 -7.90683e-17 0 1.65853e-16 0 1.65831e-16)
(1.72041e-16 -8.20905e-17 0 1.72104e-16 0 1.72085e-16)
(1.7214e-16 -8.213e-17 0 1.72159e-16 0 1.7215e-16)
(1.72174e-16 -8.21288e-17 0 1.72146e-16 0 1.72153e-16)
(1.72089e-16 -8.20958e-17 0 1.72087e-16 0 1.72094e-16)
(1.74819e-16 -8.29441e-17 0 1.74905e-16 0 1.74856e-16)
(1.74882e-16 -8.29563e-17 0 1.74888e-16 0 1.74885e-16)
(1.74909e-16 -8.29586e-17 0 1.74872e-16 0 1.74892e-16)
(1.74883e-16 -8.29607e-17 0 1.749e-16 0 1.74888e-16)
(1.74813e-16 -8.23302e-17 0 1.74878e-16 0 1.74842e-16)
(1.74843e-16 -8.23298e-17 0 1.74851e-16 0 1.74844e-16)
(1.74876e-16 -8.23364e-17 0 1.74833e-16 0 1.74863e-16)
(1.7489e-16 -8.23547e-17 0 1.74893e-16 0 1.74894e-16)
(1.72717e-16 -8.08554e-17 0 1.72754e-16 0 1.72739e-16)
(1.72731e-16 -8.08508e-17 0 1.72727e-16 0 1.72729e-16)
(1.72755e-16 -8.08612e-17 0 1.72745e-16 0 1.72746e-16)
(1.72796e-16 -8.08853e-17 0 1.72801e-16 0 1.72798e-16)
(1.69124e-16 -7.88821e-17 0 1.69161e-16 0 1.6914e-16)
(1.69138e-16 -7.88785e-17 0 1.69133e-16 0 1.69135e-16)
(1.69171e-16 -7.88914e-17 0 1.6915e-16 0 1.69163e-16)
(1.69213e-16 -7.89163e-17 0 1.69216e-16 0 1.69214e-16)
(1.64556e-16 -7.6608e-17 0 1.64577e-16 0 1.64567e-16)
(1.64565e-16 -7.66066e-17 0 1.64565e-16 0 1.64563e-16)
(1.64602e-16 -7.66213e-17 0 1.64587e-16 0 1.64597e-16)
(1.64648e-16 -7.66455e-17 0 1.64645e-16 0 1.64648e-16)
(1.59413e-16 -7.41566e-17 0 1.59427e-16 0 1.5942e-16)
(1.59424e-16 -7.41583e-17 0 1.59423e-16 0 1.59425e-16)
(1.59459e-16 -7.41729e-17 0 1.59451e-16 0 1.59455e-16)
(1.59504e-16 -7.41956e-17 0 1.59505e-16 0 1.59502e-16)
(1.54023e-16 -6.97084e-17 0 1.54036e-16 0 1.54029e-16)
(1.5403e-16 -6.98524e-17 0 1.54049e-16 0 1.54036e-16)
(1.54076e-16 -6.99755e-17 0 1.54057e-16 0 1.54071e-16)
(1.54122e-16 -6.98565e-17 0 1.54105e-16 0 1.54117e-16)
(1.48748e-16 -5.53736e-17 0 1.48756e-16 0 1.48751e-16)
(1.48755e-16 -5.54817e-17 0 1.4877e-16 0 1.48764e-16)
(1.48793e-16 -5.5566e-17 0 1.4878e-16 0 1.48789e-16)
(1.48839e-16 -5.54808e-17 0 1.48839e-16 0 1.48832e-16)
(1.4803e-16 -4.47034e-17 0 1.48028e-16 0 1.48031e-16)
(1.48015e-16 -4.47678e-17 0 1.48048e-16 0 1.48026e-16)
(1.48036e-16 -4.48184e-17 0 1.48023e-16 0 1.4803e-16)
(1.48042e-16 -4.48278e-17 0 1.48014e-16 0 1.48034e-16)
(1.48037e-16 -3.57479e-17 0 1.48021e-16 0 1.48031e-16)
(1.48018e-16 -3.57825e-17 0 1.48039e-16 0 1.48032e-16)
(1.48031e-16 -3.58221e-17 0 1.4803e-16 0 1.48028e-16)
(1.48033e-16 -3.59336e-17 0 1.48031e-16 0 1.48026e-16)
(1.48035e-16 -2.81599e-17 0 1.48025e-16 0 1.48028e-16)
(1.48012e-16 -2.8163e-17 0 1.4805e-16 0 1.48027e-16)
(1.48032e-16 -2.81877e-17 0 1.48026e-16 0 1.48031e-16)
(1.48038e-16 -2.83665e-17 0 1.48018e-16 0 1.48034e-16)
(1.48045e-16 -2.18482e-17 0 1.48012e-16 0 1.48033e-16)
(1.48016e-16 -2.18222e-17 0 1.48043e-16 0 1.48031e-16)
(1.48026e-16 -2.18578e-17 0 1.48034e-16 0 1.4803e-16)
(1.48028e-16 -2.20148e-17 0 1.48035e-16 0 1.48027e-16)
(1.48041e-16 -1.66936e-17 0 1.4802e-16 0 1.48028e-16)
(1.48013e-16 -1.66365e-17 0 1.48049e-16 0 1.48028e-16)
(1.48031e-16 -1.66192e-17 0 1.48021e-16 0 1.48037e-16)
(1.48032e-16 -1.68464e-17 0 1.48027e-16 0 1.48031e-16)
(1.48042e-16 -1.26049e-17 0 1.48023e-16 0 1.48024e-16)
(1.48016e-16 -1.25086e-17 0 1.48046e-16 0 1.48028e-16)
(1.48021e-16 -1.2404e-17 0 1.48035e-16 0 1.48033e-16)
(1.48017e-16 -1.27044e-17 0 1.4805e-16 0 1.48023e-16)
(1.48054e-16 -9.39091e-18 0 1.48e-16 0 1.48035e-16)
(1.4802e-16 -9.2516e-18 0 1.48041e-16 0 1.48028e-16)
(1.48018e-16 -9.12461e-18 0 1.4804e-16 0 1.48031e-16)
(1.48022e-16 -9.42362e-18 0 1.48033e-16 0 1.48034e-16)
(1.48052e-16 -6.88337e-18 0 1.48011e-16 0 1.48027e-16)
(1.48026e-16 -6.74167e-18 0 1.48033e-16 0 1.4803e-16)
(1.48013e-16 -6.6541e-18 0 1.48046e-16 0 1.4803e-16)
(1.48007e-16 -6.92843e-18 0 1.48057e-16 0 1.48026e-16)
(1.48057e-16 -4.97043e-18 0 1.48001e-16 0 1.48031e-16)
(1.48026e-16 -4.90799e-18 0 1.48035e-16 0 1.48027e-16)
(1.48009e-16 -4.85398e-18 0 1.48053e-16 0 1.48028e-16)
(1.48008e-16 -5.01957e-18 0 1.48049e-16 0 1.48032e-16)
(1.48059e-16 -3.52734e-18 0 1.47998e-16 0 1.48032e-16)
(1.48031e-16 -3.49037e-18 0 1.48028e-16 0 1.4803e-16)
(1.48009e-16 -3.46713e-18 0 1.48049e-16 0 1.48031e-16)
(1.48004e-16 -3.58284e-18 0 1.48054e-16 0 1.48031e-16)
(1.48055e-16 -2.46936e-18 0 1.48006e-16 0 1.48028e-16)
(1.48029e-16 -2.461e-18 0 1.48032e-16 0 1.48028e-16)
(1.4801e-16 -2.44098e-18 0 1.48047e-16 0 1.48032e-16)
(1.48e-16 -2.50915e-18 0 1.48062e-16 0 1.48028e-16)
(1.48057e-16 -1.69888e-18 0 1.48002e-16 0 1.4803e-16)
(1.4803e-16 -1.69021e-18 0 1.48031e-16 0 1.48029e-16)
(1.48009e-16 -1.67669e-18 0 1.4805e-16 0 1.48031e-16)
(1.48003e-16 -1.71743e-18 0 1.48056e-16 0 1.48031e-16)
(1.48055e-16 -1.16521e-18 0 1.48005e-16 0 1.48029e-16)
(1.48031e-16 -1.16406e-18 0 1.48029e-16 0 1.48029e-16)
(1.48009e-16 -1.13355e-18 0 1.48049e-16 0 1.48031e-16)
(1.47999e-16 -1.14886e-18 0 1.48062e-16 0 1.48028e-16)
(1.48055e-16 -7.85151e-19 0 1.48004e-16 0 1.48031e-16)
(1.48031e-16 -7.79529e-19 0 1.48029e-16 0 1.48029e-16)
(1.4801e-16 -7.49178e-19 0 1.48049e-16 0 1.48031e-16)
(1.48003e-16 -7.43319e-19 0 1.48054e-16 0 1.48031e-16)
(1.48055e-16 -5.58753e-19 0 1.48003e-16 0 1.48032e-16)
(1.48033e-16 -5.60963e-19 0 1.48027e-16 0 1.4803e-16)
(1.48011e-16 -4.89177e-19 0 1.48047e-16 0 1.48031e-16)
(1.48003e-16 -4.60392e-19 0 1.48056e-16 0 1.4803e-16)
(1.48043e-16 -3.92859e-19 0 1.48022e-16 0 1.48024e-16)
(1.48032e-16 -3.89595e-19 0 1.4803e-16 0 1.48027e-16)
(1.48013e-16 -3.09995e-19 0 1.48047e-16 0 1.48029e-16)
(1.48002e-16 -2.65139e-19 0 1.4806e-16 0 1.48027e-16)
(1.48049e-16 -3.23758e-19 0 1.48007e-16 0 1.48033e-16)
(1.48036e-16 -3.29756e-19 0 1.48023e-16 0 1.4803e-16)
(1.4802e-16 -1.95854e-19 0 1.48036e-16 0 1.48034e-16)
(1.48007e-16 -1.35602e-19 0 1.48052e-16 0 1.48031e-16)
(1.4804e-16 -2.21145e-19 0 1.48018e-16 0 1.48031e-16)
(1.48037e-16 -2.22671e-19 0 1.48024e-16 0 1.48029e-16)
(1.48021e-16 -1.15939e-19 0 1.48038e-16 0 1.4803e-16)
(1.48009e-16 -4.66827e-20 0 1.4805e-16 0 1.4803e-16)
(1.4803e-16 -1.49249e-19 0 1.48037e-16 0 1.48023e-16)
(1.48037e-16 -1.55958e-19 0 1.48023e-16 0 1.48029e-16)
(1.48022e-16 -6.60757e-20 0 1.48037e-16 0 1.4803e-16)
(1.48008e-16 4.6626e-21 0 1.48055e-16 0 1.48027e-16)
(1.48039e-16 -1.38947e-19 0 1.48011e-16 0 1.48039e-16)
(1.48041e-16 -1.48074e-19 0 1.48018e-16 0 1.48031e-16)
(1.48029e-16 -3.06997e-20 0 1.48029e-16 0 1.48032e-16)
(1.4802e-16 4.61203e-20 0 1.48033e-16 0 1.48036e-16)
(1.4802e-16 -5.24118e-20 0 1.48045e-16 0 1.48024e-16)
(1.4804e-16 -5.78117e-20 0 1.4802e-16 0 1.48029e-16)
(1.48024e-16 -1.1934e-21 0 1.4804e-16 0 1.48025e-16)
(1.48013e-16 8.09507e-20 0 1.4805e-16 0 1.48027e-16)
(1.4802e-16 -5.08074e-21 0 1.4804e-16 0 1.48029e-16)
(1.48039e-16 -1.8567e-20 0 1.48022e-16 0 1.48028e-16)
(1.48033e-16 2.13616e-20 0 1.48025e-16 0 1.48031e-16)
(1.48018e-16 1.24384e-19 0 1.48041e-16 0 1.4803e-16)
(1.48023e-16 4.99928e-20 0 1.48033e-16 0 1.48033e-16)
(1.48041e-16 4.31915e-20 0 1.48018e-16 0 1.4803e-16)
(1.48035e-16 5.62075e-20 0 1.48023e-16 0 1.48031e-16)
(1.48023e-16 1.93829e-19 0 1.48035e-16 0 1.48031e-16)
(1.48015e-16 1.1602e-19 0 1.48048e-16 0 1.48026e-16)
(1.48038e-16 1.04742e-19 0 1.48022e-16 0 1.48029e-16)
(1.48036e-16 1.00422e-19 0 1.48024e-16 0 1.4803e-16)
(1.48023e-16 2.30304e-19 0 1.48039e-16 0 1.48027e-16)
(1.48019e-16 1.90001e-19 0 1.48038e-16 0 1.48031e-16)
(1.48038e-16 1.84605e-19 0 1.48021e-16 0 1.48029e-16)
(1.4804e-16 1.69109e-19 0 1.48017e-16 0 1.48032e-16)
(1.4803e-16 2.53759e-19 0 1.48028e-16 0 1.48031e-16)
(1.48017e-16 2.917e-19 0 1.48042e-16 0 1.4803e-16)
(1.48038e-16 2.84853e-19 0 1.48022e-16 0 1.4803e-16)
(1.48037e-16 2.59872e-19 0 1.48023e-16 0 1.48029e-16)
(1.48031e-16 3.16302e-19 0 1.48028e-16 0 1.4803e-16)
(1.48018e-16 4.1786e-19 0 1.48042e-16 0 1.4803e-16)
(1.48036e-16 4.14944e-19 0 1.48024e-16 0 1.48029e-16)
(1.48037e-16 3.79873e-19 0 1.48022e-16 0 1.4803e-16)
(1.48033e-16 4.13955e-19 0 1.48026e-16 0 1.4803e-16)
(1.48018e-16 5.8077e-19 0 1.48042e-16 0 1.4803e-16)
(1.48035e-16 5.76413e-19 0 1.48025e-16 0 1.4803e-16)
(1.48037e-16 5.26816e-19 0 1.48023e-16 0 1.4803e-16)
(1.48034e-16 5.4763e-19 0 1.48025e-16 0 1.4803e-16)
(1.48019e-16 7.85271e-19 0 1.4804e-16 0 1.4803e-16)
(1.48033e-16 7.8345e-19 0 1.48026e-16 0 1.48029e-16)
(1.48035e-16 7.1181e-19 0 1.48024e-16 0 1.4803e-16)
(1.48035e-16 7.23307e-19 0 1.48024e-16 0 1.4803e-16)
(1.4802e-16 1.03864e-18 0 1.4804e-16 0 1.4803e-16)
(1.48032e-16 1.03437e-18 0 1.48028e-16 0 1.48029e-16)
(1.48034e-16 9.61386e-19 0 1.48026e-16 0 1.4803e-16)
(1.48036e-16 9.67893e-19 0 1.48024e-16 0 1.4803e-16)
(1.48021e-16 1.34403e-18 0 1.48038e-16 0 1.4803e-16)
(1.48031e-16 1.34034e-18 0 1.48029e-16 0 1.4803e-16)
(1.48033e-16 1.29452e-18 0 1.48027e-16 0 1.4803e-16)
(1.48036e-16 1.30087e-18 0 1.48023e-16 0 1.4803e-16)
(1.48022e-16 1.70354e-18 0 1.48037e-16 0 1.4803e-16)
(1.4803e-16 1.69467e-18 0 1.4803e-16 0 1.4803e-16)
(1.48032e-16 1.66458e-18 0 1.48028e-16 0 1.4803e-16)
(1.48035e-16 1.67493e-18 0 1.48024e-16 0 1.4803e-16)
(1.48024e-16 2.11659e-18 0 1.48036e-16 0 1.4803e-16)
(1.48029e-16 2.10301e-18 0 1.4803e-16 0 1.4803e-16)
(1.48031e-16 2.09035e-18 0 1.48028e-16 0 1.4803e-16)
(1.48035e-16 2.1085e-18 0 1.48025e-16 0 1.4803e-16)
(1.48025e-16 2.57451e-18 0 1.48035e-16 0 1.4803e-16)
(1.48029e-16 2.57397e-18 0 1.48031e-16 0 1.48029e-16)
(1.48031e-16 2.56241e-18 0 1.48028e-16 0 1.4803e-16)
(1.48034e-16 2.57093e-18 0 1.48025e-16 0 1.4803e-16)
(1.48026e-16 3.07395e-18 0 1.48033e-16 0 1.4803e-16)
(1.48029e-16 3.09604e-18 0 1.48031e-16 0 1.48029e-16)
(1.48031e-16 3.06557e-18 0 1.48029e-16 0 1.4803e-16)
(1.48033e-16 3.05721e-18 0 1.48026e-16 0 1.4803e-16)
(1.48029e-16 3.57335e-18 0 1.48031e-16 0 1.4803e-16)
(1.48029e-16 3.59891e-18 0 1.48031e-16 0 1.4803e-16)
(1.4803e-16 3.57737e-18 0 1.48029e-16 0 1.4803e-16)
(1.48032e-16 3.56468e-18 0 1.48027e-16 0 1.4803e-16)
(1.48029e-16 4.06638e-18 0 1.4803e-16 0 1.4803e-16)
(1.48029e-16 4.07522e-18 0 1.48031e-16 0 1.4803e-16)
(1.48029e-16 4.06671e-18 0 1.4803e-16 0 1.4803e-16)
(1.48031e-16 4.06896e-18 0 1.48028e-16 0 1.4803e-16)
(1.4803e-16 4.52708e-18 0 1.48029e-16 0 1.4803e-16)
(1.48029e-16 4.5267e-18 0 1.4803e-16 0 1.4803e-16)
(1.4803e-16 4.52886e-18 0 1.4803e-16 0 1.4803e-16)
(1.48031e-16 4.54149e-18 0 1.48029e-16 0 1.4803e-16)
(1.4803e-16 4.93344e-18 0 1.48029e-16 0 1.4803e-16)
(1.48029e-16 4.92071e-18 0 1.4803e-16 0 1.4803e-16)
(1.4803e-16 4.9187e-18 0 1.48029e-16 0 1.4803e-16)
(1.4803e-16 4.94246e-18 0 1.48029e-16 0 1.4803e-16)
(1.4803e-16 5.22483e-18 0 1.48029e-16 0 1.4803e-16)
(1.48029e-16 5.20895e-18 0 1.48031e-16 0 1.4803e-16)
(1.4803e-16 5.20308e-18 0 1.48029e-16 0 1.4803e-16)
(1.4803e-16 5.22621e-18 0 1.48029e-16 0 1.4803e-16)
(1.4803e-16 5.3493e-18 0 1.48029e-16 0 1.4803e-16)
(1.48029e-16 5.34074e-18 0 1.48031e-16 0 1.4803e-16)
(1.4803e-16 5.3378e-18 0 1.48029e-16 0 1.4803e-16)
(1.4803e-16 5.34881e-18 0 1.48029e-16 0 1.4803e-16)
(1.4803e-16 5.28603e-18 0 1.48029e-16 0 1.4803e-16)
(1.48029e-16 5.28211e-18 0 1.48031e-16 0 1.4803e-16)
(1.4803e-16 5.28021e-18 0 1.48029e-16 0 1.4803e-16)
(1.4803e-16 5.28426e-18 0 1.48029e-16 0 1.4803e-16)
(1.4803e-16 5.00541e-18 0 1.48029e-16 0 1.4803e-16)
(1.48029e-16 5.00464e-18 0 1.4803e-16 0 1.4803e-16)
(1.4803e-16 5.0041e-18 0 1.48029e-16 0 1.4803e-16)
(1.4803e-16 5.00378e-18 0 1.48029e-16 0 1.4803e-16)
(1.4803e-16 4.50025e-18 0 1.4803e-16 0 1.4803e-16)
(1.48029e-16 4.5011e-18 0 1.4803e-16 0 1.4803e-16)
(1.4803e-16 4.50093e-18 0 1.48029e-16 0 1.4803e-16)
(1.4803e-16 4.49918e-18 0 1.48029e-16 0 1.4803e-16)
(1.4803e-16 3.78603e-18 0 1.4803e-16 0 1.4803e-16)
(1.48029e-16 3.78737e-18 0 1.4803e-16 0 1.4803e-16)
(1.4803e-16 3.78771e-18 0 1.4803e-16 0 1.4803e-16)
(1.4803e-16 3.78556e-18 0 1.4803e-16 0 1.4803e-16)
(1.4803e-16 2.91244e-18 0 1.4803e-16 0 1.4803e-16)
(1.4803e-16 2.91358e-18 0 1.4803e-16 0 1.4803e-16)
(1.4803e-16 2.914e-18 0 1.4803e-16 0 1.4803e-16)
(1.4803e-16 2.91227e-18 0 1.4803e-16 0 1.4803e-16)
(1.4803e-16 1.96956e-18 0 1.4803e-16 0 1.4803e-16)
(1.4803e-16 1.97026e-18 0 1.4803e-16 0 1.4803e-16)
(1.4803e-16 1.97067e-18 0 1.4803e-16 0 1.4803e-16)
(1.4803e-16 1.96955e-18 0 1.4803e-16 0 1.4803e-16)
(1.4803e-16 1.10016e-18 0 1.4803e-16 0 1.4803e-16)
(1.4803e-16 1.10044e-18 0 1.4803e-16 0 1.4803e-16)
(1.4803e-16 1.10069e-18 0 1.4803e-16 0 1.4803e-16)
(1.4803e-16 1.10014e-18 0 1.4803e-16 0 1.4803e-16)
(1.4803e-16 4.41171e-19 0 1.4803e-16 0 1.4803e-16)
(1.4803e-16 4.41238e-19 0 1.4803e-16 0 1.4803e-16)
(1.4803e-16 4.41353e-19 0 1.4803e-16 0 1.4803e-16)
(1.4803e-16 4.41141e-19 0 1.4803e-16 0 1.4803e-16)
(1.4803e-16 8.87252e-20 0 1.4803e-16 0 1.4803e-16)
(1.4803e-16 8.87448e-20 0 1.4803e-16 0 1.4803e-16)
(1.4803e-16 8.87698e-20 0 1.4803e-16 0 1.4803e-16)
(1.4803e-16 8.87202e-20 0 1.4803e-16 0 1.4803e-16)
)
;

boundaryField
{
    topWall
    {
        type            kqRWallFunction;
        value           uniform (1.4803e-16 0 0 1.4803e-16 0 1.4803e-16);
    }
    botWall
    {
        type            kqRWallFunction;
        value           uniform (1.4803e-16 0 0 1.4803e-16 0 1.4803e-16);
    }
    inlet
    {
        type            cyclic;
    }
    outlet
    {
        type            cyclic;
    }
    fixWall
    {
        type            empty;
    }
}


// ************************************************************************* //
