/*--------------------------------*- C++ -*----------------------------------*\
  =========                 |
  \\      /  F ield         | OpenFOAM: The Open Source CFD Toolbox
   \\    /   O peration     | Website:  https://openfoam.org
    \\  /    A nd           | Version:  dev
     \\/     M anipulation  |

   OpenFOAM for Windows 20.09 (v1)
   Built by CFD Support, www.cfdsupport.com (based on Symscape).
\*---------------------------------------------------------------------------*/
FoamFile
{
    version     2.0;
    format      ascii;
    class       vectorField;
    location    "constant/polyMesh";
    object      points;
}
// * * * * * * * * * * * * * * * * * * * * * * * * * * * * * * * * * * * * * //


288
(
(0 0.0375 0)
(0.05 0.0375 0)
(0.1 0.0375 0)
(0.15 0.0375 0)
(0.2 0.0375 0)
(0 0.03833333333 0)
(0.05 0.03833333333 0)
(0.1 0.03833333333 0)
(0.15 0.03833333333 0)
(0.2 0.03833333333 0)
(0 0.03916666667 0)
(0.05 0.03916666667 0)
(0.1 0.03916666667 0)
(0.15 0.03916666667 0)
(0.2 0.03916666667 0)
(0 0.04 0)
(0.05 0.04 0)
(0.1 0.04 0)
(0.15 0.04 0)
(0.2 0.04 0)
(0 0.04083333333 0)
(0.05 0.04083333333 0)
(0.1 0.04083333333 0)
(0.15 0.04083333333 0)
(0.2 0.04083333333 0)
(0 0.04166666667 0)
(0.05 0.04166666667 0)
(0.1 0.04166666667 0)
(0.15 0.04166666667 0)
(0.2 0.04166666667 0)
(0 0.0425 0)
(0.05 0.0425 0)
(0.1 0.0425 0)
(0.15 0.0425 0)
(0.2 0.0425 0)
(0 0.04333333333 0)
(0.05 0.04333333333 0)
(0.1 0.04333333333 0)
(0.15 0.04333333333 0)
(0.2 0.04333333333 0)
(0 0.04416666667 0)
(0.05 0.04416666667 0)
(0.1 0.04416666667 0)
(0.15 0.04416666667 0)
(0.2 0.04416666667 0)
(0 0.045 0)
(0.05 0.045 0)
(0.1 0.045 0)
(0.15 0.045 0)
(0.2 0.045 0)
(0 0.04583333333 0)
(0.05 0.04583333333 0)
(0.1 0.04583333333 0)
(0.15 0.04583333333 0)
(0.2 0.04583333333 0)
(0 0.04666666667 0)
(0.05 0.04666666667 0)
(0.1 0.04666666667 0)
(0.15 0.04666666667 0)
(0.2 0.04666666667 0)
(0 0.0475 0)
(0.05 0.0475 0)
(0.1 0.0475 0)
(0.15 0.0475 0)
(0.2 0.0475 0)
(0 0.04833333333 0)
(0.05 0.04833333333 0)
(0.1 0.04833333333 0)
(0.15 0.04833333333 0)
(0.2 0.04833333333 0)
(0 0.04916666667 0)
(0.05 0.04916666667 0)
(0.1 0.04916666667 0)
(0.15 0.04916666667 0)
(0.2 0.04916666667 0)
(0 0.05 0)
(0.05 0.05 0)
(0.1 0.05 0)
(0.15 0.05 0)
(0.2 0.05 0)
(0 0.0375 0.001)
(0.05 0.0375 0.001)
(0.1 0.0375 0.001)
(0.15 0.0375 0.001)
(0.2 0.0375 0.001)
(0 0.03833333333 0.001)
(0.05 0.03833333333 0.001)
(0.1 0.03833333333 0.001)
(0.15 0.03833333333 0.001)
(0.2 0.03833333333 0.001)
(0 0.03916666667 0.001)
(0.05 0.03916666667 0.001)
(0.1 0.03916666667 0.001)
(0.15 0.03916666667 0.001)
(0.2 0.03916666667 0.001)
(0 0.04 0.001)
(0.05 0.04 0.001)
(0.1 0.04 0.001)
(0.15 0.04 0.001)
(0.2 0.04 0.001)
(0 0.04083333333 0.001)
(0.05 0.04083333333 0.001)
(0.1 0.04083333333 0.001)
(0.15 0.04083333333 0.001)
(0.2 0.04083333333 0.001)
(0 0.04166666667 0.001)
(0.05 0.04166666667 0.001)
(0.1 0.04166666667 0.001)
(0.15 0.04166666667 0.001)
(0.2 0.04166666667 0.001)
(0 0.0425 0.001)
(0.05 0.0425 0.001)
(0.1 0.0425 0.001)
(0.15 0.0425 0.001)
(0.2 0.0425 0.001)
(0 0.04333333333 0.001)
(0.05 0.04333333333 0.001)
(0.1 0.04333333333 0.001)
(0.15 0.04333333333 0.001)
(0.2 0.04333333333 0.001)
(0 0.04416666667 0.001)
(0.05 0.04416666667 0.001)
(0.1 0.04416666667 0.001)
(0.15 0.04416666667 0.001)
(0.2 0.04416666667 0.001)
(0 0.045 0.001)
(0.05 0.045 0.001)
(0.1 0.045 0.001)
(0.15 0.045 0.001)
(0.2 0.045 0.001)
(0 0.04583333333 0.001)
(0.05 0.04583333333 0.001)
(0.1 0.04583333333 0.001)
(0.15 0.04583333333 0.001)
(0.2 0.04583333333 0.001)
(0 0.04666666667 0.001)
(0.05 0.04666666667 0.001)
(0.1 0.04666666667 0.001)
(0.15 0.04666666667 0.001)
(0.2 0.04666666667 0.001)
(0 0.0475 0.001)
(0.05 0.0475 0.001)
(0.1 0.0475 0.001)
(0.15 0.0475 0.001)
(0.2 0.0475 0.001)
(0 0.04833333333 0.001)
(0.05 0.04833333333 0.001)
(0.1 0.04833333333 0.001)
(0.15 0.04833333333 0.001)
(0.2 0.04833333333 0.001)
(0 0.04916666667 0.001)
(0.05 0.04916666667 0.001)
(0.1 0.04916666667 0.001)
(0.15 0.04916666667 0.001)
(0.2 0.04916666667 0.001)
(0 0.05 0.001)
(0.05 0.05 0.001)
(0.1 0.05 0.001)
(0.15 0.05 0.001)
(0.2 0.05 0.001)
(0.25 0.0375 0)
(0.3 0.0375 0)
(0.35 0.0375 0)
(0.4 0.0375 0)
(0.25 0.03833333333 0)
(0.3 0.03833333333 0)
(0.35 0.03833333333 0)
(0.4 0.03833333333 0)
(0.25 0.03916666667 0)
(0.3 0.03916666667 0)
(0.35 0.03916666667 0)
(0.4 0.03916666667 0)
(0.25 0.04 0)
(0.3 0.04 0)
(0.35 0.04 0)
(0.4 0.04 0)
(0.25 0.04083333333 0)
(0.3 0.04083333333 0)
(0.35 0.04083333333 0)
(0.4 0.04083333333 0)
(0.25 0.04166666667 0)
(0.3 0.04166666667 0)
(0.35 0.04166666667 0)
(0.4 0.04166666667 0)
(0.25 0.0425 0)
(0.3 0.0425 0)
(0.35 0.0425 0)
(0.4 0.0425 0)
(0.25 0.04333333333 0)
(0.3 0.04333333333 0)
(0.35 0.04333333333 0)
(0.4 0.04333333333 0)
(0.25 0.04416666667 0)
(0.3 0.04416666667 0)
(0.35 0.04416666667 0)
(0.4 0.04416666667 0)
(0.25 0.045 0)
(0.3 0.045 0)
(0.35 0.045 0)
(0.4 0.045 0)
(0.25 0.04583333333 0)
(0.3 0.04583333333 0)
(0.35 0.04583333333 0)
(0.4 0.04583333333 0)
(0.25 0.04666666667 0)
(0.3 0.04666666667 0)
(0.35 0.04666666667 0)
(0.4 0.04666666667 0)
(0.25 0.0475 0)
(0.3 0.0475 0)
(0.35 0.0475 0)
(0.4 0.0475 0)
(0.25 0.04833333333 0)
(0.3 0.04833333333 0)
(0.35 0.04833333333 0)
(0.4 0.04833333333 0)
(0.25 0.04916666667 0)
(0.3 0.04916666667 0)
(0.35 0.04916666667 0)
(0.4 0.04916666667 0)
(0.25 0.05 0)
(0.3 0.05 0)
(0.35 0.05 0)
(0.4 0.05 0)
(0.25 0.0375 0.001)
(0.3 0.0375 0.001)
(0.35 0.0375 0.001)
(0.4 0.0375 0.001)
(0.25 0.03833333333 0.001)
(0.3 0.03833333333 0.001)
(0.35 0.03833333333 0.001)
(0.4 0.03833333333 0.001)
(0.25 0.03916666667 0.001)
(0.3 0.03916666667 0.001)
(0.35 0.03916666667 0.001)
(0.4 0.03916666667 0.001)
(0.25 0.04 0.001)
(0.3 0.04 0.001)
(0.35 0.04 0.001)
(0.4 0.04 0.001)
(0.25 0.04083333333 0.001)
(0.3 0.04083333333 0.001)
(0.35 0.04083333333 0.001)
(0.4 0.04083333333 0.001)
(0.25 0.04166666667 0.001)
(0.3 0.04166666667 0.001)
(0.35 0.04166666667 0.001)
(0.4 0.04166666667 0.001)
(0.25 0.0425 0.001)
(0.3 0.0425 0.001)
(0.35 0.0425 0.001)
(0.4 0.0425 0.001)
(0.25 0.04333333333 0.001)
(0.3 0.04333333333 0.001)
(0.35 0.04333333333 0.001)
(0.4 0.04333333333 0.001)
(0.25 0.04416666667 0.001)
(0.3 0.04416666667 0.001)
(0.35 0.04416666667 0.001)
(0.4 0.04416666667 0.001)
(0.25 0.045 0.001)
(0.3 0.045 0.001)
(0.35 0.045 0.001)
(0.4 0.045 0.001)
(0.25 0.04583333333 0.001)
(0.3 0.04583333333 0.001)
(0.35 0.04583333333 0.001)
(0.4 0.04583333333 0.001)
(0.25 0.04666666667 0.001)
(0.3 0.04666666667 0.001)
(0.35 0.04666666667 0.001)
(0.4 0.04666666667 0.001)
(0.25 0.0475 0.001)
(0.3 0.0475 0.001)
(0.35 0.0475 0.001)
(0.4 0.0475 0.001)
(0.25 0.04833333333 0.001)
(0.3 0.04833333333 0.001)
(0.35 0.04833333333 0.001)
(0.4 0.04833333333 0.001)
(0.25 0.04916666667 0.001)
(0.3 0.04916666667 0.001)
(0.35 0.04916666667 0.001)
(0.4 0.04916666667 0.001)
(0.25 0.05 0.001)
(0.3 0.05 0.001)
(0.35 0.05 0.001)
(0.4 0.05 0.001)
)


// ************************************************************************* //
