/*--------------------------------*- C++ -*----------------------------------*\
  =========                 |
  \\      /  F ield         | OpenFOAM: The Open Source CFD Toolbox
   \\    /   O peration     | Website:  https://openfoam.org
    \\  /    A nd           | Version:  dev
     \\/     M anipulation  |

   OpenFOAM for Windows 20.09 (v1)
   Built by CFD Support, www.cfdsupport.com (based on Symscape).
\*---------------------------------------------------------------------------*/
FoamFile
{
    version     2.0;
    format      ascii;
    class       vectorField;
    location    "constant/polyMesh";
    object      points;
}
// * * * * * * * * * * * * * * * * * * * * * * * * * * * * * * * * * * * * * //


3362
(
(0 0 -0.1)
(0.1 0 -0.1)
(0.2 0 -0.1)
(0.3 0 -0.1)
(0.4 0 -0.1)
(0.5 0 -0.1)
(0.6 0 -0.1)
(0.7 0 -0.1)
(0.8 0 -0.1)
(0.9 0 -0.1)
(1 0 -0.1)
(1.1 0 -0.1)
(1.2 0 -0.1)
(1.3 0 -0.1)
(1.4 0 -0.1)
(1.5 0 -0.1)
(1.6 0 -0.1)
(1.7 0 -0.1)
(1.8 0 -0.1)
(1.9 0 -0.1)
(2 0 -0.1)
(2.1 0 -0.1)
(2.2 0 -0.1)
(2.3 0 -0.1)
(2.4 0 -0.1)
(2.5 0 -0.1)
(2.6 0 -0.1)
(2.7 0 -0.1)
(2.8 0 -0.1)
(2.9 0 -0.1)
(3 0 -0.1)
(3.1 0 -0.1)
(3.2 0 -0.1)
(3.3 0 -0.1)
(3.4 0 -0.1)
(3.5 0 -0.1)
(3.6 0 -0.1)
(3.7 0 -0.1)
(3.8 0 -0.1)
(3.9 0 -0.1)
(4 0 -0.1)
(0 0.03458502795 -0.1)
(0.1 0.03458502795 -0.1)
(0.2 0.03458502795 -0.1)
(0.3 0.03458502795 -0.1)
(0.4 0.03458502795 -0.1)
(0.5 0.03458502795 -0.1)
(0.6 0.03458502795 -0.1)
(0.7 0.03458502795 -0.1)
(0.8 0.03458502795 -0.1)
(0.9 0.03458502795 -0.1)
(1 0.03458502795 -0.1)
(1.1 0.03458502795 -0.1)
(1.2 0.03458502795 -0.1)
(1.3 0.03458502795 -0.1)
(1.4 0.03458502795 -0.1)
(1.5 0.03458502795 -0.1)
(1.6 0.03458502795 -0.1)
(1.7 0.03458502795 -0.1)
(1.8 0.03458502795 -0.1)
(1.9 0.03458502795 -0.1)
(2 0.03458502795 -0.1)
(2.1 0.03458502795 -0.1)
(2.2 0.03458502795 -0.1)
(2.3 0.03458502795 -0.1)
(2.4 0.03458502795 -0.1)
(2.5 0.03458502795 -0.1)
(2.6 0.03458502795 -0.1)
(2.7 0.03458502795 -0.1)
(2.8 0.03458502795 -0.1)
(2.9 0.03458502795 -0.1)
(3 0.03458502795 -0.1)
(3.1 0.03458502795 -0.1)
(3.2 0.03458502795 -0.1)
(3.3 0.03458502795 -0.1)
(3.4 0.03458502795 -0.1)
(3.5 0.03458502795 -0.1)
(3.6 0.03458502795 -0.1)
(3.7 0.03458502795 -0.1)
(3.8 0.03458502795 -0.1)
(3.9 0.03458502795 -0.1)
(4 0.03458502795 -0.1)
(0 0.07045506414 -0.1)
(0.1 0.07045506414 -0.1)
(0.2 0.07045506414 -0.1)
(0.3 0.07045506414 -0.1)
(0.4 0.07045506414 -0.1)
(0.5 0.07045506414 -0.1)
(0.6 0.07045506414 -0.1)
(0.7 0.07045506414 -0.1)
(0.8 0.07045506414 -0.1)
(0.9 0.07045506414 -0.1)
(1 0.07045506414 -0.1)
(1.1 0.07045506414 -0.1)
(1.2 0.07045506414 -0.1)
(1.3 0.07045506414 -0.1)
(1.4 0.07045506414 -0.1)
(1.5 0.07045506414 -0.1)
(1.6 0.07045506414 -0.1)
(1.7 0.07045506414 -0.1)
(1.8 0.07045506414 -0.1)
(1.9 0.07045506414 -0.1)
(2 0.07045506414 -0.1)
(2.1 0.07045506414 -0.1)
(2.2 0.07045506414 -0.1)
(2.3 0.07045506414 -0.1)
(2.4 0.07045506414 -0.1)
(2.5 0.07045506414 -0.1)
(2.6 0.07045506414 -0.1)
(2.7 0.07045506414 -0.1)
(2.8 0.07045506414 -0.1)
(2.9 0.07045506414 -0.1)
(3 0.07045506414 -0.1)
(3.1 0.07045506414 -0.1)
(3.2 0.07045506414 -0.1)
(3.3 0.07045506414 -0.1)
(3.4 0.07045506414 -0.1)
(3.5 0.07045506414 -0.1)
(3.6 0.07045506414 -0.1)
(3.7 0.07045506414 -0.1)
(3.8 0.07045506414 -0.1)
(3.9 0.07045506414 -0.1)
(4 0.07045506414 -0.1)
(0 0.1076578531 -0.1)
(0.1 0.1076578531 -0.1)
(0.2 0.1076578531 -0.1)
(0.3 0.1076578531 -0.1)
(0.4 0.1076578531 -0.1)
(0.5 0.1076578531 -0.1)
(0.6 0.1076578531 -0.1)
(0.7 0.1076578531 -0.1)
(0.8 0.1076578531 -0.1)
(0.9 0.1076578531 -0.1)
(1 0.1076578531 -0.1)
(1.1 0.1076578531 -0.1)
(1.2 0.1076578531 -0.1)
(1.3 0.1076578531 -0.1)
(1.4 0.1076578531 -0.1)
(1.5 0.1076578531 -0.1)
(1.6 0.1076578531 -0.1)
(1.7 0.1076578531 -0.1)
(1.8 0.1076578531 -0.1)
(1.9 0.1076578531 -0.1)
(2 0.1076578531 -0.1)
(2.1 0.1076578531 -0.1)
(2.2 0.1076578531 -0.1)
(2.3 0.1076578531 -0.1)
(2.4 0.1076578531 -0.1)
(2.5 0.1076578531 -0.1)
(2.6 0.1076578531 -0.1)
(2.7 0.1076578531 -0.1)
(2.8 0.1076578531 -0.1)
(2.9 0.1076578531 -0.1)
(3 0.1076578531 -0.1)
(3.1 0.1076578531 -0.1)
(3.2 0.1076578531 -0.1)
(3.3 0.1076578531 -0.1)
(3.4 0.1076578531 -0.1)
(3.5 0.1076578531 -0.1)
(3.6 0.1076578531 -0.1)
(3.7 0.1076578531 -0.1)
(3.8 0.1076578531 -0.1)
(3.9 0.1076578531 -0.1)
(4 0.1076578531 -0.1)
(0 0.1462429134 -0.1)
(0.1 0.1462429134 -0.1)
(0.2 0.1462429134 -0.1)
(0.3 0.1462429134 -0.1)
(0.4 0.1462429134 -0.1)
(0.5 0.1462429134 -0.1)
(0.6 0.1462429134 -0.1)
(0.7 0.1462429134 -0.1)
(0.8 0.1462429134 -0.1)
(0.9 0.1462429134 -0.1)
(1 0.1462429134 -0.1)
(1.1 0.1462429134 -0.1)
(1.2 0.1462429134 -0.1)
(1.3 0.1462429134 -0.1)
(1.4 0.1462429134 -0.1)
(1.5 0.1462429134 -0.1)
(1.6 0.1462429134 -0.1)
(1.7 0.1462429134 -0.1)
(1.8 0.1462429134 -0.1)
(1.9 0.1462429134 -0.1)
(2 0.1462429134 -0.1)
(2.1 0.1462429134 -0.1)
(2.2 0.1462429134 -0.1)
(2.3 0.1462429134 -0.1)
(2.4 0.1462429134 -0.1)
(2.5 0.1462429134 -0.1)
(2.6 0.1462429134 -0.1)
(2.7 0.1462429134 -0.1)
(2.8 0.1462429134 -0.1)
(2.9 0.1462429134 -0.1)
(3 0.1462429134 -0.1)
(3.1 0.1462429134 -0.1)
(3.2 0.1462429134 -0.1)
(3.3 0.1462429134 -0.1)
(3.4 0.1462429134 -0.1)
(3.5 0.1462429134 -0.1)
(3.6 0.1462429134 -0.1)
(3.7 0.1462429134 -0.1)
(3.8 0.1462429134 -0.1)
(3.9 0.1462429134 -0.1)
(4 0.1462429134 -0.1)
(0 0.1862616033 -0.1)
(0.1 0.1862616033 -0.1)
(0.2 0.1862616033 -0.1)
(0.3 0.1862616033 -0.1)
(0.4 0.1862616033 -0.1)
(0.5 0.1862616033 -0.1)
(0.6 0.1862616033 -0.1)
(0.7 0.1862616033 -0.1)
(0.8 0.1862616033 -0.1)
(0.9 0.1862616033 -0.1)
(1 0.1862616033 -0.1)
(1.1 0.1862616033 -0.1)
(1.2 0.1862616033 -0.1)
(1.3 0.1862616033 -0.1)
(1.4 0.1862616033 -0.1)
(1.5 0.1862616033 -0.1)
(1.6 0.1862616033 -0.1)
(1.7 0.1862616033 -0.1)
(1.8 0.1862616033 -0.1)
(1.9 0.1862616033 -0.1)
(2 0.1862616033 -0.1)
(2.1 0.1862616033 -0.1)
(2.2 0.1862616033 -0.1)
(2.3 0.1862616033 -0.1)
(2.4 0.1862616033 -0.1)
(2.5 0.1862616033 -0.1)
(2.6 0.1862616033 -0.1)
(2.7 0.1862616033 -0.1)
(2.8 0.1862616033 -0.1)
(2.9 0.1862616033 -0.1)
(3 0.1862616033 -0.1)
(3.1 0.1862616033 -0.1)
(3.2 0.1862616033 -0.1)
(3.3 0.1862616033 -0.1)
(3.4 0.1862616033 -0.1)
(3.5 0.1862616033 -0.1)
(3.6 0.1862616033 -0.1)
(3.7 0.1862616033 -0.1)
(3.8 0.1862616033 -0.1)
(3.9 0.1862616033 -0.1)
(4 0.1862616033 -0.1)
(0 0.2277671894 -0.1)
(0.1 0.2277671894 -0.1)
(0.2 0.2277671894 -0.1)
(0.3 0.2277671894 -0.1)
(0.4 0.2277671894 -0.1)
(0.5 0.2277671894 -0.1)
(0.6 0.2277671894 -0.1)
(0.7 0.2277671894 -0.1)
(0.8 0.2277671894 -0.1)
(0.9 0.2277671894 -0.1)
(1 0.2277671894 -0.1)
(1.1 0.2277671894 -0.1)
(1.2 0.2277671894 -0.1)
(1.3 0.2277671894 -0.1)
(1.4 0.2277671894 -0.1)
(1.5 0.2277671894 -0.1)
(1.6 0.2277671894 -0.1)
(1.7 0.2277671894 -0.1)
(1.8 0.2277671894 -0.1)
(1.9 0.2277671894 -0.1)
(2 0.2277671894 -0.1)
(2.1 0.2277671894 -0.1)
(2.2 0.2277671894 -0.1)
(2.3 0.2277671894 -0.1)
(2.4 0.2277671894 -0.1)
(2.5 0.2277671894 -0.1)
(2.6 0.2277671894 -0.1)
(2.7 0.2277671894 -0.1)
(2.8 0.2277671894 -0.1)
(2.9 0.2277671894 -0.1)
(3 0.2277671894 -0.1)
(3.1 0.2277671894 -0.1)
(3.2 0.2277671894 -0.1)
(3.3 0.2277671894 -0.1)
(3.4 0.2277671894 -0.1)
(3.5 0.2277671894 -0.1)
(3.6 0.2277671894 -0.1)
(3.7 0.2277671894 -0.1)
(3.8 0.2277671894 -0.1)
(3.9 0.2277671894 -0.1)
(4 0.2277671894 -0.1)
(0 0.2708149174 -0.1)
(0.1 0.2708149174 -0.1)
(0.2 0.2708149174 -0.1)
(0.3 0.2708149174 -0.1)
(0.4 0.2708149174 -0.1)
(0.5 0.2708149174 -0.1)
(0.6 0.2708149174 -0.1)
(0.7 0.2708149174 -0.1)
(0.8 0.2708149174 -0.1)
(0.9 0.2708149174 -0.1)
(1 0.2708149174 -0.1)
(1.1 0.2708149174 -0.1)
(1.2 0.2708149174 -0.1)
(1.3 0.2708149174 -0.1)
(1.4 0.2708149174 -0.1)
(1.5 0.2708149174 -0.1)
(1.6 0.2708149174 -0.1)
(1.7 0.2708149174 -0.1)
(1.8 0.2708149174 -0.1)
(1.9 0.2708149174 -0.1)
(2 0.2708149174 -0.1)
(2.1 0.2708149174 -0.1)
(2.2 0.2708149174 -0.1)
(2.3 0.2708149174 -0.1)
(2.4 0.2708149174 -0.1)
(2.5 0.2708149174 -0.1)
(2.6 0.2708149174 -0.1)
(2.7 0.2708149174 -0.1)
(2.8 0.2708149174 -0.1)
(2.9 0.2708149174 -0.1)
(3 0.2708149174 -0.1)
(3.1 0.2708149174 -0.1)
(3.2 0.2708149174 -0.1)
(3.3 0.2708149174 -0.1)
(3.4 0.2708149174 -0.1)
(3.5 0.2708149174 -0.1)
(3.6 0.2708149174 -0.1)
(3.7 0.2708149174 -0.1)
(3.8 0.2708149174 -0.1)
(3.9 0.2708149174 -0.1)
(4 0.2708149174 -0.1)
(0 0.3154620856 -0.1)
(0.1 0.3154620856 -0.1)
(0.2 0.3154620856 -0.1)
(0.3 0.3154620856 -0.1)
(0.4 0.3154620856 -0.1)
(0.5 0.3154620856 -0.1)
(0.6 0.3154620856 -0.1)
(0.7 0.3154620856 -0.1)
(0.8 0.3154620856 -0.1)
(0.9 0.3154620856 -0.1)
(1 0.3154620856 -0.1)
(1.1 0.3154620856 -0.1)
(1.2 0.3154620856 -0.1)
(1.3 0.3154620856 -0.1)
(1.4 0.3154620856 -0.1)
(1.5 0.3154620856 -0.1)
(1.6 0.3154620856 -0.1)
(1.7 0.3154620856 -0.1)
(1.8 0.3154620856 -0.1)
(1.9 0.3154620856 -0.1)
(2 0.3154620856 -0.1)
(2.1 0.3154620856 -0.1)
(2.2 0.3154620856 -0.1)
(2.3 0.3154620856 -0.1)
(2.4 0.3154620856 -0.1)
(2.5 0.3154620856 -0.1)
(2.6 0.3154620856 -0.1)
(2.7 0.3154620856 -0.1)
(2.8 0.3154620856 -0.1)
(2.9 0.3154620856 -0.1)
(3 0.3154620856 -0.1)
(3.1 0.3154620856 -0.1)
(3.2 0.3154620856 -0.1)
(3.3 0.3154620856 -0.1)
(3.4 0.3154620856 -0.1)
(3.5 0.3154620856 -0.1)
(3.6 0.3154620856 -0.1)
(3.7 0.3154620856 -0.1)
(3.8 0.3154620856 -0.1)
(3.9 0.3154620856 -0.1)
(4 0.3154620856 -0.1)
(0 0.3617681214 -0.1)
(0.1 0.3617681214 -0.1)
(0.2 0.3617681214 -0.1)
(0.3 0.3617681214 -0.1)
(0.4 0.3617681214 -0.1)
(0.5 0.3617681214 -0.1)
(0.6 0.3617681214 -0.1)
(0.7 0.3617681214 -0.1)
(0.8 0.3617681214 -0.1)
(0.9 0.3617681214 -0.1)
(1 0.3617681214 -0.1)
(1.1 0.3617681214 -0.1)
(1.2 0.3617681214 -0.1)
(1.3 0.3617681214 -0.1)
(1.4 0.3617681214 -0.1)
(1.5 0.3617681214 -0.1)
(1.6 0.3617681214 -0.1)
(1.7 0.3617681214 -0.1)
(1.8 0.3617681214 -0.1)
(1.9 0.3617681214 -0.1)
(2 0.3617681214 -0.1)
(2.1 0.3617681214 -0.1)
(2.2 0.3617681214 -0.1)
(2.3 0.3617681214 -0.1)
(2.4 0.3617681214 -0.1)
(2.5 0.3617681214 -0.1)
(2.6 0.3617681214 -0.1)
(2.7 0.3617681214 -0.1)
(2.8 0.3617681214 -0.1)
(2.9 0.3617681214 -0.1)
(3 0.3617681214 -0.1)
(3.1 0.3617681214 -0.1)
(3.2 0.3617681214 -0.1)
(3.3 0.3617681214 -0.1)
(3.4 0.3617681214 -0.1)
(3.5 0.3617681214 -0.1)
(3.6 0.3617681214 -0.1)
(3.7 0.3617681214 -0.1)
(3.8 0.3617681214 -0.1)
(3.9 0.3617681214 -0.1)
(4 0.3617681214 -0.1)
(0 0.4097946599 -0.1)
(0.1 0.4097946599 -0.1)
(0.2 0.4097946599 -0.1)
(0.3 0.4097946599 -0.1)
(0.4 0.4097946599 -0.1)
(0.5 0.4097946599 -0.1)
(0.6 0.4097946599 -0.1)
(0.7 0.4097946599 -0.1)
(0.8 0.4097946599 -0.1)
(0.9 0.4097946599 -0.1)
(1 0.4097946599 -0.1)
(1.1 0.4097946599 -0.1)
(1.2 0.4097946599 -0.1)
(1.3 0.4097946599 -0.1)
(1.4 0.4097946599 -0.1)
(1.5 0.4097946599 -0.1)
(1.6 0.4097946599 -0.1)
(1.7 0.4097946599 -0.1)
(1.8 0.4097946599 -0.1)
(1.9 0.4097946599 -0.1)
(2 0.4097946599 -0.1)
(2.1 0.4097946599 -0.1)
(2.2 0.4097946599 -0.1)
(2.3 0.4097946599 -0.1)
(2.4 0.4097946599 -0.1)
(2.5 0.4097946599 -0.1)
(2.6 0.4097946599 -0.1)
(2.7 0.4097946599 -0.1)
(2.8 0.4097946599 -0.1)
(2.9 0.4097946599 -0.1)
(3 0.4097946599 -0.1)
(3.1 0.4097946599 -0.1)
(3.2 0.4097946599 -0.1)
(3.3 0.4097946599 -0.1)
(3.4 0.4097946599 -0.1)
(3.5 0.4097946599 -0.1)
(3.6 0.4097946599 -0.1)
(3.7 0.4097946599 -0.1)
(3.8 0.4097946599 -0.1)
(3.9 0.4097946599 -0.1)
(4 0.4097946599 -0.1)
(0 0.4596056267 -0.1)
(0.1 0.4596056267 -0.1)
(0.2 0.4596056267 -0.1)
(0.3 0.4596056267 -0.1)
(0.4 0.4596056267 -0.1)
(0.5 0.4596056267 -0.1)
(0.6 0.4596056267 -0.1)
(0.7 0.4596056267 -0.1)
(0.8 0.4596056267 -0.1)
(0.9 0.4596056267 -0.1)
(1 0.4596056267 -0.1)
(1.1 0.4596056267 -0.1)
(1.2 0.4596056267 -0.1)
(1.3 0.4596056267 -0.1)
(1.4 0.4596056267 -0.1)
(1.5 0.4596056267 -0.1)
(1.6 0.4596056267 -0.1)
(1.7 0.4596056267 -0.1)
(1.8 0.4596056267 -0.1)
(1.9 0.4596056267 -0.1)
(2 0.4596056267 -0.1)
(2.1 0.4596056267 -0.1)
(2.2 0.4596056267 -0.1)
(2.3 0.4596056267 -0.1)
(2.4 0.4596056267 -0.1)
(2.5 0.4596056267 -0.1)
(2.6 0.4596056267 -0.1)
(2.7 0.4596056267 -0.1)
(2.8 0.4596056267 -0.1)
(2.9 0.4596056267 -0.1)
(3 0.4596056267 -0.1)
(3.1 0.4596056267 -0.1)
(3.2 0.4596056267 -0.1)
(3.3 0.4596056267 -0.1)
(3.4 0.4596056267 -0.1)
(3.5 0.4596056267 -0.1)
(3.6 0.4596056267 -0.1)
(3.7 0.4596056267 -0.1)
(3.8 0.4596056267 -0.1)
(3.9 0.4596056267 -0.1)
(4 0.4596056267 -0.1)
(0 0.5112673221 -0.1)
(0.1 0.5112673221 -0.1)
(0.2 0.5112673221 -0.1)
(0.3 0.5112673221 -0.1)
(0.4 0.5112673221 -0.1)
(0.5 0.5112673221 -0.1)
(0.6 0.5112673221 -0.1)
(0.7 0.5112673221 -0.1)
(0.8 0.5112673221 -0.1)
(0.9 0.5112673221 -0.1)
(1 0.5112673221 -0.1)
(1.1 0.5112673221 -0.1)
(1.2 0.5112673221 -0.1)
(1.3 0.5112673221 -0.1)
(1.4 0.5112673221 -0.1)
(1.5 0.5112673221 -0.1)
(1.6 0.5112673221 -0.1)
(1.7 0.5112673221 -0.1)
(1.8 0.5112673221 -0.1)
(1.9 0.5112673221 -0.1)
(2 0.5112673221 -0.1)
(2.1 0.5112673221 -0.1)
(2.2 0.5112673221 -0.1)
(2.3 0.5112673221 -0.1)
(2.4 0.5112673221 -0.1)
(2.5 0.5112673221 -0.1)
(2.6 0.5112673221 -0.1)
(2.7 0.5112673221 -0.1)
(2.8 0.5112673221 -0.1)
(2.9 0.5112673221 -0.1)
(3 0.5112673221 -0.1)
(3.1 0.5112673221 -0.1)
(3.2 0.5112673221 -0.1)
(3.3 0.5112673221 -0.1)
(3.4 0.5112673221 -0.1)
(3.5 0.5112673221 -0.1)
(3.6 0.5112673221 -0.1)
(3.7 0.5112673221 -0.1)
(3.8 0.5112673221 -0.1)
(3.9 0.5112673221 -0.1)
(4 0.5112673221 -0.1)
(0 0.5648485101 -0.1)
(0.1 0.5648485101 -0.1)
(0.2 0.5648485101 -0.1)
(0.3 0.5648485101 -0.1)
(0.4 0.5648485101 -0.1)
(0.5 0.5648485101 -0.1)
(0.6 0.5648485101 -0.1)
(0.7 0.5648485101 -0.1)
(0.8 0.5648485101 -0.1)
(0.9 0.5648485101 -0.1)
(1 0.5648485101 -0.1)
(1.1 0.5648485101 -0.1)
(1.2 0.5648485101 -0.1)
(1.3 0.5648485101 -0.1)
(1.4 0.5648485101 -0.1)
(1.5 0.5648485101 -0.1)
(1.6 0.5648485101 -0.1)
(1.7 0.5648485101 -0.1)
(1.8 0.5648485101 -0.1)
(1.9 0.5648485101 -0.1)
(2 0.5648485101 -0.1)
(2.1 0.5648485101 -0.1)
(2.2 0.5648485101 -0.1)
(2.3 0.5648485101 -0.1)
(2.4 0.5648485101 -0.1)
(2.5 0.5648485101 -0.1)
(2.6 0.5648485101 -0.1)
(2.7 0.5648485101 -0.1)
(2.8 0.5648485101 -0.1)
(2.9 0.5648485101 -0.1)
(3 0.5648485101 -0.1)
(3.1 0.5648485101 -0.1)
(3.2 0.5648485101 -0.1)
(3.3 0.5648485101 -0.1)
(3.4 0.5648485101 -0.1)
(3.5 0.5648485101 -0.1)
(3.6 0.5648485101 -0.1)
(3.7 0.5648485101 -0.1)
(3.8 0.5648485101 -0.1)
(3.9 0.5648485101 -0.1)
(4 0.5648485101 -0.1)
(0 0.6204205096 -0.1)
(0.1 0.6204205096 -0.1)
(0.2 0.6204205096 -0.1)
(0.3 0.6204205096 -0.1)
(0.4 0.6204205096 -0.1)
(0.5 0.6204205096 -0.1)
(0.6 0.6204205096 -0.1)
(0.7 0.6204205096 -0.1)
(0.8 0.6204205096 -0.1)
(0.9 0.6204205096 -0.1)
(1 0.6204205096 -0.1)
(1.1 0.6204205096 -0.1)
(1.2 0.6204205096 -0.1)
(1.3 0.6204205096 -0.1)
(1.4 0.6204205096 -0.1)
(1.5 0.6204205096 -0.1)
(1.6 0.6204205096 -0.1)
(1.7 0.6204205096 -0.1)
(1.8 0.6204205096 -0.1)
(1.9 0.6204205096 -0.1)
(2 0.6204205096 -0.1)
(2.1 0.6204205096 -0.1)
(2.2 0.6204205096 -0.1)
(2.3 0.6204205096 -0.1)
(2.4 0.6204205096 -0.1)
(2.5 0.6204205096 -0.1)
(2.6 0.6204205096 -0.1)
(2.7 0.6204205096 -0.1)
(2.8 0.6204205096 -0.1)
(2.9 0.6204205096 -0.1)
(3 0.6204205096 -0.1)
(3.1 0.6204205096 -0.1)
(3.2 0.6204205096 -0.1)
(3.3 0.6204205096 -0.1)
(3.4 0.6204205096 -0.1)
(3.5 0.6204205096 -0.1)
(3.6 0.6204205096 -0.1)
(3.7 0.6204205096 -0.1)
(3.8 0.6204205096 -0.1)
(3.9 0.6204205096 -0.1)
(4 0.6204205096 -0.1)
(0 0.6780572891 -0.1)
(0.1 0.6780572891 -0.1)
(0.2 0.6780572891 -0.1)
(0.3 0.6780572891 -0.1)
(0.4 0.6780572891 -0.1)
(0.5 0.6780572891 -0.1)
(0.6 0.6780572891 -0.1)
(0.7 0.6780572891 -0.1)
(0.8 0.6780572891 -0.1)
(0.9 0.6780572891 -0.1)
(1 0.6780572891 -0.1)
(1.1 0.6780572891 -0.1)
(1.2 0.6780572891 -0.1)
(1.3 0.6780572891 -0.1)
(1.4 0.6780572891 -0.1)
(1.5 0.6780572891 -0.1)
(1.6 0.6780572891 -0.1)
(1.7 0.6780572891 -0.1)
(1.8 0.6780572891 -0.1)
(1.9 0.6780572891 -0.1)
(2 0.6780572891 -0.1)
(2.1 0.6780572891 -0.1)
(2.2 0.6780572891 -0.1)
(2.3 0.6780572891 -0.1)
(2.4 0.6780572891 -0.1)
(2.5 0.6780572891 -0.1)
(2.6 0.6780572891 -0.1)
(2.7 0.6780572891 -0.1)
(2.8 0.6780572891 -0.1)
(2.9 0.6780572891 -0.1)
(3 0.6780572891 -0.1)
(3.1 0.6780572891 -0.1)
(3.2 0.6780572891 -0.1)
(3.3 0.6780572891 -0.1)
(3.4 0.6780572891 -0.1)
(3.5 0.6780572891 -0.1)
(3.6 0.6780572891 -0.1)
(3.7 0.6780572891 -0.1)
(3.8 0.6780572891 -0.1)
(3.9 0.6780572891 -0.1)
(4 0.6780572891 -0.1)
(0 0.7378355658 -0.1)
(0.1 0.7378355658 -0.1)
(0.2 0.7378355658 -0.1)
(0.3 0.7378355658 -0.1)
(0.4 0.7378355658 -0.1)
(0.5 0.7378355658 -0.1)
(0.6 0.7378355658 -0.1)
(0.7 0.7378355658 -0.1)
(0.8 0.7378355658 -0.1)
(0.9 0.7378355658 -0.1)
(1 0.7378355658 -0.1)
(1.1 0.7378355658 -0.1)
(1.2 0.7378355658 -0.1)
(1.3 0.7378355658 -0.1)
(1.4 0.7378355658 -0.1)
(1.5 0.7378355658 -0.1)
(1.6 0.7378355658 -0.1)
(1.7 0.7378355658 -0.1)
(1.8 0.7378355658 -0.1)
(1.9 0.7378355658 -0.1)
(2 0.7378355658 -0.1)
(2.1 0.7378355658 -0.1)
(2.2 0.7378355658 -0.1)
(2.3 0.7378355658 -0.1)
(2.4 0.7378355658 -0.1)
(2.5 0.7378355658 -0.1)
(2.6 0.7378355658 -0.1)
(2.7 0.7378355658 -0.1)
(2.8 0.7378355658 -0.1)
(2.9 0.7378355658 -0.1)
(3 0.7378355658 -0.1)
(3.1 0.7378355658 -0.1)
(3.2 0.7378355658 -0.1)
(3.3 0.7378355658 -0.1)
(3.4 0.7378355658 -0.1)
(3.5 0.7378355658 -0.1)
(3.6 0.7378355658 -0.1)
(3.7 0.7378355658 -0.1)
(3.8 0.7378355658 -0.1)
(3.9 0.7378355658 -0.1)
(4 0.7378355658 -0.1)
(0 0.799834907 -0.1)
(0.1 0.799834907 -0.1)
(0.2 0.799834907 -0.1)
(0.3 0.799834907 -0.1)
(0.4 0.799834907 -0.1)
(0.5 0.799834907 -0.1)
(0.6 0.799834907 -0.1)
(0.7 0.799834907 -0.1)
(0.8 0.799834907 -0.1)
(0.9 0.799834907 -0.1)
(1 0.799834907 -0.1)
(1.1 0.799834907 -0.1)
(1.2 0.799834907 -0.1)
(1.3 0.799834907 -0.1)
(1.4 0.799834907 -0.1)
(1.5 0.799834907 -0.1)
(1.6 0.799834907 -0.1)
(1.7 0.799834907 -0.1)
(1.8 0.799834907 -0.1)
(1.9 0.799834907 -0.1)
(2 0.799834907 -0.1)
(2.1 0.799834907 -0.1)
(2.2 0.799834907 -0.1)
(2.3 0.799834907 -0.1)
(2.4 0.799834907 -0.1)
(2.5 0.799834907 -0.1)
(2.6 0.799834907 -0.1)
(2.7 0.799834907 -0.1)
(2.8 0.799834907 -0.1)
(2.9 0.799834907 -0.1)
(3 0.799834907 -0.1)
(3.1 0.799834907 -0.1)
(3.2 0.799834907 -0.1)
(3.3 0.799834907 -0.1)
(3.4 0.799834907 -0.1)
(3.5 0.799834907 -0.1)
(3.6 0.799834907 -0.1)
(3.7 0.799834907 -0.1)
(3.8 0.799834907 -0.1)
(3.9 0.799834907 -0.1)
(4 0.799834907 -0.1)
(0 0.8641378364 -0.1)
(0.1 0.8641378364 -0.1)
(0.2 0.8641378364 -0.1)
(0.3 0.8641378364 -0.1)
(0.4 0.8641378364 -0.1)
(0.5 0.8641378364 -0.1)
(0.6 0.8641378364 -0.1)
(0.7 0.8641378364 -0.1)
(0.8 0.8641378364 -0.1)
(0.9 0.8641378364 -0.1)
(1 0.8641378364 -0.1)
(1.1 0.8641378364 -0.1)
(1.2 0.8641378364 -0.1)
(1.3 0.8641378364 -0.1)
(1.4 0.8641378364 -0.1)
(1.5 0.8641378364 -0.1)
(1.6 0.8641378364 -0.1)
(1.7 0.8641378364 -0.1)
(1.8 0.8641378364 -0.1)
(1.9 0.8641378364 -0.1)
(2 0.8641378364 -0.1)
(2.1 0.8641378364 -0.1)
(2.2 0.8641378364 -0.1)
(2.3 0.8641378364 -0.1)
(2.4 0.8641378364 -0.1)
(2.5 0.8641378364 -0.1)
(2.6 0.8641378364 -0.1)
(2.7 0.8641378364 -0.1)
(2.8 0.8641378364 -0.1)
(2.9 0.8641378364 -0.1)
(3 0.8641378364 -0.1)
(3.1 0.8641378364 -0.1)
(3.2 0.8641378364 -0.1)
(3.3 0.8641378364 -0.1)
(3.4 0.8641378364 -0.1)
(3.5 0.8641378364 -0.1)
(3.6 0.8641378364 -0.1)
(3.7 0.8641378364 -0.1)
(3.8 0.8641378364 -0.1)
(3.9 0.8641378364 -0.1)
(4 0.8641378364 -0.1)
(0 0.9308299441 -0.1)
(0.1 0.9308299441 -0.1)
(0.2 0.9308299441 -0.1)
(0.3 0.9308299441 -0.1)
(0.4 0.9308299441 -0.1)
(0.5 0.9308299441 -0.1)
(0.6 0.9308299441 -0.1)
(0.7 0.9308299441 -0.1)
(0.8 0.9308299441 -0.1)
(0.9 0.9308299441 -0.1)
(1 0.9308299441 -0.1)
(1.1 0.9308299441 -0.1)
(1.2 0.9308299441 -0.1)
(1.3 0.9308299441 -0.1)
(1.4 0.9308299441 -0.1)
(1.5 0.9308299441 -0.1)
(1.6 0.9308299441 -0.1)
(1.7 0.9308299441 -0.1)
(1.8 0.9308299441 -0.1)
(1.9 0.9308299441 -0.1)
(2 0.9308299441 -0.1)
(2.1 0.9308299441 -0.1)
(2.2 0.9308299441 -0.1)
(2.3 0.9308299441 -0.1)
(2.4 0.9308299441 -0.1)
(2.5 0.9308299441 -0.1)
(2.6 0.9308299441 -0.1)
(2.7 0.9308299441 -0.1)
(2.8 0.9308299441 -0.1)
(2.9 0.9308299441 -0.1)
(3 0.9308299441 -0.1)
(3.1 0.9308299441 -0.1)
(3.2 0.9308299441 -0.1)
(3.3 0.9308299441 -0.1)
(3.4 0.9308299441 -0.1)
(3.5 0.9308299441 -0.1)
(3.6 0.9308299441 -0.1)
(3.7 0.9308299441 -0.1)
(3.8 0.9308299441 -0.1)
(3.9 0.9308299441 -0.1)
(4 0.9308299441 -0.1)
(0 1 -0.1)
(0.1 1 -0.1)
(0.2 1 -0.1)
(0.3 1 -0.1)
(0.4 1 -0.1)
(0.5 1 -0.1)
(0.6 1 -0.1)
(0.7 1 -0.1)
(0.8 1 -0.1)
(0.9 1 -0.1)
(1 1 -0.1)
(1.1 1 -0.1)
(1.2 1 -0.1)
(1.3 1 -0.1)
(1.4 1 -0.1)
(1.5 1 -0.1)
(1.6 1 -0.1)
(1.7 1 -0.1)
(1.8 1 -0.1)
(1.9 1 -0.1)
(2 1 -0.1)
(2.1 1 -0.1)
(2.2 1 -0.1)
(2.3 1 -0.1)
(2.4 1 -0.1)
(2.5 1 -0.1)
(2.6 1 -0.1)
(2.7 1 -0.1)
(2.8 1 -0.1)
(2.9 1 -0.1)
(3 1 -0.1)
(3.1 1 -0.1)
(3.2 1 -0.1)
(3.3 1 -0.1)
(3.4 1 -0.1)
(3.5 1 -0.1)
(3.6 1 -0.1)
(3.7 1 -0.1)
(3.8 1 -0.1)
(3.9 1 -0.1)
(4 1 -0.1)
(0 0 0.1)
(0.1 0 0.1)
(0.2 0 0.1)
(0.3 0 0.1)
(0.4 0 0.1)
(0.5 0 0.1)
(0.6 0 0.1)
(0.7 0 0.1)
(0.8 0 0.1)
(0.9 0 0.1)
(1 0 0.1)
(1.1 0 0.1)
(1.2 0 0.1)
(1.3 0 0.1)
(1.4 0 0.1)
(1.5 0 0.1)
(1.6 0 0.1)
(1.7 0 0.1)
(1.8 0 0.1)
(1.9 0 0.1)
(2 0 0.1)
(2.1 0 0.1)
(2.2 0 0.1)
(2.3 0 0.1)
(2.4 0 0.1)
(2.5 0 0.1)
(2.6 0 0.1)
(2.7 0 0.1)
(2.8 0 0.1)
(2.9 0 0.1)
(3 0 0.1)
(3.1 0 0.1)
(3.2 0 0.1)
(3.3 0 0.1)
(3.4 0 0.1)
(3.5 0 0.1)
(3.6 0 0.1)
(3.7 0 0.1)
(3.8 0 0.1)
(3.9 0 0.1)
(4 0 0.1)
(0 0.03458502795 0.1)
(0.1 0.03458502795 0.1)
(0.2 0.03458502795 0.1)
(0.3 0.03458502795 0.1)
(0.4 0.03458502795 0.1)
(0.5 0.03458502795 0.1)
(0.6 0.03458502795 0.1)
(0.7 0.03458502795 0.1)
(0.8 0.03458502795 0.1)
(0.9 0.03458502795 0.1)
(1 0.03458502795 0.1)
(1.1 0.03458502795 0.1)
(1.2 0.03458502795 0.1)
(1.3 0.03458502795 0.1)
(1.4 0.03458502795 0.1)
(1.5 0.03458502795 0.1)
(1.6 0.03458502795 0.1)
(1.7 0.03458502795 0.1)
(1.8 0.03458502795 0.1)
(1.9 0.03458502795 0.1)
(2 0.03458502795 0.1)
(2.1 0.03458502795 0.1)
(2.2 0.03458502795 0.1)
(2.3 0.03458502795 0.1)
(2.4 0.03458502795 0.1)
(2.5 0.03458502795 0.1)
(2.6 0.03458502795 0.1)
(2.7 0.03458502795 0.1)
(2.8 0.03458502795 0.1)
(2.9 0.03458502795 0.1)
(3 0.03458502795 0.1)
(3.1 0.03458502795 0.1)
(3.2 0.03458502795 0.1)
(3.3 0.03458502795 0.1)
(3.4 0.03458502795 0.1)
(3.5 0.03458502795 0.1)
(3.6 0.03458502795 0.1)
(3.7 0.03458502795 0.1)
(3.8 0.03458502795 0.1)
(3.9 0.03458502795 0.1)
(4 0.03458502795 0.1)
(0 0.07045506414 0.1)
(0.1 0.07045506414 0.1)
(0.2 0.07045506414 0.1)
(0.3 0.07045506414 0.1)
(0.4 0.07045506414 0.1)
(0.5 0.07045506414 0.1)
(0.6 0.07045506414 0.1)
(0.7 0.07045506414 0.1)
(0.8 0.07045506414 0.1)
(0.9 0.07045506414 0.1)
(1 0.07045506414 0.1)
(1.1 0.07045506414 0.1)
(1.2 0.07045506414 0.1)
(1.3 0.07045506414 0.1)
(1.4 0.07045506414 0.1)
(1.5 0.07045506414 0.1)
(1.6 0.07045506414 0.1)
(1.7 0.07045506414 0.1)
(1.8 0.07045506414 0.1)
(1.9 0.07045506414 0.1)
(2 0.07045506414 0.1)
(2.1 0.07045506414 0.1)
(2.2 0.07045506414 0.1)
(2.3 0.07045506414 0.1)
(2.4 0.07045506414 0.1)
(2.5 0.07045506414 0.1)
(2.6 0.07045506414 0.1)
(2.7 0.07045506414 0.1)
(2.8 0.07045506414 0.1)
(2.9 0.07045506414 0.1)
(3 0.07045506414 0.1)
(3.1 0.07045506414 0.1)
(3.2 0.07045506414 0.1)
(3.3 0.07045506414 0.1)
(3.4 0.07045506414 0.1)
(3.5 0.07045506414 0.1)
(3.6 0.07045506414 0.1)
(3.7 0.07045506414 0.1)
(3.8 0.07045506414 0.1)
(3.9 0.07045506414 0.1)
(4 0.07045506414 0.1)
(0 0.1076578531 0.1)
(0.1 0.1076578531 0.1)
(0.2 0.1076578531 0.1)
(0.3 0.1076578531 0.1)
(0.4 0.1076578531 0.1)
(0.5 0.1076578531 0.1)
(0.6 0.1076578531 0.1)
(0.7 0.1076578531 0.1)
(0.8 0.1076578531 0.1)
(0.9 0.1076578531 0.1)
(1 0.1076578531 0.1)
(1.1 0.1076578531 0.1)
(1.2 0.1076578531 0.1)
(1.3 0.1076578531 0.1)
(1.4 0.1076578531 0.1)
(1.5 0.1076578531 0.1)
(1.6 0.1076578531 0.1)
(1.7 0.1076578531 0.1)
(1.8 0.1076578531 0.1)
(1.9 0.1076578531 0.1)
(2 0.1076578531 0.1)
(2.1 0.1076578531 0.1)
(2.2 0.1076578531 0.1)
(2.3 0.1076578531 0.1)
(2.4 0.1076578531 0.1)
(2.5 0.1076578531 0.1)
(2.6 0.1076578531 0.1)
(2.7 0.1076578531 0.1)
(2.8 0.1076578531 0.1)
(2.9 0.1076578531 0.1)
(3 0.1076578531 0.1)
(3.1 0.1076578531 0.1)
(3.2 0.1076578531 0.1)
(3.3 0.1076578531 0.1)
(3.4 0.1076578531 0.1)
(3.5 0.1076578531 0.1)
(3.6 0.1076578531 0.1)
(3.7 0.1076578531 0.1)
(3.8 0.1076578531 0.1)
(3.9 0.1076578531 0.1)
(4 0.1076578531 0.1)
(0 0.1462429134 0.1)
(0.1 0.1462429134 0.1)
(0.2 0.1462429134 0.1)
(0.3 0.1462429134 0.1)
(0.4 0.1462429134 0.1)
(0.5 0.1462429134 0.1)
(0.6 0.1462429134 0.1)
(0.7 0.1462429134 0.1)
(0.8 0.1462429134 0.1)
(0.9 0.1462429134 0.1)
(1 0.1462429134 0.1)
(1.1 0.1462429134 0.1)
(1.2 0.1462429134 0.1)
(1.3 0.1462429134 0.1)
(1.4 0.1462429134 0.1)
(1.5 0.1462429134 0.1)
(1.6 0.1462429134 0.1)
(1.7 0.1462429134 0.1)
(1.8 0.1462429134 0.1)
(1.9 0.1462429134 0.1)
(2 0.1462429134 0.1)
(2.1 0.1462429134 0.1)
(2.2 0.1462429134 0.1)
(2.3 0.1462429134 0.1)
(2.4 0.1462429134 0.1)
(2.5 0.1462429134 0.1)
(2.6 0.1462429134 0.1)
(2.7 0.1462429134 0.1)
(2.8 0.1462429134 0.1)
(2.9 0.1462429134 0.1)
(3 0.1462429134 0.1)
(3.1 0.1462429134 0.1)
(3.2 0.1462429134 0.1)
(3.3 0.1462429134 0.1)
(3.4 0.1462429134 0.1)
(3.5 0.1462429134 0.1)
(3.6 0.1462429134 0.1)
(3.7 0.1462429134 0.1)
(3.8 0.1462429134 0.1)
(3.9 0.1462429134 0.1)
(4 0.1462429134 0.1)
(0 0.1862616033 0.1)
(0.1 0.1862616033 0.1)
(0.2 0.1862616033 0.1)
(0.3 0.1862616033 0.1)
(0.4 0.1862616033 0.1)
(0.5 0.1862616033 0.1)
(0.6 0.1862616033 0.1)
(0.7 0.1862616033 0.1)
(0.8 0.1862616033 0.1)
(0.9 0.1862616033 0.1)
(1 0.1862616033 0.1)
(1.1 0.1862616033 0.1)
(1.2 0.1862616033 0.1)
(1.3 0.1862616033 0.1)
(1.4 0.1862616033 0.1)
(1.5 0.1862616033 0.1)
(1.6 0.1862616033 0.1)
(1.7 0.1862616033 0.1)
(1.8 0.1862616033 0.1)
(1.9 0.1862616033 0.1)
(2 0.1862616033 0.1)
(2.1 0.1862616033 0.1)
(2.2 0.1862616033 0.1)
(2.3 0.1862616033 0.1)
(2.4 0.1862616033 0.1)
(2.5 0.1862616033 0.1)
(2.6 0.1862616033 0.1)
(2.7 0.1862616033 0.1)
(2.8 0.1862616033 0.1)
(2.9 0.1862616033 0.1)
(3 0.1862616033 0.1)
(3.1 0.1862616033 0.1)
(3.2 0.1862616033 0.1)
(3.3 0.1862616033 0.1)
(3.4 0.1862616033 0.1)
(3.5 0.1862616033 0.1)
(3.6 0.1862616033 0.1)
(3.7 0.1862616033 0.1)
(3.8 0.1862616033 0.1)
(3.9 0.1862616033 0.1)
(4 0.1862616033 0.1)
(0 0.2277671894 0.1)
(0.1 0.2277671894 0.1)
(0.2 0.2277671894 0.1)
(0.3 0.2277671894 0.1)
(0.4 0.2277671894 0.1)
(0.5 0.2277671894 0.1)
(0.6 0.2277671894 0.1)
(0.7 0.2277671894 0.1)
(0.8 0.2277671894 0.1)
(0.9 0.2277671894 0.1)
(1 0.2277671894 0.1)
(1.1 0.2277671894 0.1)
(1.2 0.2277671894 0.1)
(1.3 0.2277671894 0.1)
(1.4 0.2277671894 0.1)
(1.5 0.2277671894 0.1)
(1.6 0.2277671894 0.1)
(1.7 0.2277671894 0.1)
(1.8 0.2277671894 0.1)
(1.9 0.2277671894 0.1)
(2 0.2277671894 0.1)
(2.1 0.2277671894 0.1)
(2.2 0.2277671894 0.1)
(2.3 0.2277671894 0.1)
(2.4 0.2277671894 0.1)
(2.5 0.2277671894 0.1)
(2.6 0.2277671894 0.1)
(2.7 0.2277671894 0.1)
(2.8 0.2277671894 0.1)
(2.9 0.2277671894 0.1)
(3 0.2277671894 0.1)
(3.1 0.2277671894 0.1)
(3.2 0.2277671894 0.1)
(3.3 0.2277671894 0.1)
(3.4 0.2277671894 0.1)
(3.5 0.2277671894 0.1)
(3.6 0.2277671894 0.1)
(3.7 0.2277671894 0.1)
(3.8 0.2277671894 0.1)
(3.9 0.2277671894 0.1)
(4 0.2277671894 0.1)
(0 0.2708149174 0.1)
(0.1 0.2708149174 0.1)
(0.2 0.2708149174 0.1)
(0.3 0.2708149174 0.1)
(0.4 0.2708149174 0.1)
(0.5 0.2708149174 0.1)
(0.6 0.2708149174 0.1)
(0.7 0.2708149174 0.1)
(0.8 0.2708149174 0.1)
(0.9 0.2708149174 0.1)
(1 0.2708149174 0.1)
(1.1 0.2708149174 0.1)
(1.2 0.2708149174 0.1)
(1.3 0.2708149174 0.1)
(1.4 0.2708149174 0.1)
(1.5 0.2708149174 0.1)
(1.6 0.2708149174 0.1)
(1.7 0.2708149174 0.1)
(1.8 0.2708149174 0.1)
(1.9 0.2708149174 0.1)
(2 0.2708149174 0.1)
(2.1 0.2708149174 0.1)
(2.2 0.2708149174 0.1)
(2.3 0.2708149174 0.1)
(2.4 0.2708149174 0.1)
(2.5 0.2708149174 0.1)
(2.6 0.2708149174 0.1)
(2.7 0.2708149174 0.1)
(2.8 0.2708149174 0.1)
(2.9 0.2708149174 0.1)
(3 0.2708149174 0.1)
(3.1 0.2708149174 0.1)
(3.2 0.2708149174 0.1)
(3.3 0.2708149174 0.1)
(3.4 0.2708149174 0.1)
(3.5 0.2708149174 0.1)
(3.6 0.2708149174 0.1)
(3.7 0.2708149174 0.1)
(3.8 0.2708149174 0.1)
(3.9 0.2708149174 0.1)
(4 0.2708149174 0.1)
(0 0.3154620856 0.1)
(0.1 0.3154620856 0.1)
(0.2 0.3154620856 0.1)
(0.3 0.3154620856 0.1)
(0.4 0.3154620856 0.1)
(0.5 0.3154620856 0.1)
(0.6 0.3154620856 0.1)
(0.7 0.3154620856 0.1)
(0.8 0.3154620856 0.1)
(0.9 0.3154620856 0.1)
(1 0.3154620856 0.1)
(1.1 0.3154620856 0.1)
(1.2 0.3154620856 0.1)
(1.3 0.3154620856 0.1)
(1.4 0.3154620856 0.1)
(1.5 0.3154620856 0.1)
(1.6 0.3154620856 0.1)
(1.7 0.3154620856 0.1)
(1.8 0.3154620856 0.1)
(1.9 0.3154620856 0.1)
(2 0.3154620856 0.1)
(2.1 0.3154620856 0.1)
(2.2 0.3154620856 0.1)
(2.3 0.3154620856 0.1)
(2.4 0.3154620856 0.1)
(2.5 0.3154620856 0.1)
(2.6 0.3154620856 0.1)
(2.7 0.3154620856 0.1)
(2.8 0.3154620856 0.1)
(2.9 0.3154620856 0.1)
(3 0.3154620856 0.1)
(3.1 0.3154620856 0.1)
(3.2 0.3154620856 0.1)
(3.3 0.3154620856 0.1)
(3.4 0.3154620856 0.1)
(3.5 0.3154620856 0.1)
(3.6 0.3154620856 0.1)
(3.7 0.3154620856 0.1)
(3.8 0.3154620856 0.1)
(3.9 0.3154620856 0.1)
(4 0.3154620856 0.1)
(0 0.3617681214 0.1)
(0.1 0.3617681214 0.1)
(0.2 0.3617681214 0.1)
(0.3 0.3617681214 0.1)
(0.4 0.3617681214 0.1)
(0.5 0.3617681214 0.1)
(0.6 0.3617681214 0.1)
(0.7 0.3617681214 0.1)
(0.8 0.3617681214 0.1)
(0.9 0.3617681214 0.1)
(1 0.3617681214 0.1)
(1.1 0.3617681214 0.1)
(1.2 0.3617681214 0.1)
(1.3 0.3617681214 0.1)
(1.4 0.3617681214 0.1)
(1.5 0.3617681214 0.1)
(1.6 0.3617681214 0.1)
(1.7 0.3617681214 0.1)
(1.8 0.3617681214 0.1)
(1.9 0.3617681214 0.1)
(2 0.3617681214 0.1)
(2.1 0.3617681214 0.1)
(2.2 0.3617681214 0.1)
(2.3 0.3617681214 0.1)
(2.4 0.3617681214 0.1)
(2.5 0.3617681214 0.1)
(2.6 0.3617681214 0.1)
(2.7 0.3617681214 0.1)
(2.8 0.3617681214 0.1)
(2.9 0.3617681214 0.1)
(3 0.3617681214 0.1)
(3.1 0.3617681214 0.1)
(3.2 0.3617681214 0.1)
(3.3 0.3617681214 0.1)
(3.4 0.3617681214 0.1)
(3.5 0.3617681214 0.1)
(3.6 0.3617681214 0.1)
(3.7 0.3617681214 0.1)
(3.8 0.3617681214 0.1)
(3.9 0.3617681214 0.1)
(4 0.3617681214 0.1)
(0 0.4097946599 0.1)
(0.1 0.4097946599 0.1)
(0.2 0.4097946599 0.1)
(0.3 0.4097946599 0.1)
(0.4 0.4097946599 0.1)
(0.5 0.4097946599 0.1)
(0.6 0.4097946599 0.1)
(0.7 0.4097946599 0.1)
(0.8 0.4097946599 0.1)
(0.9 0.4097946599 0.1)
(1 0.4097946599 0.1)
(1.1 0.4097946599 0.1)
(1.2 0.4097946599 0.1)
(1.3 0.4097946599 0.1)
(1.4 0.4097946599 0.1)
(1.5 0.4097946599 0.1)
(1.6 0.4097946599 0.1)
(1.7 0.4097946599 0.1)
(1.8 0.4097946599 0.1)
(1.9 0.4097946599 0.1)
(2 0.4097946599 0.1)
(2.1 0.4097946599 0.1)
(2.2 0.4097946599 0.1)
(2.3 0.4097946599 0.1)
(2.4 0.4097946599 0.1)
(2.5 0.4097946599 0.1)
(2.6 0.4097946599 0.1)
(2.7 0.4097946599 0.1)
(2.8 0.4097946599 0.1)
(2.9 0.4097946599 0.1)
(3 0.4097946599 0.1)
(3.1 0.4097946599 0.1)
(3.2 0.4097946599 0.1)
(3.3 0.4097946599 0.1)
(3.4 0.4097946599 0.1)
(3.5 0.4097946599 0.1)
(3.6 0.4097946599 0.1)
(3.7 0.4097946599 0.1)
(3.8 0.4097946599 0.1)
(3.9 0.4097946599 0.1)
(4 0.4097946599 0.1)
(0 0.4596056267 0.1)
(0.1 0.4596056267 0.1)
(0.2 0.4596056267 0.1)
(0.3 0.4596056267 0.1)
(0.4 0.4596056267 0.1)
(0.5 0.4596056267 0.1)
(0.6 0.4596056267 0.1)
(0.7 0.4596056267 0.1)
(0.8 0.4596056267 0.1)
(0.9 0.4596056267 0.1)
(1 0.4596056267 0.1)
(1.1 0.4596056267 0.1)
(1.2 0.4596056267 0.1)
(1.3 0.4596056267 0.1)
(1.4 0.4596056267 0.1)
(1.5 0.4596056267 0.1)
(1.6 0.4596056267 0.1)
(1.7 0.4596056267 0.1)
(1.8 0.4596056267 0.1)
(1.9 0.4596056267 0.1)
(2 0.4596056267 0.1)
(2.1 0.4596056267 0.1)
(2.2 0.4596056267 0.1)
(2.3 0.4596056267 0.1)
(2.4 0.4596056267 0.1)
(2.5 0.4596056267 0.1)
(2.6 0.4596056267 0.1)
(2.7 0.4596056267 0.1)
(2.8 0.4596056267 0.1)
(2.9 0.4596056267 0.1)
(3 0.4596056267 0.1)
(3.1 0.4596056267 0.1)
(3.2 0.4596056267 0.1)
(3.3 0.4596056267 0.1)
(3.4 0.4596056267 0.1)
(3.5 0.4596056267 0.1)
(3.6 0.4596056267 0.1)
(3.7 0.4596056267 0.1)
(3.8 0.4596056267 0.1)
(3.9 0.4596056267 0.1)
(4 0.4596056267 0.1)
(0 0.5112673221 0.1)
(0.1 0.5112673221 0.1)
(0.2 0.5112673221 0.1)
(0.3 0.5112673221 0.1)
(0.4 0.5112673221 0.1)
(0.5 0.5112673221 0.1)
(0.6 0.5112673221 0.1)
(0.7 0.5112673221 0.1)
(0.8 0.5112673221 0.1)
(0.9 0.5112673221 0.1)
(1 0.5112673221 0.1)
(1.1 0.5112673221 0.1)
(1.2 0.5112673221 0.1)
(1.3 0.5112673221 0.1)
(1.4 0.5112673221 0.1)
(1.5 0.5112673221 0.1)
(1.6 0.5112673221 0.1)
(1.7 0.5112673221 0.1)
(1.8 0.5112673221 0.1)
(1.9 0.5112673221 0.1)
(2 0.5112673221 0.1)
(2.1 0.5112673221 0.1)
(2.2 0.5112673221 0.1)
(2.3 0.5112673221 0.1)
(2.4 0.5112673221 0.1)
(2.5 0.5112673221 0.1)
(2.6 0.5112673221 0.1)
(2.7 0.5112673221 0.1)
(2.8 0.5112673221 0.1)
(2.9 0.5112673221 0.1)
(3 0.5112673221 0.1)
(3.1 0.5112673221 0.1)
(3.2 0.5112673221 0.1)
(3.3 0.5112673221 0.1)
(3.4 0.5112673221 0.1)
(3.5 0.5112673221 0.1)
(3.6 0.5112673221 0.1)
(3.7 0.5112673221 0.1)
(3.8 0.5112673221 0.1)
(3.9 0.5112673221 0.1)
(4 0.5112673221 0.1)
(0 0.5648485101 0.1)
(0.1 0.5648485101 0.1)
(0.2 0.5648485101 0.1)
(0.3 0.5648485101 0.1)
(0.4 0.5648485101 0.1)
(0.5 0.5648485101 0.1)
(0.6 0.5648485101 0.1)
(0.7 0.5648485101 0.1)
(0.8 0.5648485101 0.1)
(0.9 0.5648485101 0.1)
(1 0.5648485101 0.1)
(1.1 0.5648485101 0.1)
(1.2 0.5648485101 0.1)
(1.3 0.5648485101 0.1)
(1.4 0.5648485101 0.1)
(1.5 0.5648485101 0.1)
(1.6 0.5648485101 0.1)
(1.7 0.5648485101 0.1)
(1.8 0.5648485101 0.1)
(1.9 0.5648485101 0.1)
(2 0.5648485101 0.1)
(2.1 0.5648485101 0.1)
(2.2 0.5648485101 0.1)
(2.3 0.5648485101 0.1)
(2.4 0.5648485101 0.1)
(2.5 0.5648485101 0.1)
(2.6 0.5648485101 0.1)
(2.7 0.5648485101 0.1)
(2.8 0.5648485101 0.1)
(2.9 0.5648485101 0.1)
(3 0.5648485101 0.1)
(3.1 0.5648485101 0.1)
(3.2 0.5648485101 0.1)
(3.3 0.5648485101 0.1)
(3.4 0.5648485101 0.1)
(3.5 0.5648485101 0.1)
(3.6 0.5648485101 0.1)
(3.7 0.5648485101 0.1)
(3.8 0.5648485101 0.1)
(3.9 0.5648485101 0.1)
(4 0.5648485101 0.1)
(0 0.6204205096 0.1)
(0.1 0.6204205096 0.1)
(0.2 0.6204205096 0.1)
(0.3 0.6204205096 0.1)
(0.4 0.6204205096 0.1)
(0.5 0.6204205096 0.1)
(0.6 0.6204205096 0.1)
(0.7 0.6204205096 0.1)
(0.8 0.6204205096 0.1)
(0.9 0.6204205096 0.1)
(1 0.6204205096 0.1)
(1.1 0.6204205096 0.1)
(1.2 0.6204205096 0.1)
(1.3 0.6204205096 0.1)
(1.4 0.6204205096 0.1)
(1.5 0.6204205096 0.1)
(1.6 0.6204205096 0.1)
(1.7 0.6204205096 0.1)
(1.8 0.6204205096 0.1)
(1.9 0.6204205096 0.1)
(2 0.6204205096 0.1)
(2.1 0.6204205096 0.1)
(2.2 0.6204205096 0.1)
(2.3 0.6204205096 0.1)
(2.4 0.6204205096 0.1)
(2.5 0.6204205096 0.1)
(2.6 0.6204205096 0.1)
(2.7 0.6204205096 0.1)
(2.8 0.6204205096 0.1)
(2.9 0.6204205096 0.1)
(3 0.6204205096 0.1)
(3.1 0.6204205096 0.1)
(3.2 0.6204205096 0.1)
(3.3 0.6204205096 0.1)
(3.4 0.6204205096 0.1)
(3.5 0.6204205096 0.1)
(3.6 0.6204205096 0.1)
(3.7 0.6204205096 0.1)
(3.8 0.6204205096 0.1)
(3.9 0.6204205096 0.1)
(4 0.6204205096 0.1)
(0 0.6780572891 0.1)
(0.1 0.6780572891 0.1)
(0.2 0.6780572891 0.1)
(0.3 0.6780572891 0.1)
(0.4 0.6780572891 0.1)
(0.5 0.6780572891 0.1)
(0.6 0.6780572891 0.1)
(0.7 0.6780572891 0.1)
(0.8 0.6780572891 0.1)
(0.9 0.6780572891 0.1)
(1 0.6780572891 0.1)
(1.1 0.6780572891 0.1)
(1.2 0.6780572891 0.1)
(1.3 0.6780572891 0.1)
(1.4 0.6780572891 0.1)
(1.5 0.6780572891 0.1)
(1.6 0.6780572891 0.1)
(1.7 0.6780572891 0.1)
(1.8 0.6780572891 0.1)
(1.9 0.6780572891 0.1)
(2 0.6780572891 0.1)
(2.1 0.6780572891 0.1)
(2.2 0.6780572891 0.1)
(2.3 0.6780572891 0.1)
(2.4 0.6780572891 0.1)
(2.5 0.6780572891 0.1)
(2.6 0.6780572891 0.1)
(2.7 0.6780572891 0.1)
(2.8 0.6780572891 0.1)
(2.9 0.6780572891 0.1)
(3 0.6780572891 0.1)
(3.1 0.6780572891 0.1)
(3.2 0.6780572891 0.1)
(3.3 0.6780572891 0.1)
(3.4 0.6780572891 0.1)
(3.5 0.6780572891 0.1)
(3.6 0.6780572891 0.1)
(3.7 0.6780572891 0.1)
(3.8 0.6780572891 0.1)
(3.9 0.6780572891 0.1)
(4 0.6780572891 0.1)
(0 0.7378355658 0.1)
(0.1 0.7378355658 0.1)
(0.2 0.7378355658 0.1)
(0.3 0.7378355658 0.1)
(0.4 0.7378355658 0.1)
(0.5 0.7378355658 0.1)
(0.6 0.7378355658 0.1)
(0.7 0.7378355658 0.1)
(0.8 0.7378355658 0.1)
(0.9 0.7378355658 0.1)
(1 0.7378355658 0.1)
(1.1 0.7378355658 0.1)
(1.2 0.7378355658 0.1)
(1.3 0.7378355658 0.1)
(1.4 0.7378355658 0.1)
(1.5 0.7378355658 0.1)
(1.6 0.7378355658 0.1)
(1.7 0.7378355658 0.1)
(1.8 0.7378355658 0.1)
(1.9 0.7378355658 0.1)
(2 0.7378355658 0.1)
(2.1 0.7378355658 0.1)
(2.2 0.7378355658 0.1)
(2.3 0.7378355658 0.1)
(2.4 0.7378355658 0.1)
(2.5 0.7378355658 0.1)
(2.6 0.7378355658 0.1)
(2.7 0.7378355658 0.1)
(2.8 0.7378355658 0.1)
(2.9 0.7378355658 0.1)
(3 0.7378355658 0.1)
(3.1 0.7378355658 0.1)
(3.2 0.7378355658 0.1)
(3.3 0.7378355658 0.1)
(3.4 0.7378355658 0.1)
(3.5 0.7378355658 0.1)
(3.6 0.7378355658 0.1)
(3.7 0.7378355658 0.1)
(3.8 0.7378355658 0.1)
(3.9 0.7378355658 0.1)
(4 0.7378355658 0.1)
(0 0.799834907 0.1)
(0.1 0.799834907 0.1)
(0.2 0.799834907 0.1)
(0.3 0.799834907 0.1)
(0.4 0.799834907 0.1)
(0.5 0.799834907 0.1)
(0.6 0.799834907 0.1)
(0.7 0.799834907 0.1)
(0.8 0.799834907 0.1)
(0.9 0.799834907 0.1)
(1 0.799834907 0.1)
(1.1 0.799834907 0.1)
(1.2 0.799834907 0.1)
(1.3 0.799834907 0.1)
(1.4 0.799834907 0.1)
(1.5 0.799834907 0.1)
(1.6 0.799834907 0.1)
(1.7 0.799834907 0.1)
(1.8 0.799834907 0.1)
(1.9 0.799834907 0.1)
(2 0.799834907 0.1)
(2.1 0.799834907 0.1)
(2.2 0.799834907 0.1)
(2.3 0.799834907 0.1)
(2.4 0.799834907 0.1)
(2.5 0.799834907 0.1)
(2.6 0.799834907 0.1)
(2.7 0.799834907 0.1)
(2.8 0.799834907 0.1)
(2.9 0.799834907 0.1)
(3 0.799834907 0.1)
(3.1 0.799834907 0.1)
(3.2 0.799834907 0.1)
(3.3 0.799834907 0.1)
(3.4 0.799834907 0.1)
(3.5 0.799834907 0.1)
(3.6 0.799834907 0.1)
(3.7 0.799834907 0.1)
(3.8 0.799834907 0.1)
(3.9 0.799834907 0.1)
(4 0.799834907 0.1)
(0 0.8641378364 0.1)
(0.1 0.8641378364 0.1)
(0.2 0.8641378364 0.1)
(0.3 0.8641378364 0.1)
(0.4 0.8641378364 0.1)
(0.5 0.8641378364 0.1)
(0.6 0.8641378364 0.1)
(0.7 0.8641378364 0.1)
(0.8 0.8641378364 0.1)
(0.9 0.8641378364 0.1)
(1 0.8641378364 0.1)
(1.1 0.8641378364 0.1)
(1.2 0.8641378364 0.1)
(1.3 0.8641378364 0.1)
(1.4 0.8641378364 0.1)
(1.5 0.8641378364 0.1)
(1.6 0.8641378364 0.1)
(1.7 0.8641378364 0.1)
(1.8 0.8641378364 0.1)
(1.9 0.8641378364 0.1)
(2 0.8641378364 0.1)
(2.1 0.8641378364 0.1)
(2.2 0.8641378364 0.1)
(2.3 0.8641378364 0.1)
(2.4 0.8641378364 0.1)
(2.5 0.8641378364 0.1)
(2.6 0.8641378364 0.1)
(2.7 0.8641378364 0.1)
(2.8 0.8641378364 0.1)
(2.9 0.8641378364 0.1)
(3 0.8641378364 0.1)
(3.1 0.8641378364 0.1)
(3.2 0.8641378364 0.1)
(3.3 0.8641378364 0.1)
(3.4 0.8641378364 0.1)
(3.5 0.8641378364 0.1)
(3.6 0.8641378364 0.1)
(3.7 0.8641378364 0.1)
(3.8 0.8641378364 0.1)
(3.9 0.8641378364 0.1)
(4 0.8641378364 0.1)
(0 0.9308299441 0.1)
(0.1 0.9308299441 0.1)
(0.2 0.9308299441 0.1)
(0.3 0.9308299441 0.1)
(0.4 0.9308299441 0.1)
(0.5 0.9308299441 0.1)
(0.6 0.9308299441 0.1)
(0.7 0.9308299441 0.1)
(0.8 0.9308299441 0.1)
(0.9 0.9308299441 0.1)
(1 0.9308299441 0.1)
(1.1 0.9308299441 0.1)
(1.2 0.9308299441 0.1)
(1.3 0.9308299441 0.1)
(1.4 0.9308299441 0.1)
(1.5 0.9308299441 0.1)
(1.6 0.9308299441 0.1)
(1.7 0.9308299441 0.1)
(1.8 0.9308299441 0.1)
(1.9 0.9308299441 0.1)
(2 0.9308299441 0.1)
(2.1 0.9308299441 0.1)
(2.2 0.9308299441 0.1)
(2.3 0.9308299441 0.1)
(2.4 0.9308299441 0.1)
(2.5 0.9308299441 0.1)
(2.6 0.9308299441 0.1)
(2.7 0.9308299441 0.1)
(2.8 0.9308299441 0.1)
(2.9 0.9308299441 0.1)
(3 0.9308299441 0.1)
(3.1 0.9308299441 0.1)
(3.2 0.9308299441 0.1)
(3.3 0.9308299441 0.1)
(3.4 0.9308299441 0.1)
(3.5 0.9308299441 0.1)
(3.6 0.9308299441 0.1)
(3.7 0.9308299441 0.1)
(3.8 0.9308299441 0.1)
(3.9 0.9308299441 0.1)
(4 0.9308299441 0.1)
(0 1 0.1)
(0.1 1 0.1)
(0.2 1 0.1)
(0.3 1 0.1)
(0.4 1 0.1)
(0.5 1 0.1)
(0.6 1 0.1)
(0.7 1 0.1)
(0.8 1 0.1)
(0.9 1 0.1)
(1 1 0.1)
(1.1 1 0.1)
(1.2 1 0.1)
(1.3 1 0.1)
(1.4 1 0.1)
(1.5 1 0.1)
(1.6 1 0.1)
(1.7 1 0.1)
(1.8 1 0.1)
(1.9 1 0.1)
(2 1 0.1)
(2.1 1 0.1)
(2.2 1 0.1)
(2.3 1 0.1)
(2.4 1 0.1)
(2.5 1 0.1)
(2.6 1 0.1)
(2.7 1 0.1)
(2.8 1 0.1)
(2.9 1 0.1)
(3 1 0.1)
(3.1 1 0.1)
(3.2 1 0.1)
(3.3 1 0.1)
(3.4 1 0.1)
(3.5 1 0.1)
(3.6 1 0.1)
(3.7 1 0.1)
(3.8 1 0.1)
(3.9 1 0.1)
(4 1 0.1)
(0 1.069170056 -0.1)
(0.1 1.069170056 -0.1)
(0.2 1.069170056 -0.1)
(0.3 1.069170056 -0.1)
(0.4 1.069170056 -0.1)
(0.5 1.069170056 -0.1)
(0.6 1.069170056 -0.1)
(0.7 1.069170056 -0.1)
(0.8 1.069170056 -0.1)
(0.9 1.069170056 -0.1)
(1 1.069170056 -0.1)
(1.1 1.069170056 -0.1)
(1.2 1.069170056 -0.1)
(1.3 1.069170056 -0.1)
(1.4 1.069170056 -0.1)
(1.5 1.069170056 -0.1)
(1.6 1.069170056 -0.1)
(1.7 1.069170056 -0.1)
(1.8 1.069170056 -0.1)
(1.9 1.069170056 -0.1)
(2 1.069170056 -0.1)
(2.1 1.069170056 -0.1)
(2.2 1.069170056 -0.1)
(2.3 1.069170056 -0.1)
(2.4 1.069170056 -0.1)
(2.5 1.069170056 -0.1)
(2.6 1.069170056 -0.1)
(2.7 1.069170056 -0.1)
(2.8 1.069170056 -0.1)
(2.9 1.069170056 -0.1)
(3 1.069170056 -0.1)
(3.1 1.069170056 -0.1)
(3.2 1.069170056 -0.1)
(3.3 1.069170056 -0.1)
(3.4 1.069170056 -0.1)
(3.5 1.069170056 -0.1)
(3.6 1.069170056 -0.1)
(3.7 1.069170056 -0.1)
(3.8 1.069170056 -0.1)
(3.9 1.069170056 -0.1)
(4 1.069170056 -0.1)
(0 1.135862164 -0.1)
(0.1 1.135862164 -0.1)
(0.2 1.135862164 -0.1)
(0.3 1.135862164 -0.1)
(0.4 1.135862164 -0.1)
(0.5 1.135862164 -0.1)
(0.6 1.135862164 -0.1)
(0.7 1.135862164 -0.1)
(0.8 1.135862164 -0.1)
(0.9 1.135862164 -0.1)
(1 1.135862164 -0.1)
(1.1 1.135862164 -0.1)
(1.2 1.135862164 -0.1)
(1.3 1.135862164 -0.1)
(1.4 1.135862164 -0.1)
(1.5 1.135862164 -0.1)
(1.6 1.135862164 -0.1)
(1.7 1.135862164 -0.1)
(1.8 1.135862164 -0.1)
(1.9 1.135862164 -0.1)
(2 1.135862164 -0.1)
(2.1 1.135862164 -0.1)
(2.2 1.135862164 -0.1)
(2.3 1.135862164 -0.1)
(2.4 1.135862164 -0.1)
(2.5 1.135862164 -0.1)
(2.6 1.135862164 -0.1)
(2.7 1.135862164 -0.1)
(2.8 1.135862164 -0.1)
(2.9 1.135862164 -0.1)
(3 1.135862164 -0.1)
(3.1 1.135862164 -0.1)
(3.2 1.135862164 -0.1)
(3.3 1.135862164 -0.1)
(3.4 1.135862164 -0.1)
(3.5 1.135862164 -0.1)
(3.6 1.135862164 -0.1)
(3.7 1.135862164 -0.1)
(3.8 1.135862164 -0.1)
(3.9 1.135862164 -0.1)
(4 1.135862164 -0.1)
(0 1.200165093 -0.1)
(0.1 1.200165093 -0.1)
(0.2 1.200165093 -0.1)
(0.3 1.200165093 -0.1)
(0.4 1.200165093 -0.1)
(0.5 1.200165093 -0.1)
(0.6 1.200165093 -0.1)
(0.7 1.200165093 -0.1)
(0.8 1.200165093 -0.1)
(0.9 1.200165093 -0.1)
(1 1.200165093 -0.1)
(1.1 1.200165093 -0.1)
(1.2 1.200165093 -0.1)
(1.3 1.200165093 -0.1)
(1.4 1.200165093 -0.1)
(1.5 1.200165093 -0.1)
(1.6 1.200165093 -0.1)
(1.7 1.200165093 -0.1)
(1.8 1.200165093 -0.1)
(1.9 1.200165093 -0.1)
(2 1.200165093 -0.1)
(2.1 1.200165093 -0.1)
(2.2 1.200165093 -0.1)
(2.3 1.200165093 -0.1)
(2.4 1.200165093 -0.1)
(2.5 1.200165093 -0.1)
(2.6 1.200165093 -0.1)
(2.7 1.200165093 -0.1)
(2.8 1.200165093 -0.1)
(2.9 1.200165093 -0.1)
(3 1.200165093 -0.1)
(3.1 1.200165093 -0.1)
(3.2 1.200165093 -0.1)
(3.3 1.200165093 -0.1)
(3.4 1.200165093 -0.1)
(3.5 1.200165093 -0.1)
(3.6 1.200165093 -0.1)
(3.7 1.200165093 -0.1)
(3.8 1.200165093 -0.1)
(3.9 1.200165093 -0.1)
(4 1.200165093 -0.1)
(0 1.262164434 -0.1)
(0.1 1.262164434 -0.1)
(0.2 1.262164434 -0.1)
(0.3 1.262164434 -0.1)
(0.4 1.262164434 -0.1)
(0.5 1.262164434 -0.1)
(0.6 1.262164434 -0.1)
(0.7 1.262164434 -0.1)
(0.8 1.262164434 -0.1)
(0.9 1.262164434 -0.1)
(1 1.262164434 -0.1)
(1.1 1.262164434 -0.1)
(1.2 1.262164434 -0.1)
(1.3 1.262164434 -0.1)
(1.4 1.262164434 -0.1)
(1.5 1.262164434 -0.1)
(1.6 1.262164434 -0.1)
(1.7 1.262164434 -0.1)
(1.8 1.262164434 -0.1)
(1.9 1.262164434 -0.1)
(2 1.262164434 -0.1)
(2.1 1.262164434 -0.1)
(2.2 1.262164434 -0.1)
(2.3 1.262164434 -0.1)
(2.4 1.262164434 -0.1)
(2.5 1.262164434 -0.1)
(2.6 1.262164434 -0.1)
(2.7 1.262164434 -0.1)
(2.8 1.262164434 -0.1)
(2.9 1.262164434 -0.1)
(3 1.262164434 -0.1)
(3.1 1.262164434 -0.1)
(3.2 1.262164434 -0.1)
(3.3 1.262164434 -0.1)
(3.4 1.262164434 -0.1)
(3.5 1.262164434 -0.1)
(3.6 1.262164434 -0.1)
(3.7 1.262164434 -0.1)
(3.8 1.262164434 -0.1)
(3.9 1.262164434 -0.1)
(4 1.262164434 -0.1)
(0 1.321942711 -0.1)
(0.1 1.321942711 -0.1)
(0.2 1.321942711 -0.1)
(0.3 1.321942711 -0.1)
(0.4 1.321942711 -0.1)
(0.5 1.321942711 -0.1)
(0.6 1.321942711 -0.1)
(0.7 1.321942711 -0.1)
(0.8 1.321942711 -0.1)
(0.9 1.321942711 -0.1)
(1 1.321942711 -0.1)
(1.1 1.321942711 -0.1)
(1.2 1.321942711 -0.1)
(1.3 1.321942711 -0.1)
(1.4 1.321942711 -0.1)
(1.5 1.321942711 -0.1)
(1.6 1.321942711 -0.1)
(1.7 1.321942711 -0.1)
(1.8 1.321942711 -0.1)
(1.9 1.321942711 -0.1)
(2 1.321942711 -0.1)
(2.1 1.321942711 -0.1)
(2.2 1.321942711 -0.1)
(2.3 1.321942711 -0.1)
(2.4 1.321942711 -0.1)
(2.5 1.321942711 -0.1)
(2.6 1.321942711 -0.1)
(2.7 1.321942711 -0.1)
(2.8 1.321942711 -0.1)
(2.9 1.321942711 -0.1)
(3 1.321942711 -0.1)
(3.1 1.321942711 -0.1)
(3.2 1.321942711 -0.1)
(3.3 1.321942711 -0.1)
(3.4 1.321942711 -0.1)
(3.5 1.321942711 -0.1)
(3.6 1.321942711 -0.1)
(3.7 1.321942711 -0.1)
(3.8 1.321942711 -0.1)
(3.9 1.321942711 -0.1)
(4 1.321942711 -0.1)
(0 1.37957949 -0.1)
(0.1 1.37957949 -0.1)
(0.2 1.37957949 -0.1)
(0.3 1.37957949 -0.1)
(0.4 1.37957949 -0.1)
(0.5 1.37957949 -0.1)
(0.6 1.37957949 -0.1)
(0.7 1.37957949 -0.1)
(0.8 1.37957949 -0.1)
(0.9 1.37957949 -0.1)
(1 1.37957949 -0.1)
(1.1 1.37957949 -0.1)
(1.2 1.37957949 -0.1)
(1.3 1.37957949 -0.1)
(1.4 1.37957949 -0.1)
(1.5 1.37957949 -0.1)
(1.6 1.37957949 -0.1)
(1.7 1.37957949 -0.1)
(1.8 1.37957949 -0.1)
(1.9 1.37957949 -0.1)
(2 1.37957949 -0.1)
(2.1 1.37957949 -0.1)
(2.2 1.37957949 -0.1)
(2.3 1.37957949 -0.1)
(2.4 1.37957949 -0.1)
(2.5 1.37957949 -0.1)
(2.6 1.37957949 -0.1)
(2.7 1.37957949 -0.1)
(2.8 1.37957949 -0.1)
(2.9 1.37957949 -0.1)
(3 1.37957949 -0.1)
(3.1 1.37957949 -0.1)
(3.2 1.37957949 -0.1)
(3.3 1.37957949 -0.1)
(3.4 1.37957949 -0.1)
(3.5 1.37957949 -0.1)
(3.6 1.37957949 -0.1)
(3.7 1.37957949 -0.1)
(3.8 1.37957949 -0.1)
(3.9 1.37957949 -0.1)
(4 1.37957949 -0.1)
(0 1.43515149 -0.1)
(0.1 1.43515149 -0.1)
(0.2 1.43515149 -0.1)
(0.3 1.43515149 -0.1)
(0.4 1.43515149 -0.1)
(0.5 1.43515149 -0.1)
(0.6 1.43515149 -0.1)
(0.7 1.43515149 -0.1)
(0.8 1.43515149 -0.1)
(0.9 1.43515149 -0.1)
(1 1.43515149 -0.1)
(1.1 1.43515149 -0.1)
(1.2 1.43515149 -0.1)
(1.3 1.43515149 -0.1)
(1.4 1.43515149 -0.1)
(1.5 1.43515149 -0.1)
(1.6 1.43515149 -0.1)
(1.7 1.43515149 -0.1)
(1.8 1.43515149 -0.1)
(1.9 1.43515149 -0.1)
(2 1.43515149 -0.1)
(2.1 1.43515149 -0.1)
(2.2 1.43515149 -0.1)
(2.3 1.43515149 -0.1)
(2.4 1.43515149 -0.1)
(2.5 1.43515149 -0.1)
(2.6 1.43515149 -0.1)
(2.7 1.43515149 -0.1)
(2.8 1.43515149 -0.1)
(2.9 1.43515149 -0.1)
(3 1.43515149 -0.1)
(3.1 1.43515149 -0.1)
(3.2 1.43515149 -0.1)
(3.3 1.43515149 -0.1)
(3.4 1.43515149 -0.1)
(3.5 1.43515149 -0.1)
(3.6 1.43515149 -0.1)
(3.7 1.43515149 -0.1)
(3.8 1.43515149 -0.1)
(3.9 1.43515149 -0.1)
(4 1.43515149 -0.1)
(0 1.488732678 -0.1)
(0.1 1.488732678 -0.1)
(0.2 1.488732678 -0.1)
(0.3 1.488732678 -0.1)
(0.4 1.488732678 -0.1)
(0.5 1.488732678 -0.1)
(0.6 1.488732678 -0.1)
(0.7 1.488732678 -0.1)
(0.8 1.488732678 -0.1)
(0.9 1.488732678 -0.1)
(1 1.488732678 -0.1)
(1.1 1.488732678 -0.1)
(1.2 1.488732678 -0.1)
(1.3 1.488732678 -0.1)
(1.4 1.488732678 -0.1)
(1.5 1.488732678 -0.1)
(1.6 1.488732678 -0.1)
(1.7 1.488732678 -0.1)
(1.8 1.488732678 -0.1)
(1.9 1.488732678 -0.1)
(2 1.488732678 -0.1)
(2.1 1.488732678 -0.1)
(2.2 1.488732678 -0.1)
(2.3 1.488732678 -0.1)
(2.4 1.488732678 -0.1)
(2.5 1.488732678 -0.1)
(2.6 1.488732678 -0.1)
(2.7 1.488732678 -0.1)
(2.8 1.488732678 -0.1)
(2.9 1.488732678 -0.1)
(3 1.488732678 -0.1)
(3.1 1.488732678 -0.1)
(3.2 1.488732678 -0.1)
(3.3 1.488732678 -0.1)
(3.4 1.488732678 -0.1)
(3.5 1.488732678 -0.1)
(3.6 1.488732678 -0.1)
(3.7 1.488732678 -0.1)
(3.8 1.488732678 -0.1)
(3.9 1.488732678 -0.1)
(4 1.488732678 -0.1)
(0 1.540394373 -0.1)
(0.1 1.540394373 -0.1)
(0.2 1.540394373 -0.1)
(0.3 1.540394373 -0.1)
(0.4 1.540394373 -0.1)
(0.5 1.540394373 -0.1)
(0.6 1.540394373 -0.1)
(0.7 1.540394373 -0.1)
(0.8 1.540394373 -0.1)
(0.9 1.540394373 -0.1)
(1 1.540394373 -0.1)
(1.1 1.540394373 -0.1)
(1.2 1.540394373 -0.1)
(1.3 1.540394373 -0.1)
(1.4 1.540394373 -0.1)
(1.5 1.540394373 -0.1)
(1.6 1.540394373 -0.1)
(1.7 1.540394373 -0.1)
(1.8 1.540394373 -0.1)
(1.9 1.540394373 -0.1)
(2 1.540394373 -0.1)
(2.1 1.540394373 -0.1)
(2.2 1.540394373 -0.1)
(2.3 1.540394373 -0.1)
(2.4 1.540394373 -0.1)
(2.5 1.540394373 -0.1)
(2.6 1.540394373 -0.1)
(2.7 1.540394373 -0.1)
(2.8 1.540394373 -0.1)
(2.9 1.540394373 -0.1)
(3 1.540394373 -0.1)
(3.1 1.540394373 -0.1)
(3.2 1.540394373 -0.1)
(3.3 1.540394373 -0.1)
(3.4 1.540394373 -0.1)
(3.5 1.540394373 -0.1)
(3.6 1.540394373 -0.1)
(3.7 1.540394373 -0.1)
(3.8 1.540394373 -0.1)
(3.9 1.540394373 -0.1)
(4 1.540394373 -0.1)
(0 1.59020534 -0.1)
(0.1 1.59020534 -0.1)
(0.2 1.59020534 -0.1)
(0.3 1.59020534 -0.1)
(0.4 1.59020534 -0.1)
(0.5 1.59020534 -0.1)
(0.6 1.59020534 -0.1)
(0.7 1.59020534 -0.1)
(0.8 1.59020534 -0.1)
(0.9 1.59020534 -0.1)
(1 1.59020534 -0.1)
(1.1 1.59020534 -0.1)
(1.2 1.59020534 -0.1)
(1.3 1.59020534 -0.1)
(1.4 1.59020534 -0.1)
(1.5 1.59020534 -0.1)
(1.6 1.59020534 -0.1)
(1.7 1.59020534 -0.1)
(1.8 1.59020534 -0.1)
(1.9 1.59020534 -0.1)
(2 1.59020534 -0.1)
(2.1 1.59020534 -0.1)
(2.2 1.59020534 -0.1)
(2.3 1.59020534 -0.1)
(2.4 1.59020534 -0.1)
(2.5 1.59020534 -0.1)
(2.6 1.59020534 -0.1)
(2.7 1.59020534 -0.1)
(2.8 1.59020534 -0.1)
(2.9 1.59020534 -0.1)
(3 1.59020534 -0.1)
(3.1 1.59020534 -0.1)
(3.2 1.59020534 -0.1)
(3.3 1.59020534 -0.1)
(3.4 1.59020534 -0.1)
(3.5 1.59020534 -0.1)
(3.6 1.59020534 -0.1)
(3.7 1.59020534 -0.1)
(3.8 1.59020534 -0.1)
(3.9 1.59020534 -0.1)
(4 1.59020534 -0.1)
(0 1.638231879 -0.1)
(0.1 1.638231879 -0.1)
(0.2 1.638231879 -0.1)
(0.3 1.638231879 -0.1)
(0.4 1.638231879 -0.1)
(0.5 1.638231879 -0.1)
(0.6 1.638231879 -0.1)
(0.7 1.638231879 -0.1)
(0.8 1.638231879 -0.1)
(0.9 1.638231879 -0.1)
(1 1.638231879 -0.1)
(1.1 1.638231879 -0.1)
(1.2 1.638231879 -0.1)
(1.3 1.638231879 -0.1)
(1.4 1.638231879 -0.1)
(1.5 1.638231879 -0.1)
(1.6 1.638231879 -0.1)
(1.7 1.638231879 -0.1)
(1.8 1.638231879 -0.1)
(1.9 1.638231879 -0.1)
(2 1.638231879 -0.1)
(2.1 1.638231879 -0.1)
(2.2 1.638231879 -0.1)
(2.3 1.638231879 -0.1)
(2.4 1.638231879 -0.1)
(2.5 1.638231879 -0.1)
(2.6 1.638231879 -0.1)
(2.7 1.638231879 -0.1)
(2.8 1.638231879 -0.1)
(2.9 1.638231879 -0.1)
(3 1.638231879 -0.1)
(3.1 1.638231879 -0.1)
(3.2 1.638231879 -0.1)
(3.3 1.638231879 -0.1)
(3.4 1.638231879 -0.1)
(3.5 1.638231879 -0.1)
(3.6 1.638231879 -0.1)
(3.7 1.638231879 -0.1)
(3.8 1.638231879 -0.1)
(3.9 1.638231879 -0.1)
(4 1.638231879 -0.1)
(0 1.684537914 -0.1)
(0.1 1.684537914 -0.1)
(0.2 1.684537914 -0.1)
(0.3 1.684537914 -0.1)
(0.4 1.684537914 -0.1)
(0.5 1.684537914 -0.1)
(0.6 1.684537914 -0.1)
(0.7 1.684537914 -0.1)
(0.8 1.684537914 -0.1)
(0.9 1.684537914 -0.1)
(1 1.684537914 -0.1)
(1.1 1.684537914 -0.1)
(1.2 1.684537914 -0.1)
(1.3 1.684537914 -0.1)
(1.4 1.684537914 -0.1)
(1.5 1.684537914 -0.1)
(1.6 1.684537914 -0.1)
(1.7 1.684537914 -0.1)
(1.8 1.684537914 -0.1)
(1.9 1.684537914 -0.1)
(2 1.684537914 -0.1)
(2.1 1.684537914 -0.1)
(2.2 1.684537914 -0.1)
(2.3 1.684537914 -0.1)
(2.4 1.684537914 -0.1)
(2.5 1.684537914 -0.1)
(2.6 1.684537914 -0.1)
(2.7 1.684537914 -0.1)
(2.8 1.684537914 -0.1)
(2.9 1.684537914 -0.1)
(3 1.684537914 -0.1)
(3.1 1.684537914 -0.1)
(3.2 1.684537914 -0.1)
(3.3 1.684537914 -0.1)
(3.4 1.684537914 -0.1)
(3.5 1.684537914 -0.1)
(3.6 1.684537914 -0.1)
(3.7 1.684537914 -0.1)
(3.8 1.684537914 -0.1)
(3.9 1.684537914 -0.1)
(4 1.684537914 -0.1)
(0 1.729185083 -0.1)
(0.1 1.729185083 -0.1)
(0.2 1.729185083 -0.1)
(0.3 1.729185083 -0.1)
(0.4 1.729185083 -0.1)
(0.5 1.729185083 -0.1)
(0.6 1.729185083 -0.1)
(0.7 1.729185083 -0.1)
(0.8 1.729185083 -0.1)
(0.9 1.729185083 -0.1)
(1 1.729185083 -0.1)
(1.1 1.729185083 -0.1)
(1.2 1.729185083 -0.1)
(1.3 1.729185083 -0.1)
(1.4 1.729185083 -0.1)
(1.5 1.729185083 -0.1)
(1.6 1.729185083 -0.1)
(1.7 1.729185083 -0.1)
(1.8 1.729185083 -0.1)
(1.9 1.729185083 -0.1)
(2 1.729185083 -0.1)
(2.1 1.729185083 -0.1)
(2.2 1.729185083 -0.1)
(2.3 1.729185083 -0.1)
(2.4 1.729185083 -0.1)
(2.5 1.729185083 -0.1)
(2.6 1.729185083 -0.1)
(2.7 1.729185083 -0.1)
(2.8 1.729185083 -0.1)
(2.9 1.729185083 -0.1)
(3 1.729185083 -0.1)
(3.1 1.729185083 -0.1)
(3.2 1.729185083 -0.1)
(3.3 1.729185083 -0.1)
(3.4 1.729185083 -0.1)
(3.5 1.729185083 -0.1)
(3.6 1.729185083 -0.1)
(3.7 1.729185083 -0.1)
(3.8 1.729185083 -0.1)
(3.9 1.729185083 -0.1)
(4 1.729185083 -0.1)
(0 1.772232811 -0.1)
(0.1 1.772232811 -0.1)
(0.2 1.772232811 -0.1)
(0.3 1.772232811 -0.1)
(0.4 1.772232811 -0.1)
(0.5 1.772232811 -0.1)
(0.6 1.772232811 -0.1)
(0.7 1.772232811 -0.1)
(0.8 1.772232811 -0.1)
(0.9 1.772232811 -0.1)
(1 1.772232811 -0.1)
(1.1 1.772232811 -0.1)
(1.2 1.772232811 -0.1)
(1.3 1.772232811 -0.1)
(1.4 1.772232811 -0.1)
(1.5 1.772232811 -0.1)
(1.6 1.772232811 -0.1)
(1.7 1.772232811 -0.1)
(1.8 1.772232811 -0.1)
(1.9 1.772232811 -0.1)
(2 1.772232811 -0.1)
(2.1 1.772232811 -0.1)
(2.2 1.772232811 -0.1)
(2.3 1.772232811 -0.1)
(2.4 1.772232811 -0.1)
(2.5 1.772232811 -0.1)
(2.6 1.772232811 -0.1)
(2.7 1.772232811 -0.1)
(2.8 1.772232811 -0.1)
(2.9 1.772232811 -0.1)
(3 1.772232811 -0.1)
(3.1 1.772232811 -0.1)
(3.2 1.772232811 -0.1)
(3.3 1.772232811 -0.1)
(3.4 1.772232811 -0.1)
(3.5 1.772232811 -0.1)
(3.6 1.772232811 -0.1)
(3.7 1.772232811 -0.1)
(3.8 1.772232811 -0.1)
(3.9 1.772232811 -0.1)
(4 1.772232811 -0.1)
(0 1.813738397 -0.1)
(0.1 1.813738397 -0.1)
(0.2 1.813738397 -0.1)
(0.3 1.813738397 -0.1)
(0.4 1.813738397 -0.1)
(0.5 1.813738397 -0.1)
(0.6 1.813738397 -0.1)
(0.7 1.813738397 -0.1)
(0.8 1.813738397 -0.1)
(0.9 1.813738397 -0.1)
(1 1.813738397 -0.1)
(1.1 1.813738397 -0.1)
(1.2 1.813738397 -0.1)
(1.3 1.813738397 -0.1)
(1.4 1.813738397 -0.1)
(1.5 1.813738397 -0.1)
(1.6 1.813738397 -0.1)
(1.7 1.813738397 -0.1)
(1.8 1.813738397 -0.1)
(1.9 1.813738397 -0.1)
(2 1.813738397 -0.1)
(2.1 1.813738397 -0.1)
(2.2 1.813738397 -0.1)
(2.3 1.813738397 -0.1)
(2.4 1.813738397 -0.1)
(2.5 1.813738397 -0.1)
(2.6 1.813738397 -0.1)
(2.7 1.813738397 -0.1)
(2.8 1.813738397 -0.1)
(2.9 1.813738397 -0.1)
(3 1.813738397 -0.1)
(3.1 1.813738397 -0.1)
(3.2 1.813738397 -0.1)
(3.3 1.813738397 -0.1)
(3.4 1.813738397 -0.1)
(3.5 1.813738397 -0.1)
(3.6 1.813738397 -0.1)
(3.7 1.813738397 -0.1)
(3.8 1.813738397 -0.1)
(3.9 1.813738397 -0.1)
(4 1.813738397 -0.1)
(0 1.853757087 -0.1)
(0.1 1.853757087 -0.1)
(0.2 1.853757087 -0.1)
(0.3 1.853757087 -0.1)
(0.4 1.853757087 -0.1)
(0.5 1.853757087 -0.1)
(0.6 1.853757087 -0.1)
(0.7 1.853757087 -0.1)
(0.8 1.853757087 -0.1)
(0.9 1.853757087 -0.1)
(1 1.853757087 -0.1)
(1.1 1.853757087 -0.1)
(1.2 1.853757087 -0.1)
(1.3 1.853757087 -0.1)
(1.4 1.853757087 -0.1)
(1.5 1.853757087 -0.1)
(1.6 1.853757087 -0.1)
(1.7 1.853757087 -0.1)
(1.8 1.853757087 -0.1)
(1.9 1.853757087 -0.1)
(2 1.853757087 -0.1)
(2.1 1.853757087 -0.1)
(2.2 1.853757087 -0.1)
(2.3 1.853757087 -0.1)
(2.4 1.853757087 -0.1)
(2.5 1.853757087 -0.1)
(2.6 1.853757087 -0.1)
(2.7 1.853757087 -0.1)
(2.8 1.853757087 -0.1)
(2.9 1.853757087 -0.1)
(3 1.853757087 -0.1)
(3.1 1.853757087 -0.1)
(3.2 1.853757087 -0.1)
(3.3 1.853757087 -0.1)
(3.4 1.853757087 -0.1)
(3.5 1.853757087 -0.1)
(3.6 1.853757087 -0.1)
(3.7 1.853757087 -0.1)
(3.8 1.853757087 -0.1)
(3.9 1.853757087 -0.1)
(4 1.853757087 -0.1)
(0 1.892342147 -0.1)
(0.1 1.892342147 -0.1)
(0.2 1.892342147 -0.1)
(0.3 1.892342147 -0.1)
(0.4 1.892342147 -0.1)
(0.5 1.892342147 -0.1)
(0.6 1.892342147 -0.1)
(0.7 1.892342147 -0.1)
(0.8 1.892342147 -0.1)
(0.9 1.892342147 -0.1)
(1 1.892342147 -0.1)
(1.1 1.892342147 -0.1)
(1.2 1.892342147 -0.1)
(1.3 1.892342147 -0.1)
(1.4 1.892342147 -0.1)
(1.5 1.892342147 -0.1)
(1.6 1.892342147 -0.1)
(1.7 1.892342147 -0.1)
(1.8 1.892342147 -0.1)
(1.9 1.892342147 -0.1)
(2 1.892342147 -0.1)
(2.1 1.892342147 -0.1)
(2.2 1.892342147 -0.1)
(2.3 1.892342147 -0.1)
(2.4 1.892342147 -0.1)
(2.5 1.892342147 -0.1)
(2.6 1.892342147 -0.1)
(2.7 1.892342147 -0.1)
(2.8 1.892342147 -0.1)
(2.9 1.892342147 -0.1)
(3 1.892342147 -0.1)
(3.1 1.892342147 -0.1)
(3.2 1.892342147 -0.1)
(3.3 1.892342147 -0.1)
(3.4 1.892342147 -0.1)
(3.5 1.892342147 -0.1)
(3.6 1.892342147 -0.1)
(3.7 1.892342147 -0.1)
(3.8 1.892342147 -0.1)
(3.9 1.892342147 -0.1)
(4 1.892342147 -0.1)
(0 1.929544936 -0.1)
(0.1 1.929544936 -0.1)
(0.2 1.929544936 -0.1)
(0.3 1.929544936 -0.1)
(0.4 1.929544936 -0.1)
(0.5 1.929544936 -0.1)
(0.6 1.929544936 -0.1)
(0.7 1.929544936 -0.1)
(0.8 1.929544936 -0.1)
(0.9 1.929544936 -0.1)
(1 1.929544936 -0.1)
(1.1 1.929544936 -0.1)
(1.2 1.929544936 -0.1)
(1.3 1.929544936 -0.1)
(1.4 1.929544936 -0.1)
(1.5 1.929544936 -0.1)
(1.6 1.929544936 -0.1)
(1.7 1.929544936 -0.1)
(1.8 1.929544936 -0.1)
(1.9 1.929544936 -0.1)
(2 1.929544936 -0.1)
(2.1 1.929544936 -0.1)
(2.2 1.929544936 -0.1)
(2.3 1.929544936 -0.1)
(2.4 1.929544936 -0.1)
(2.5 1.929544936 -0.1)
(2.6 1.929544936 -0.1)
(2.7 1.929544936 -0.1)
(2.8 1.929544936 -0.1)
(2.9 1.929544936 -0.1)
(3 1.929544936 -0.1)
(3.1 1.929544936 -0.1)
(3.2 1.929544936 -0.1)
(3.3 1.929544936 -0.1)
(3.4 1.929544936 -0.1)
(3.5 1.929544936 -0.1)
(3.6 1.929544936 -0.1)
(3.7 1.929544936 -0.1)
(3.8 1.929544936 -0.1)
(3.9 1.929544936 -0.1)
(4 1.929544936 -0.1)
(0 1.965414972 -0.1)
(0.1 1.965414972 -0.1)
(0.2 1.965414972 -0.1)
(0.3 1.965414972 -0.1)
(0.4 1.965414972 -0.1)
(0.5 1.965414972 -0.1)
(0.6 1.965414972 -0.1)
(0.7 1.965414972 -0.1)
(0.8 1.965414972 -0.1)
(0.9 1.965414972 -0.1)
(1 1.965414972 -0.1)
(1.1 1.965414972 -0.1)
(1.2 1.965414972 -0.1)
(1.3 1.965414972 -0.1)
(1.4 1.965414972 -0.1)
(1.5 1.965414972 -0.1)
(1.6 1.965414972 -0.1)
(1.7 1.965414972 -0.1)
(1.8 1.965414972 -0.1)
(1.9 1.965414972 -0.1)
(2 1.965414972 -0.1)
(2.1 1.965414972 -0.1)
(2.2 1.965414972 -0.1)
(2.3 1.965414972 -0.1)
(2.4 1.965414972 -0.1)
(2.5 1.965414972 -0.1)
(2.6 1.965414972 -0.1)
(2.7 1.965414972 -0.1)
(2.8 1.965414972 -0.1)
(2.9 1.965414972 -0.1)
(3 1.965414972 -0.1)
(3.1 1.965414972 -0.1)
(3.2 1.965414972 -0.1)
(3.3 1.965414972 -0.1)
(3.4 1.965414972 -0.1)
(3.5 1.965414972 -0.1)
(3.6 1.965414972 -0.1)
(3.7 1.965414972 -0.1)
(3.8 1.965414972 -0.1)
(3.9 1.965414972 -0.1)
(4 1.965414972 -0.1)
(0 2 -0.1)
(0.1 2 -0.1)
(0.2 2 -0.1)
(0.3 2 -0.1)
(0.4 2 -0.1)
(0.5 2 -0.1)
(0.6 2 -0.1)
(0.7 2 -0.1)
(0.8 2 -0.1)
(0.9 2 -0.1)
(1 2 -0.1)
(1.1 2 -0.1)
(1.2 2 -0.1)
(1.3 2 -0.1)
(1.4 2 -0.1)
(1.5 2 -0.1)
(1.6 2 -0.1)
(1.7 2 -0.1)
(1.8 2 -0.1)
(1.9 2 -0.1)
(2 2 -0.1)
(2.1 2 -0.1)
(2.2 2 -0.1)
(2.3 2 -0.1)
(2.4 2 -0.1)
(2.5 2 -0.1)
(2.6 2 -0.1)
(2.7 2 -0.1)
(2.8 2 -0.1)
(2.9 2 -0.1)
(3 2 -0.1)
(3.1 2 -0.1)
(3.2 2 -0.1)
(3.3 2 -0.1)
(3.4 2 -0.1)
(3.5 2 -0.1)
(3.6 2 -0.1)
(3.7 2 -0.1)
(3.8 2 -0.1)
(3.9 2 -0.1)
(4 2 -0.1)
(0 1.069170056 0.1)
(0.1 1.069170056 0.1)
(0.2 1.069170056 0.1)
(0.3 1.069170056 0.1)
(0.4 1.069170056 0.1)
(0.5 1.069170056 0.1)
(0.6 1.069170056 0.1)
(0.7 1.069170056 0.1)
(0.8 1.069170056 0.1)
(0.9 1.069170056 0.1)
(1 1.069170056 0.1)
(1.1 1.069170056 0.1)
(1.2 1.069170056 0.1)
(1.3 1.069170056 0.1)
(1.4 1.069170056 0.1)
(1.5 1.069170056 0.1)
(1.6 1.069170056 0.1)
(1.7 1.069170056 0.1)
(1.8 1.069170056 0.1)
(1.9 1.069170056 0.1)
(2 1.069170056 0.1)
(2.1 1.069170056 0.1)
(2.2 1.069170056 0.1)
(2.3 1.069170056 0.1)
(2.4 1.069170056 0.1)
(2.5 1.069170056 0.1)
(2.6 1.069170056 0.1)
(2.7 1.069170056 0.1)
(2.8 1.069170056 0.1)
(2.9 1.069170056 0.1)
(3 1.069170056 0.1)
(3.1 1.069170056 0.1)
(3.2 1.069170056 0.1)
(3.3 1.069170056 0.1)
(3.4 1.069170056 0.1)
(3.5 1.069170056 0.1)
(3.6 1.069170056 0.1)
(3.7 1.069170056 0.1)
(3.8 1.069170056 0.1)
(3.9 1.069170056 0.1)
(4 1.069170056 0.1)
(0 1.135862164 0.1)
(0.1 1.135862164 0.1)
(0.2 1.135862164 0.1)
(0.3 1.135862164 0.1)
(0.4 1.135862164 0.1)
(0.5 1.135862164 0.1)
(0.6 1.135862164 0.1)
(0.7 1.135862164 0.1)
(0.8 1.135862164 0.1)
(0.9 1.135862164 0.1)
(1 1.135862164 0.1)
(1.1 1.135862164 0.1)
(1.2 1.135862164 0.1)
(1.3 1.135862164 0.1)
(1.4 1.135862164 0.1)
(1.5 1.135862164 0.1)
(1.6 1.135862164 0.1)
(1.7 1.135862164 0.1)
(1.8 1.135862164 0.1)
(1.9 1.135862164 0.1)
(2 1.135862164 0.1)
(2.1 1.135862164 0.1)
(2.2 1.135862164 0.1)
(2.3 1.135862164 0.1)
(2.4 1.135862164 0.1)
(2.5 1.135862164 0.1)
(2.6 1.135862164 0.1)
(2.7 1.135862164 0.1)
(2.8 1.135862164 0.1)
(2.9 1.135862164 0.1)
(3 1.135862164 0.1)
(3.1 1.135862164 0.1)
(3.2 1.135862164 0.1)
(3.3 1.135862164 0.1)
(3.4 1.135862164 0.1)
(3.5 1.135862164 0.1)
(3.6 1.135862164 0.1)
(3.7 1.135862164 0.1)
(3.8 1.135862164 0.1)
(3.9 1.135862164 0.1)
(4 1.135862164 0.1)
(0 1.200165093 0.1)
(0.1 1.200165093 0.1)
(0.2 1.200165093 0.1)
(0.3 1.200165093 0.1)
(0.4 1.200165093 0.1)
(0.5 1.200165093 0.1)
(0.6 1.200165093 0.1)
(0.7 1.200165093 0.1)
(0.8 1.200165093 0.1)
(0.9 1.200165093 0.1)
(1 1.200165093 0.1)
(1.1 1.200165093 0.1)
(1.2 1.200165093 0.1)
(1.3 1.200165093 0.1)
(1.4 1.200165093 0.1)
(1.5 1.200165093 0.1)
(1.6 1.200165093 0.1)
(1.7 1.200165093 0.1)
(1.8 1.200165093 0.1)
(1.9 1.200165093 0.1)
(2 1.200165093 0.1)
(2.1 1.200165093 0.1)
(2.2 1.200165093 0.1)
(2.3 1.200165093 0.1)
(2.4 1.200165093 0.1)
(2.5 1.200165093 0.1)
(2.6 1.200165093 0.1)
(2.7 1.200165093 0.1)
(2.8 1.200165093 0.1)
(2.9 1.200165093 0.1)
(3 1.200165093 0.1)
(3.1 1.200165093 0.1)
(3.2 1.200165093 0.1)
(3.3 1.200165093 0.1)
(3.4 1.200165093 0.1)
(3.5 1.200165093 0.1)
(3.6 1.200165093 0.1)
(3.7 1.200165093 0.1)
(3.8 1.200165093 0.1)
(3.9 1.200165093 0.1)
(4 1.200165093 0.1)
(0 1.262164434 0.1)
(0.1 1.262164434 0.1)
(0.2 1.262164434 0.1)
(0.3 1.262164434 0.1)
(0.4 1.262164434 0.1)
(0.5 1.262164434 0.1)
(0.6 1.262164434 0.1)
(0.7 1.262164434 0.1)
(0.8 1.262164434 0.1)
(0.9 1.262164434 0.1)
(1 1.262164434 0.1)
(1.1 1.262164434 0.1)
(1.2 1.262164434 0.1)
(1.3 1.262164434 0.1)
(1.4 1.262164434 0.1)
(1.5 1.262164434 0.1)
(1.6 1.262164434 0.1)
(1.7 1.262164434 0.1)
(1.8 1.262164434 0.1)
(1.9 1.262164434 0.1)
(2 1.262164434 0.1)
(2.1 1.262164434 0.1)
(2.2 1.262164434 0.1)
(2.3 1.262164434 0.1)
(2.4 1.262164434 0.1)
(2.5 1.262164434 0.1)
(2.6 1.262164434 0.1)
(2.7 1.262164434 0.1)
(2.8 1.262164434 0.1)
(2.9 1.262164434 0.1)
(3 1.262164434 0.1)
(3.1 1.262164434 0.1)
(3.2 1.262164434 0.1)
(3.3 1.262164434 0.1)
(3.4 1.262164434 0.1)
(3.5 1.262164434 0.1)
(3.6 1.262164434 0.1)
(3.7 1.262164434 0.1)
(3.8 1.262164434 0.1)
(3.9 1.262164434 0.1)
(4 1.262164434 0.1)
(0 1.321942711 0.1)
(0.1 1.321942711 0.1)
(0.2 1.321942711 0.1)
(0.3 1.321942711 0.1)
(0.4 1.321942711 0.1)
(0.5 1.321942711 0.1)
(0.6 1.321942711 0.1)
(0.7 1.321942711 0.1)
(0.8 1.321942711 0.1)
(0.9 1.321942711 0.1)
(1 1.321942711 0.1)
(1.1 1.321942711 0.1)
(1.2 1.321942711 0.1)
(1.3 1.321942711 0.1)
(1.4 1.321942711 0.1)
(1.5 1.321942711 0.1)
(1.6 1.321942711 0.1)
(1.7 1.321942711 0.1)
(1.8 1.321942711 0.1)
(1.9 1.321942711 0.1)
(2 1.321942711 0.1)
(2.1 1.321942711 0.1)
(2.2 1.321942711 0.1)
(2.3 1.321942711 0.1)
(2.4 1.321942711 0.1)
(2.5 1.321942711 0.1)
(2.6 1.321942711 0.1)
(2.7 1.321942711 0.1)
(2.8 1.321942711 0.1)
(2.9 1.321942711 0.1)
(3 1.321942711 0.1)
(3.1 1.321942711 0.1)
(3.2 1.321942711 0.1)
(3.3 1.321942711 0.1)
(3.4 1.321942711 0.1)
(3.5 1.321942711 0.1)
(3.6 1.321942711 0.1)
(3.7 1.321942711 0.1)
(3.8 1.321942711 0.1)
(3.9 1.321942711 0.1)
(4 1.321942711 0.1)
(0 1.37957949 0.1)
(0.1 1.37957949 0.1)
(0.2 1.37957949 0.1)
(0.3 1.37957949 0.1)
(0.4 1.37957949 0.1)
(0.5 1.37957949 0.1)
(0.6 1.37957949 0.1)
(0.7 1.37957949 0.1)
(0.8 1.37957949 0.1)
(0.9 1.37957949 0.1)
(1 1.37957949 0.1)
(1.1 1.37957949 0.1)
(1.2 1.37957949 0.1)
(1.3 1.37957949 0.1)
(1.4 1.37957949 0.1)
(1.5 1.37957949 0.1)
(1.6 1.37957949 0.1)
(1.7 1.37957949 0.1)
(1.8 1.37957949 0.1)
(1.9 1.37957949 0.1)
(2 1.37957949 0.1)
(2.1 1.37957949 0.1)
(2.2 1.37957949 0.1)
(2.3 1.37957949 0.1)
(2.4 1.37957949 0.1)
(2.5 1.37957949 0.1)
(2.6 1.37957949 0.1)
(2.7 1.37957949 0.1)
(2.8 1.37957949 0.1)
(2.9 1.37957949 0.1)
(3 1.37957949 0.1)
(3.1 1.37957949 0.1)
(3.2 1.37957949 0.1)
(3.3 1.37957949 0.1)
(3.4 1.37957949 0.1)
(3.5 1.37957949 0.1)
(3.6 1.37957949 0.1)
(3.7 1.37957949 0.1)
(3.8 1.37957949 0.1)
(3.9 1.37957949 0.1)
(4 1.37957949 0.1)
(0 1.43515149 0.1)
(0.1 1.43515149 0.1)
(0.2 1.43515149 0.1)
(0.3 1.43515149 0.1)
(0.4 1.43515149 0.1)
(0.5 1.43515149 0.1)
(0.6 1.43515149 0.1)
(0.7 1.43515149 0.1)
(0.8 1.43515149 0.1)
(0.9 1.43515149 0.1)
(1 1.43515149 0.1)
(1.1 1.43515149 0.1)
(1.2 1.43515149 0.1)
(1.3 1.43515149 0.1)
(1.4 1.43515149 0.1)
(1.5 1.43515149 0.1)
(1.6 1.43515149 0.1)
(1.7 1.43515149 0.1)
(1.8 1.43515149 0.1)
(1.9 1.43515149 0.1)
(2 1.43515149 0.1)
(2.1 1.43515149 0.1)
(2.2 1.43515149 0.1)
(2.3 1.43515149 0.1)
(2.4 1.43515149 0.1)
(2.5 1.43515149 0.1)
(2.6 1.43515149 0.1)
(2.7 1.43515149 0.1)
(2.8 1.43515149 0.1)
(2.9 1.43515149 0.1)
(3 1.43515149 0.1)
(3.1 1.43515149 0.1)
(3.2 1.43515149 0.1)
(3.3 1.43515149 0.1)
(3.4 1.43515149 0.1)
(3.5 1.43515149 0.1)
(3.6 1.43515149 0.1)
(3.7 1.43515149 0.1)
(3.8 1.43515149 0.1)
(3.9 1.43515149 0.1)
(4 1.43515149 0.1)
(0 1.488732678 0.1)
(0.1 1.488732678 0.1)
(0.2 1.488732678 0.1)
(0.3 1.488732678 0.1)
(0.4 1.488732678 0.1)
(0.5 1.488732678 0.1)
(0.6 1.488732678 0.1)
(0.7 1.488732678 0.1)
(0.8 1.488732678 0.1)
(0.9 1.488732678 0.1)
(1 1.488732678 0.1)
(1.1 1.488732678 0.1)
(1.2 1.488732678 0.1)
(1.3 1.488732678 0.1)
(1.4 1.488732678 0.1)
(1.5 1.488732678 0.1)
(1.6 1.488732678 0.1)
(1.7 1.488732678 0.1)
(1.8 1.488732678 0.1)
(1.9 1.488732678 0.1)
(2 1.488732678 0.1)
(2.1 1.488732678 0.1)
(2.2 1.488732678 0.1)
(2.3 1.488732678 0.1)
(2.4 1.488732678 0.1)
(2.5 1.488732678 0.1)
(2.6 1.488732678 0.1)
(2.7 1.488732678 0.1)
(2.8 1.488732678 0.1)
(2.9 1.488732678 0.1)
(3 1.488732678 0.1)
(3.1 1.488732678 0.1)
(3.2 1.488732678 0.1)
(3.3 1.488732678 0.1)
(3.4 1.488732678 0.1)
(3.5 1.488732678 0.1)
(3.6 1.488732678 0.1)
(3.7 1.488732678 0.1)
(3.8 1.488732678 0.1)
(3.9 1.488732678 0.1)
(4 1.488732678 0.1)
(0 1.540394373 0.1)
(0.1 1.540394373 0.1)
(0.2 1.540394373 0.1)
(0.3 1.540394373 0.1)
(0.4 1.540394373 0.1)
(0.5 1.540394373 0.1)
(0.6 1.540394373 0.1)
(0.7 1.540394373 0.1)
(0.8 1.540394373 0.1)
(0.9 1.540394373 0.1)
(1 1.540394373 0.1)
(1.1 1.540394373 0.1)
(1.2 1.540394373 0.1)
(1.3 1.540394373 0.1)
(1.4 1.540394373 0.1)
(1.5 1.540394373 0.1)
(1.6 1.540394373 0.1)
(1.7 1.540394373 0.1)
(1.8 1.540394373 0.1)
(1.9 1.540394373 0.1)
(2 1.540394373 0.1)
(2.1 1.540394373 0.1)
(2.2 1.540394373 0.1)
(2.3 1.540394373 0.1)
(2.4 1.540394373 0.1)
(2.5 1.540394373 0.1)
(2.6 1.540394373 0.1)
(2.7 1.540394373 0.1)
(2.8 1.540394373 0.1)
(2.9 1.540394373 0.1)
(3 1.540394373 0.1)
(3.1 1.540394373 0.1)
(3.2 1.540394373 0.1)
(3.3 1.540394373 0.1)
(3.4 1.540394373 0.1)
(3.5 1.540394373 0.1)
(3.6 1.540394373 0.1)
(3.7 1.540394373 0.1)
(3.8 1.540394373 0.1)
(3.9 1.540394373 0.1)
(4 1.540394373 0.1)
(0 1.59020534 0.1)
(0.1 1.59020534 0.1)
(0.2 1.59020534 0.1)
(0.3 1.59020534 0.1)
(0.4 1.59020534 0.1)
(0.5 1.59020534 0.1)
(0.6 1.59020534 0.1)
(0.7 1.59020534 0.1)
(0.8 1.59020534 0.1)
(0.9 1.59020534 0.1)
(1 1.59020534 0.1)
(1.1 1.59020534 0.1)
(1.2 1.59020534 0.1)
(1.3 1.59020534 0.1)
(1.4 1.59020534 0.1)
(1.5 1.59020534 0.1)
(1.6 1.59020534 0.1)
(1.7 1.59020534 0.1)
(1.8 1.59020534 0.1)
(1.9 1.59020534 0.1)
(2 1.59020534 0.1)
(2.1 1.59020534 0.1)
(2.2 1.59020534 0.1)
(2.3 1.59020534 0.1)
(2.4 1.59020534 0.1)
(2.5 1.59020534 0.1)
(2.6 1.59020534 0.1)
(2.7 1.59020534 0.1)
(2.8 1.59020534 0.1)
(2.9 1.59020534 0.1)
(3 1.59020534 0.1)
(3.1 1.59020534 0.1)
(3.2 1.59020534 0.1)
(3.3 1.59020534 0.1)
(3.4 1.59020534 0.1)
(3.5 1.59020534 0.1)
(3.6 1.59020534 0.1)
(3.7 1.59020534 0.1)
(3.8 1.59020534 0.1)
(3.9 1.59020534 0.1)
(4 1.59020534 0.1)
(0 1.638231879 0.1)
(0.1 1.638231879 0.1)
(0.2 1.638231879 0.1)
(0.3 1.638231879 0.1)
(0.4 1.638231879 0.1)
(0.5 1.638231879 0.1)
(0.6 1.638231879 0.1)
(0.7 1.638231879 0.1)
(0.8 1.638231879 0.1)
(0.9 1.638231879 0.1)
(1 1.638231879 0.1)
(1.1 1.638231879 0.1)
(1.2 1.638231879 0.1)
(1.3 1.638231879 0.1)
(1.4 1.638231879 0.1)
(1.5 1.638231879 0.1)
(1.6 1.638231879 0.1)
(1.7 1.638231879 0.1)
(1.8 1.638231879 0.1)
(1.9 1.638231879 0.1)
(2 1.638231879 0.1)
(2.1 1.638231879 0.1)
(2.2 1.638231879 0.1)
(2.3 1.638231879 0.1)
(2.4 1.638231879 0.1)
(2.5 1.638231879 0.1)
(2.6 1.638231879 0.1)
(2.7 1.638231879 0.1)
(2.8 1.638231879 0.1)
(2.9 1.638231879 0.1)
(3 1.638231879 0.1)
(3.1 1.638231879 0.1)
(3.2 1.638231879 0.1)
(3.3 1.638231879 0.1)
(3.4 1.638231879 0.1)
(3.5 1.638231879 0.1)
(3.6 1.638231879 0.1)
(3.7 1.638231879 0.1)
(3.8 1.638231879 0.1)
(3.9 1.638231879 0.1)
(4 1.638231879 0.1)
(0 1.684537914 0.1)
(0.1 1.684537914 0.1)
(0.2 1.684537914 0.1)
(0.3 1.684537914 0.1)
(0.4 1.684537914 0.1)
(0.5 1.684537914 0.1)
(0.6 1.684537914 0.1)
(0.7 1.684537914 0.1)
(0.8 1.684537914 0.1)
(0.9 1.684537914 0.1)
(1 1.684537914 0.1)
(1.1 1.684537914 0.1)
(1.2 1.684537914 0.1)
(1.3 1.684537914 0.1)
(1.4 1.684537914 0.1)
(1.5 1.684537914 0.1)
(1.6 1.684537914 0.1)
(1.7 1.684537914 0.1)
(1.8 1.684537914 0.1)
(1.9 1.684537914 0.1)
(2 1.684537914 0.1)
(2.1 1.684537914 0.1)
(2.2 1.684537914 0.1)
(2.3 1.684537914 0.1)
(2.4 1.684537914 0.1)
(2.5 1.684537914 0.1)
(2.6 1.684537914 0.1)
(2.7 1.684537914 0.1)
(2.8 1.684537914 0.1)
(2.9 1.684537914 0.1)
(3 1.684537914 0.1)
(3.1 1.684537914 0.1)
(3.2 1.684537914 0.1)
(3.3 1.684537914 0.1)
(3.4 1.684537914 0.1)
(3.5 1.684537914 0.1)
(3.6 1.684537914 0.1)
(3.7 1.684537914 0.1)
(3.8 1.684537914 0.1)
(3.9 1.684537914 0.1)
(4 1.684537914 0.1)
(0 1.729185083 0.1)
(0.1 1.729185083 0.1)
(0.2 1.729185083 0.1)
(0.3 1.729185083 0.1)
(0.4 1.729185083 0.1)
(0.5 1.729185083 0.1)
(0.6 1.729185083 0.1)
(0.7 1.729185083 0.1)
(0.8 1.729185083 0.1)
(0.9 1.729185083 0.1)
(1 1.729185083 0.1)
(1.1 1.729185083 0.1)
(1.2 1.729185083 0.1)
(1.3 1.729185083 0.1)
(1.4 1.729185083 0.1)
(1.5 1.729185083 0.1)
(1.6 1.729185083 0.1)
(1.7 1.729185083 0.1)
(1.8 1.729185083 0.1)
(1.9 1.729185083 0.1)
(2 1.729185083 0.1)
(2.1 1.729185083 0.1)
(2.2 1.729185083 0.1)
(2.3 1.729185083 0.1)
(2.4 1.729185083 0.1)
(2.5 1.729185083 0.1)
(2.6 1.729185083 0.1)
(2.7 1.729185083 0.1)
(2.8 1.729185083 0.1)
(2.9 1.729185083 0.1)
(3 1.729185083 0.1)
(3.1 1.729185083 0.1)
(3.2 1.729185083 0.1)
(3.3 1.729185083 0.1)
(3.4 1.729185083 0.1)
(3.5 1.729185083 0.1)
(3.6 1.729185083 0.1)
(3.7 1.729185083 0.1)
(3.8 1.729185083 0.1)
(3.9 1.729185083 0.1)
(4 1.729185083 0.1)
(0 1.772232811 0.1)
(0.1 1.772232811 0.1)
(0.2 1.772232811 0.1)
(0.3 1.772232811 0.1)
(0.4 1.772232811 0.1)
(0.5 1.772232811 0.1)
(0.6 1.772232811 0.1)
(0.7 1.772232811 0.1)
(0.8 1.772232811 0.1)
(0.9 1.772232811 0.1)
(1 1.772232811 0.1)
(1.1 1.772232811 0.1)
(1.2 1.772232811 0.1)
(1.3 1.772232811 0.1)
(1.4 1.772232811 0.1)
(1.5 1.772232811 0.1)
(1.6 1.772232811 0.1)
(1.7 1.772232811 0.1)
(1.8 1.772232811 0.1)
(1.9 1.772232811 0.1)
(2 1.772232811 0.1)
(2.1 1.772232811 0.1)
(2.2 1.772232811 0.1)
(2.3 1.772232811 0.1)
(2.4 1.772232811 0.1)
(2.5 1.772232811 0.1)
(2.6 1.772232811 0.1)
(2.7 1.772232811 0.1)
(2.8 1.772232811 0.1)
(2.9 1.772232811 0.1)
(3 1.772232811 0.1)
(3.1 1.772232811 0.1)
(3.2 1.772232811 0.1)
(3.3 1.772232811 0.1)
(3.4 1.772232811 0.1)
(3.5 1.772232811 0.1)
(3.6 1.772232811 0.1)
(3.7 1.772232811 0.1)
(3.8 1.772232811 0.1)
(3.9 1.772232811 0.1)
(4 1.772232811 0.1)
(0 1.813738397 0.1)
(0.1 1.813738397 0.1)
(0.2 1.813738397 0.1)
(0.3 1.813738397 0.1)
(0.4 1.813738397 0.1)
(0.5 1.813738397 0.1)
(0.6 1.813738397 0.1)
(0.7 1.813738397 0.1)
(0.8 1.813738397 0.1)
(0.9 1.813738397 0.1)
(1 1.813738397 0.1)
(1.1 1.813738397 0.1)
(1.2 1.813738397 0.1)
(1.3 1.813738397 0.1)
(1.4 1.813738397 0.1)
(1.5 1.813738397 0.1)
(1.6 1.813738397 0.1)
(1.7 1.813738397 0.1)
(1.8 1.813738397 0.1)
(1.9 1.813738397 0.1)
(2 1.813738397 0.1)
(2.1 1.813738397 0.1)
(2.2 1.813738397 0.1)
(2.3 1.813738397 0.1)
(2.4 1.813738397 0.1)
(2.5 1.813738397 0.1)
(2.6 1.813738397 0.1)
(2.7 1.813738397 0.1)
(2.8 1.813738397 0.1)
(2.9 1.813738397 0.1)
(3 1.813738397 0.1)
(3.1 1.813738397 0.1)
(3.2 1.813738397 0.1)
(3.3 1.813738397 0.1)
(3.4 1.813738397 0.1)
(3.5 1.813738397 0.1)
(3.6 1.813738397 0.1)
(3.7 1.813738397 0.1)
(3.8 1.813738397 0.1)
(3.9 1.813738397 0.1)
(4 1.813738397 0.1)
(0 1.853757087 0.1)
(0.1 1.853757087 0.1)
(0.2 1.853757087 0.1)
(0.3 1.853757087 0.1)
(0.4 1.853757087 0.1)
(0.5 1.853757087 0.1)
(0.6 1.853757087 0.1)
(0.7 1.853757087 0.1)
(0.8 1.853757087 0.1)
(0.9 1.853757087 0.1)
(1 1.853757087 0.1)
(1.1 1.853757087 0.1)
(1.2 1.853757087 0.1)
(1.3 1.853757087 0.1)
(1.4 1.853757087 0.1)
(1.5 1.853757087 0.1)
(1.6 1.853757087 0.1)
(1.7 1.853757087 0.1)
(1.8 1.853757087 0.1)
(1.9 1.853757087 0.1)
(2 1.853757087 0.1)
(2.1 1.853757087 0.1)
(2.2 1.853757087 0.1)
(2.3 1.853757087 0.1)
(2.4 1.853757087 0.1)
(2.5 1.853757087 0.1)
(2.6 1.853757087 0.1)
(2.7 1.853757087 0.1)
(2.8 1.853757087 0.1)
(2.9 1.853757087 0.1)
(3 1.853757087 0.1)
(3.1 1.853757087 0.1)
(3.2 1.853757087 0.1)
(3.3 1.853757087 0.1)
(3.4 1.853757087 0.1)
(3.5 1.853757087 0.1)
(3.6 1.853757087 0.1)
(3.7 1.853757087 0.1)
(3.8 1.853757087 0.1)
(3.9 1.853757087 0.1)
(4 1.853757087 0.1)
(0 1.892342147 0.1)
(0.1 1.892342147 0.1)
(0.2 1.892342147 0.1)
(0.3 1.892342147 0.1)
(0.4 1.892342147 0.1)
(0.5 1.892342147 0.1)
(0.6 1.892342147 0.1)
(0.7 1.892342147 0.1)
(0.8 1.892342147 0.1)
(0.9 1.892342147 0.1)
(1 1.892342147 0.1)
(1.1 1.892342147 0.1)
(1.2 1.892342147 0.1)
(1.3 1.892342147 0.1)
(1.4 1.892342147 0.1)
(1.5 1.892342147 0.1)
(1.6 1.892342147 0.1)
(1.7 1.892342147 0.1)
(1.8 1.892342147 0.1)
(1.9 1.892342147 0.1)
(2 1.892342147 0.1)
(2.1 1.892342147 0.1)
(2.2 1.892342147 0.1)
(2.3 1.892342147 0.1)
(2.4 1.892342147 0.1)
(2.5 1.892342147 0.1)
(2.6 1.892342147 0.1)
(2.7 1.892342147 0.1)
(2.8 1.892342147 0.1)
(2.9 1.892342147 0.1)
(3 1.892342147 0.1)
(3.1 1.892342147 0.1)
(3.2 1.892342147 0.1)
(3.3 1.892342147 0.1)
(3.4 1.892342147 0.1)
(3.5 1.892342147 0.1)
(3.6 1.892342147 0.1)
(3.7 1.892342147 0.1)
(3.8 1.892342147 0.1)
(3.9 1.892342147 0.1)
(4 1.892342147 0.1)
(0 1.929544936 0.1)
(0.1 1.929544936 0.1)
(0.2 1.929544936 0.1)
(0.3 1.929544936 0.1)
(0.4 1.929544936 0.1)
(0.5 1.929544936 0.1)
(0.6 1.929544936 0.1)
(0.7 1.929544936 0.1)
(0.8 1.929544936 0.1)
(0.9 1.929544936 0.1)
(1 1.929544936 0.1)
(1.1 1.929544936 0.1)
(1.2 1.929544936 0.1)
(1.3 1.929544936 0.1)
(1.4 1.929544936 0.1)
(1.5 1.929544936 0.1)
(1.6 1.929544936 0.1)
(1.7 1.929544936 0.1)
(1.8 1.929544936 0.1)
(1.9 1.929544936 0.1)
(2 1.929544936 0.1)
(2.1 1.929544936 0.1)
(2.2 1.929544936 0.1)
(2.3 1.929544936 0.1)
(2.4 1.929544936 0.1)
(2.5 1.929544936 0.1)
(2.6 1.929544936 0.1)
(2.7 1.929544936 0.1)
(2.8 1.929544936 0.1)
(2.9 1.929544936 0.1)
(3 1.929544936 0.1)
(3.1 1.929544936 0.1)
(3.2 1.929544936 0.1)
(3.3 1.929544936 0.1)
(3.4 1.929544936 0.1)
(3.5 1.929544936 0.1)
(3.6 1.929544936 0.1)
(3.7 1.929544936 0.1)
(3.8 1.929544936 0.1)
(3.9 1.929544936 0.1)
(4 1.929544936 0.1)
(0 1.965414972 0.1)
(0.1 1.965414972 0.1)
(0.2 1.965414972 0.1)
(0.3 1.965414972 0.1)
(0.4 1.965414972 0.1)
(0.5 1.965414972 0.1)
(0.6 1.965414972 0.1)
(0.7 1.965414972 0.1)
(0.8 1.965414972 0.1)
(0.9 1.965414972 0.1)
(1 1.965414972 0.1)
(1.1 1.965414972 0.1)
(1.2 1.965414972 0.1)
(1.3 1.965414972 0.1)
(1.4 1.965414972 0.1)
(1.5 1.965414972 0.1)
(1.6 1.965414972 0.1)
(1.7 1.965414972 0.1)
(1.8 1.965414972 0.1)
(1.9 1.965414972 0.1)
(2 1.965414972 0.1)
(2.1 1.965414972 0.1)
(2.2 1.965414972 0.1)
(2.3 1.965414972 0.1)
(2.4 1.965414972 0.1)
(2.5 1.965414972 0.1)
(2.6 1.965414972 0.1)
(2.7 1.965414972 0.1)
(2.8 1.965414972 0.1)
(2.9 1.965414972 0.1)
(3 1.965414972 0.1)
(3.1 1.965414972 0.1)
(3.2 1.965414972 0.1)
(3.3 1.965414972 0.1)
(3.4 1.965414972 0.1)
(3.5 1.965414972 0.1)
(3.6 1.965414972 0.1)
(3.7 1.965414972 0.1)
(3.8 1.965414972 0.1)
(3.9 1.965414972 0.1)
(4 1.965414972 0.1)
(0 2 0.1)
(0.1 2 0.1)
(0.2 2 0.1)
(0.3 2 0.1)
(0.4 2 0.1)
(0.5 2 0.1)
(0.6 2 0.1)
(0.7 2 0.1)
(0.8 2 0.1)
(0.9 2 0.1)
(1 2 0.1)
(1.1 2 0.1)
(1.2 2 0.1)
(1.3 2 0.1)
(1.4 2 0.1)
(1.5 2 0.1)
(1.6 2 0.1)
(1.7 2 0.1)
(1.8 2 0.1)
(1.9 2 0.1)
(2 2 0.1)
(2.1 2 0.1)
(2.2 2 0.1)
(2.3 2 0.1)
(2.4 2 0.1)
(2.5 2 0.1)
(2.6 2 0.1)
(2.7 2 0.1)
(2.8 2 0.1)
(2.9 2 0.1)
(3 2 0.1)
(3.1 2 0.1)
(3.2 2 0.1)
(3.3 2 0.1)
(3.4 2 0.1)
(3.5 2 0.1)
(3.6 2 0.1)
(3.7 2 0.1)
(3.8 2 0.1)
(3.9 2 0.1)
(4 2 0.1)
)


// ************************************************************************* //
