/*--------------------------------*- C++ -*----------------------------------*\
  =========                 |
  \\      /  F ield         | OpenFOAM: The Open Source CFD Toolbox
   \\    /   O peration     | Website:  https://openfoam.org
    \\  /    A nd           | Version:  dev
     \\/     M anipulation  |

   OpenFOAM for Windows 20.09 (v1)
   Built by CFD Support, www.cfdsupport.com (based on Symscape).
\*---------------------------------------------------------------------------*/
FoamFile
{
    version     2.0;
    format      ascii;
    class       vectorField;
    location    "constant/polyMesh";
    object      points;
}
// * * * * * * * * * * * * * * * * * * * * * * * * * * * * * * * * * * * * * //


288
(
(0 0.075 0)
(0.05 0.075 0)
(0.1 0.075 0)
(0.15 0.075 0)
(0.2 0.075 0)
(0 0.07583333333 0)
(0.05 0.07583333333 0)
(0.1 0.07583333333 0)
(0.15 0.07583333333 0)
(0.2 0.07583333333 0)
(0 0.07666666667 0)
(0.05 0.07666666667 0)
(0.1 0.07666666667 0)
(0.15 0.07666666667 0)
(0.2 0.07666666667 0)
(0 0.0775 0)
(0.05 0.0775 0)
(0.1 0.0775 0)
(0.15 0.0775 0)
(0.2 0.0775 0)
(0 0.07833333333 0)
(0.05 0.07833333333 0)
(0.1 0.07833333333 0)
(0.15 0.07833333333 0)
(0.2 0.07833333333 0)
(0 0.07916666667 0)
(0.05 0.07916666667 0)
(0.1 0.07916666667 0)
(0.15 0.07916666667 0)
(0.2 0.07916666667 0)
(0 0.08 0)
(0.05 0.08 0)
(0.1 0.08 0)
(0.15 0.08 0)
(0.2 0.08 0)
(0 0.08083333333 0)
(0.05 0.08083333333 0)
(0.1 0.08083333333 0)
(0.15 0.08083333333 0)
(0.2 0.08083333333 0)
(0 0.08166666667 0)
(0.05 0.08166666667 0)
(0.1 0.08166666667 0)
(0.15 0.08166666667 0)
(0.2 0.08166666667 0)
(0 0.0825 0)
(0.05 0.0825 0)
(0.1 0.0825 0)
(0.15 0.0825 0)
(0.2 0.0825 0)
(0 0.08333333333 0)
(0.05 0.08333333333 0)
(0.1 0.08333333333 0)
(0.15 0.08333333333 0)
(0.2 0.08333333333 0)
(0 0.08416666667 0)
(0.05 0.08416666667 0)
(0.1 0.08416666667 0)
(0.15 0.08416666667 0)
(0.2 0.08416666667 0)
(0 0.085 0)
(0.05 0.085 0)
(0.1 0.085 0)
(0.15 0.085 0)
(0.2 0.085 0)
(0 0.08583333333 0)
(0.05 0.08583333333 0)
(0.1 0.08583333333 0)
(0.15 0.08583333333 0)
(0.2 0.08583333333 0)
(0 0.08666666667 0)
(0.05 0.08666666667 0)
(0.1 0.08666666667 0)
(0.15 0.08666666667 0)
(0.2 0.08666666667 0)
(0 0.0875 0)
(0.05 0.0875 0)
(0.1 0.0875 0)
(0.15 0.0875 0)
(0.2 0.0875 0)
(0 0.075 0.001)
(0.05 0.075 0.001)
(0.1 0.075 0.001)
(0.15 0.075 0.001)
(0.2 0.075 0.001)
(0 0.07583333333 0.001)
(0.05 0.07583333333 0.001)
(0.1 0.07583333333 0.001)
(0.15 0.07583333333 0.001)
(0.2 0.07583333333 0.001)
(0 0.07666666667 0.001)
(0.05 0.07666666667 0.001)
(0.1 0.07666666667 0.001)
(0.15 0.07666666667 0.001)
(0.2 0.07666666667 0.001)
(0 0.0775 0.001)
(0.05 0.0775 0.001)
(0.1 0.0775 0.001)
(0.15 0.0775 0.001)
(0.2 0.0775 0.001)
(0 0.07833333333 0.001)
(0.05 0.07833333333 0.001)
(0.1 0.07833333333 0.001)
(0.15 0.07833333333 0.001)
(0.2 0.07833333333 0.001)
(0 0.07916666667 0.001)
(0.05 0.07916666667 0.001)
(0.1 0.07916666667 0.001)
(0.15 0.07916666667 0.001)
(0.2 0.07916666667 0.001)
(0 0.08 0.001)
(0.05 0.08 0.001)
(0.1 0.08 0.001)
(0.15 0.08 0.001)
(0.2 0.08 0.001)
(0 0.08083333333 0.001)
(0.05 0.08083333333 0.001)
(0.1 0.08083333333 0.001)
(0.15 0.08083333333 0.001)
(0.2 0.08083333333 0.001)
(0 0.08166666667 0.001)
(0.05 0.08166666667 0.001)
(0.1 0.08166666667 0.001)
(0.15 0.08166666667 0.001)
(0.2 0.08166666667 0.001)
(0 0.0825 0.001)
(0.05 0.0825 0.001)
(0.1 0.0825 0.001)
(0.15 0.0825 0.001)
(0.2 0.0825 0.001)
(0 0.08333333333 0.001)
(0.05 0.08333333333 0.001)
(0.1 0.08333333333 0.001)
(0.15 0.08333333333 0.001)
(0.2 0.08333333333 0.001)
(0 0.08416666667 0.001)
(0.05 0.08416666667 0.001)
(0.1 0.08416666667 0.001)
(0.15 0.08416666667 0.001)
(0.2 0.08416666667 0.001)
(0 0.085 0.001)
(0.05 0.085 0.001)
(0.1 0.085 0.001)
(0.15 0.085 0.001)
(0.2 0.085 0.001)
(0 0.08583333333 0.001)
(0.05 0.08583333333 0.001)
(0.1 0.08583333333 0.001)
(0.15 0.08583333333 0.001)
(0.2 0.08583333333 0.001)
(0 0.08666666667 0.001)
(0.05 0.08666666667 0.001)
(0.1 0.08666666667 0.001)
(0.15 0.08666666667 0.001)
(0.2 0.08666666667 0.001)
(0 0.0875 0.001)
(0.05 0.0875 0.001)
(0.1 0.0875 0.001)
(0.15 0.0875 0.001)
(0.2 0.0875 0.001)
(0.25 0.075 0)
(0.3 0.075 0)
(0.35 0.075 0)
(0.4 0.075 0)
(0.25 0.07583333333 0)
(0.3 0.07583333333 0)
(0.35 0.07583333333 0)
(0.4 0.07583333333 0)
(0.25 0.07666666667 0)
(0.3 0.07666666667 0)
(0.35 0.07666666667 0)
(0.4 0.07666666667 0)
(0.25 0.0775 0)
(0.3 0.0775 0)
(0.35 0.0775 0)
(0.4 0.0775 0)
(0.25 0.07833333333 0)
(0.3 0.07833333333 0)
(0.35 0.07833333333 0)
(0.4 0.07833333333 0)
(0.25 0.07916666667 0)
(0.3 0.07916666667 0)
(0.35 0.07916666667 0)
(0.4 0.07916666667 0)
(0.25 0.08 0)
(0.3 0.08 0)
(0.35 0.08 0)
(0.4 0.08 0)
(0.25 0.08083333333 0)
(0.3 0.08083333333 0)
(0.35 0.08083333333 0)
(0.4 0.08083333333 0)
(0.25 0.08166666667 0)
(0.3 0.08166666667 0)
(0.35 0.08166666667 0)
(0.4 0.08166666667 0)
(0.25 0.0825 0)
(0.3 0.0825 0)
(0.35 0.0825 0)
(0.4 0.0825 0)
(0.25 0.08333333333 0)
(0.3 0.08333333333 0)
(0.35 0.08333333333 0)
(0.4 0.08333333333 0)
(0.25 0.08416666667 0)
(0.3 0.08416666667 0)
(0.35 0.08416666667 0)
(0.4 0.08416666667 0)
(0.25 0.085 0)
(0.3 0.085 0)
(0.35 0.085 0)
(0.4 0.085 0)
(0.25 0.08583333333 0)
(0.3 0.08583333333 0)
(0.35 0.08583333333 0)
(0.4 0.08583333333 0)
(0.25 0.08666666667 0)
(0.3 0.08666666667 0)
(0.35 0.08666666667 0)
(0.4 0.08666666667 0)
(0.25 0.0875 0)
(0.3 0.0875 0)
(0.35 0.0875 0)
(0.4 0.0875 0)
(0.25 0.075 0.001)
(0.3 0.075 0.001)
(0.35 0.075 0.001)
(0.4 0.075 0.001)
(0.25 0.07583333333 0.001)
(0.3 0.07583333333 0.001)
(0.35 0.07583333333 0.001)
(0.4 0.07583333333 0.001)
(0.25 0.07666666667 0.001)
(0.3 0.07666666667 0.001)
(0.35 0.07666666667 0.001)
(0.4 0.07666666667 0.001)
(0.25 0.0775 0.001)
(0.3 0.0775 0.001)
(0.35 0.0775 0.001)
(0.4 0.0775 0.001)
(0.25 0.07833333333 0.001)
(0.3 0.07833333333 0.001)
(0.35 0.07833333333 0.001)
(0.4 0.07833333333 0.001)
(0.25 0.07916666667 0.001)
(0.3 0.07916666667 0.001)
(0.35 0.07916666667 0.001)
(0.4 0.07916666667 0.001)
(0.25 0.08 0.001)
(0.3 0.08 0.001)
(0.35 0.08 0.001)
(0.4 0.08 0.001)
(0.25 0.08083333333 0.001)
(0.3 0.08083333333 0.001)
(0.35 0.08083333333 0.001)
(0.4 0.08083333333 0.001)
(0.25 0.08166666667 0.001)
(0.3 0.08166666667 0.001)
(0.35 0.08166666667 0.001)
(0.4 0.08166666667 0.001)
(0.25 0.0825 0.001)
(0.3 0.0825 0.001)
(0.35 0.0825 0.001)
(0.4 0.0825 0.001)
(0.25 0.08333333333 0.001)
(0.3 0.08333333333 0.001)
(0.35 0.08333333333 0.001)
(0.4 0.08333333333 0.001)
(0.25 0.08416666667 0.001)
(0.3 0.08416666667 0.001)
(0.35 0.08416666667 0.001)
(0.4 0.08416666667 0.001)
(0.25 0.085 0.001)
(0.3 0.085 0.001)
(0.35 0.085 0.001)
(0.4 0.085 0.001)
(0.25 0.08583333333 0.001)
(0.3 0.08583333333 0.001)
(0.35 0.08583333333 0.001)
(0.4 0.08583333333 0.001)
(0.25 0.08666666667 0.001)
(0.3 0.08666666667 0.001)
(0.35 0.08666666667 0.001)
(0.4 0.08666666667 0.001)
(0.25 0.0875 0.001)
(0.3 0.0875 0.001)
(0.35 0.0875 0.001)
(0.4 0.0875 0.001)
)


// ************************************************************************* //
