/*--------------------------------*- C++ -*----------------------------------*\
  =========                 |
  \\      /  F ield         | OpenFOAM: The Open Source CFD Toolbox
   \\    /   O peration     | Website:  https://openfoam.org
    \\  /    A nd           | Version:  dev
     \\/     M anipulation  |

   OpenFOAM for Windows 20.09 (v1)
   Built by CFD Support, www.cfdsupport.com (based on Symscape).
\*---------------------------------------------------------------------------*/
FoamFile
{
    version     2.0;
    format      ascii;
    class       volScalarField;
    location    "50";
    object      nut;
}
// * * * * * * * * * * * * * * * * * * * * * * * * * * * * * * * * * * * * * //

dimensions      [0 2 -1 0 0 0 0];

internalField   nonuniform List<scalar> 
1600
(
0.000207414
0.000207413
0.000207413
0.000207412
0.000207413
0.000207413
0.000207413
0.000207413
0.000207413
0.000207414
0.000207414
0.000207414
0.000207415
0.000207415
0.000207416
0.000207416
0.000207416
0.000207417
0.000207417
0.000207418
0.000207418
0.000207419
0.000207419
0.00020742
0.00020742
0.00020742
0.000207421
0.000207421
0.000207421
0.000207421
0.000207421
0.000207422
0.000207422
0.000207421
0.000207421
0.00020742
0.000207418
0.000207416
0.000207413
0.000207414
0.000547122
0.00054712
0.000547121
0.000547123
0.000547123
0.000547124
0.000547125
0.000547126
0.000547127
0.000547127
0.000547128
0.000547129
0.000547129
0.00054713
0.00054713
0.00054713
0.000547131
0.000547131
0.000547132
0.000547132
0.000547133
0.000547133
0.000547133
0.000547134
0.000547134
0.000547134
0.000547134
0.000547134
0.000547135
0.000547135
0.000547135
0.000547135
0.000547135
0.000547135
0.000547136
0.000547136
0.000547133
0.00054713
0.000547125
0.000547124
0.000879705
0.000879704
0.000879707
0.000879709
0.00087971
0.000879711
0.000879712
0.000879714
0.000879715
0.000879715
0.000879716
0.000879717
0.000879718
0.000879718
0.000879719
0.00087972
0.00087972
0.000879721
0.000879721
0.000879722
0.000879722
0.000879722
0.000879723
0.000879723
0.000879723
0.000879723
0.000879723
0.000879723
0.000879723
0.000879723
0.000879723
0.000879723
0.000879724
0.000879724
0.000879725
0.000879726
0.000879723
0.000879718
0.00087971
0.000879709
0.00119681
0.00119682
0.00119682
0.00119682
0.00119682
0.00119682
0.00119683
0.00119683
0.00119683
0.00119683
0.00119683
0.00119683
0.00119683
0.00119683
0.00119683
0.00119683
0.00119683
0.00119683
0.00119684
0.00119684
0.00119684
0.00119684
0.00119684
0.00119684
0.00119684
0.00119684
0.00119684
0.00119684
0.00119684
0.00119684
0.00119684
0.00119684
0.00119684
0.00119684
0.00119684
0.00119684
0.00119684
0.00119683
0.00119682
0.00119682
0.00149157
0.00149158
0.00149158
0.00149158
0.00149157
0.00149157
0.00149157
0.00149157
0.00149158
0.00149158
0.00149158
0.00149158
0.00149158
0.00149158
0.00149158
0.00149158
0.00149158
0.00149158
0.00149158
0.00149158
0.00149158
0.00149158
0.00149158
0.00149158
0.00149158
0.00149158
0.00149158
0.00149158
0.00149158
0.00149158
0.00149158
0.00149158
0.00149158
0.00149158
0.00149158
0.00149159
0.00149158
0.00149158
0.00149156
0.00149156
0.00176152
0.00176152
0.00176152
0.00176152
0.00176151
0.00176151
0.00176151
0.00176151
0.00176151
0.00176151
0.00176151
0.00176151
0.00176151
0.00176151
0.00176151
0.00176152
0.00176152
0.00176152
0.00176152
0.00176152
0.00176152
0.00176152
0.00176152
0.00176152
0.00176152
0.00176152
0.00176152
0.00176152
0.00176151
0.00176151
0.00176151
0.00176151
0.00176151
0.00176152
0.00176152
0.00176152
0.00176152
0.00176151
0.00176149
0.00176149
0.00200668
0.00200669
0.00200668
0.00200668
0.00200667
0.00200667
0.00200666
0.00200666
0.00200666
0.00200667
0.00200666
0.00200666
0.00200667
0.00200667
0.00200667
0.00200667
0.00200667
0.00200667
0.00200667
0.00200667
0.00200667
0.00200667
0.00200667
0.00200667
0.00200667
0.00200667
0.00200666
0.00200666
0.00200666
0.00200666
0.00200666
0.00200666
0.00200666
0.00200666
0.00200666
0.00200667
0.00200667
0.00200666
0.00200664
0.00200664
0.00222828
0.00222828
0.00222827
0.00222827
0.00222826
0.00222825
0.00222825
0.00222825
0.00222825
0.00222825
0.00222825
0.00222825
0.00222825
0.00222825
0.00222825
0.00222825
0.00222825
0.00222825
0.00222825
0.00222825
0.00222825
0.00222825
0.00222825
0.00222825
0.00222825
0.00222825
0.00222825
0.00222825
0.00222824
0.00222824
0.00222824
0.00222824
0.00222824
0.00222824
0.00222824
0.00222825
0.00222825
0.00222824
0.00222821
0.00222822
0.00242799
0.00242799
0.00242799
0.00242798
0.00242797
0.00242796
0.00242796
0.00242796
0.00242796
0.00242796
0.00242796
0.00242796
0.00242797
0.00242797
0.00242796
0.00242796
0.00242796
0.00242796
0.00242796
0.00242796
0.00242796
0.00242796
0.00242796
0.00242796
0.00242796
0.00242796
0.00242796
0.00242796
0.00242795
0.00242795
0.00242795
0.00242795
0.00242795
0.00242795
0.00242795
0.00242795
0.00242795
0.00242794
0.00242792
0.00242792
0.0026076
0.0026076
0.00260761
0.0026076
0.00260758
0.00260758
0.00260757
0.00260757
0.00260757
0.00260758
0.00260758
0.00260758
0.00260758
0.00260758
0.00260758
0.00260758
0.00260758
0.00260758
0.00260758
0.00260758
0.00260758
0.00260758
0.00260758
0.00260758
0.00260757
0.00260757
0.00260757
0.00260757
0.00260757
0.00260757
0.00260756
0.00260756
0.00260756
0.00260756
0.00260756
0.00260756
0.00260756
0.00260755
0.00260753
0.00260753
0.00276875
0.00276876
0.00276876
0.00276875
0.00276874
0.00276874
0.00276873
0.00276873
0.00276873
0.00276874
0.00276874
0.00276874
0.00276874
0.00276874
0.00276874
0.00276874
0.00276874
0.00276874
0.00276874
0.00276874
0.00276874
0.00276874
0.00276874
0.00276874
0.00276874
0.00276874
0.00276873
0.00276873
0.00276873
0.00276873
0.00276872
0.00276872
0.00276872
0.00276872
0.00276872
0.00276872
0.00276872
0.00276871
0.00276868
0.00276868
0.00291285
0.00291286
0.00291287
0.00291286
0.00291285
0.00291284
0.00291284
0.00291284
0.00291284
0.00291284
0.00291284
0.00291284
0.00291284
0.00291285
0.00291285
0.00291284
0.00291284
0.00291284
0.00291285
0.00291285
0.00291285
0.00291285
0.00291285
0.00291284
0.00291284
0.00291284
0.00291284
0.00291283
0.00291283
0.00291283
0.00291283
0.00291283
0.00291283
0.00291283
0.00291282
0.00291282
0.00291282
0.00291281
0.00291278
0.00291278
0.003041
0.00304102
0.00304101
0.00304101
0.003041
0.00304099
0.00304098
0.00304098
0.00304098
0.00304099
0.00304099
0.00304099
0.00304099
0.00304099
0.00304099
0.00304099
0.00304099
0.00304099
0.00304099
0.00304099
0.00304099
0.00304099
0.00304099
0.00304099
0.00304099
0.00304099
0.00304098
0.00304098
0.00304098
0.00304098
0.00304097
0.00304097
0.00304097
0.00304097
0.00304097
0.00304097
0.00304097
0.00304095
0.00304093
0.00304093
0.00315398
0.00315398
0.00315398
0.00315397
0.00315395
0.00315394
0.00315393
0.00315394
0.00315394
0.00315394
0.00315394
0.00315394
0.00315394
0.00315394
0.00315394
0.00315394
0.00315394
0.00315395
0.00315395
0.00315395
0.00315394
0.00315394
0.00315394
0.00315394
0.00315394
0.00315394
0.00315394
0.00315393
0.00315393
0.00315393
0.00315393
0.00315393
0.00315393
0.00315392
0.00315392
0.00315392
0.00315392
0.00315391
0.00315389
0.00315389
0.00325218
0.00325218
0.00325218
0.00325217
0.00325215
0.00325214
0.00325214
0.00325213
0.00325214
0.00325214
0.00325214
0.00325214
0.00325214
0.00325214
0.00325214
0.00325214
0.00325214
0.00325214
0.00325214
0.00325214
0.00325214
0.00325214
0.00325214
0.00325214
0.00325214
0.00325214
0.00325214
0.00325213
0.00325213
0.00325213
0.00325213
0.00325213
0.00325213
0.00325213
0.00325213
0.00325213
0.00325213
0.00325212
0.0032521
0.0032521
0.00333573
0.00333572
0.00333573
0.00333572
0.00333571
0.00333569
0.00333569
0.00333568
0.00333569
0.00333569
0.00333569
0.00333569
0.00333569
0.00333569
0.00333569
0.00333569
0.00333569
0.00333569
0.00333569
0.00333569
0.00333569
0.00333569
0.00333569
0.00333569
0.00333569
0.00333569
0.00333569
0.00333569
0.00333569
0.00333569
0.00333569
0.00333569
0.00333569
0.00333569
0.00333569
0.00333569
0.00333569
0.00333568
0.00333565
0.00333565
0.00340439
0.0034044
0.00340441
0.0034044
0.00340438
0.00340437
0.00340436
0.00340436
0.00340436
0.00340437
0.00340437
0.00340437
0.00340437
0.00340437
0.00340437
0.00340437
0.00340437
0.00340437
0.00340437
0.00340437
0.00340437
0.00340437
0.00340437
0.00340437
0.00340437
0.00340437
0.00340437
0.00340437
0.00340437
0.00340437
0.00340437
0.00340437
0.00340437
0.00340437
0.00340438
0.00340438
0.00340438
0.00340437
0.00340434
0.00340433
0.00345763
0.00345765
0.00345765
0.00345764
0.00345763
0.00345762
0.00345761
0.00345761
0.00345761
0.00345761
0.00345761
0.00345761
0.00345761
0.00345761
0.00345761
0.00345762
0.00345762
0.00345762
0.00345762
0.00345762
0.00345762
0.00345762
0.00345762
0.00345762
0.00345762
0.00345762
0.00345762
0.00345762
0.00345762
0.00345763
0.00345763
0.00345763
0.00345763
0.00345763
0.00345763
0.00345764
0.00345763
0.00345762
0.00345759
0.00345758
0.00349456
0.00349457
0.00349457
0.00349456
0.00349455
0.00349453
0.00349453
0.00349453
0.00349453
0.00349453
0.00349453
0.00349453
0.00349453
0.00349453
0.00349453
0.00349453
0.00349453
0.00349453
0.00349453
0.00349453
0.00349453
0.00349453
0.00349453
0.00349453
0.00349454
0.00349454
0.00349454
0.00349454
0.00349455
0.00349455
0.00349455
0.00349455
0.00349455
0.00349456
0.00349456
0.00349456
0.00349456
0.00349454
0.00349451
0.0034945
0.00351388
0.00351389
0.00351388
0.00351387
0.00351386
0.00351385
0.00351384
0.00351384
0.00351384
0.00351384
0.00351384
0.00351384
0.00351384
0.00351384
0.00351384
0.00351384
0.00351384
0.00351384
0.00351384
0.00351384
0.00351384
0.00351384
0.00351385
0.00351385
0.00351385
0.00351385
0.00351386
0.00351386
0.00351386
0.00351387
0.00351387
0.00351387
0.00351387
0.00351387
0.00351387
0.00351388
0.00351387
0.00351386
0.00351383
0.00351382
0.00351388
0.00351388
0.00351388
0.00351387
0.00351386
0.00351384
0.00351384
0.00351384
0.00351384
0.00351384
0.00351384
0.00351384
0.00351384
0.00351384
0.00351385
0.00351385
0.00351384
0.00351384
0.00351384
0.00351384
0.00351384
0.00351384
0.00351385
0.00351385
0.00351385
0.00351385
0.00351386
0.00351386
0.00351386
0.00351387
0.00351387
0.00351387
0.00351387
0.00351387
0.00351387
0.00351387
0.00351387
0.00351385
0.00351383
0.00351381
0.00349456
0.00349457
0.00349457
0.00349456
0.00349454
0.00349453
0.00349452
0.00349453
0.00349453
0.00349453
0.00349453
0.00349453
0.00349453
0.00349453
0.00349453
0.00349453
0.00349453
0.00349453
0.00349453
0.00349453
0.00349453
0.00349453
0.00349453
0.00349454
0.00349454
0.00349454
0.00349454
0.00349455
0.00349455
0.00349455
0.00349455
0.00349455
0.00349456
0.00349456
0.00349456
0.00349456
0.00349455
0.00349454
0.00349451
0.0034945
0.00345765
0.00345766
0.00345765
0.00345764
0.00345762
0.00345761
0.0034576
0.00345761
0.00345761
0.00345761
0.00345761
0.00345761
0.00345761
0.00345761
0.00345761
0.00345761
0.00345761
0.00345762
0.00345761
0.00345762
0.00345762
0.00345762
0.00345761
0.00345761
0.00345762
0.00345762
0.00345762
0.00345762
0.00345762
0.00345762
0.00345763
0.00345763
0.00345763
0.00345763
0.00345763
0.00345763
0.00345763
0.00345761
0.00345759
0.00345757
0.0034044
0.0034044
0.0034044
0.00340439
0.00340437
0.00340436
0.00340435
0.00340435
0.00340436
0.00340436
0.00340436
0.00340436
0.00340436
0.00340436
0.00340436
0.00340436
0.00340436
0.00340436
0.00340436
0.00340436
0.00340436
0.00340436
0.00340436
0.00340436
0.00340436
0.00340436
0.00340436
0.00340436
0.00340437
0.00340437
0.00340437
0.00340437
0.00340437
0.00340437
0.00340437
0.00340438
0.00340437
0.00340435
0.00340433
0.00340432
0.00333571
0.00333571
0.00333571
0.0033357
0.00333568
0.00333567
0.00333567
0.00333567
0.00333567
0.00333567
0.00333567
0.00333567
0.00333567
0.00333568
0.00333568
0.00333568
0.00333568
0.00333568
0.00333568
0.00333568
0.00333568
0.00333568
0.00333568
0.00333568
0.00333568
0.00333568
0.00333568
0.00333568
0.00333568
0.00333568
0.00333568
0.00333568
0.00333568
0.00333568
0.00333568
0.00333569
0.00333568
0.00333566
0.00333564
0.00333563
0.00325215
0.00325214
0.00325215
0.00325214
0.00325212
0.00325211
0.00325211
0.00325211
0.00325211
0.00325211
0.00325211
0.00325211
0.00325211
0.00325212
0.00325211
0.00325212
0.00325212
0.00325212
0.00325212
0.00325212
0.00325212
0.00325212
0.00325212
0.00325212
0.00325211
0.00325211
0.00325212
0.00325212
0.00325212
0.00325212
0.00325212
0.00325212
0.00325212
0.00325212
0.00325212
0.00325212
0.00325212
0.0032521
0.00325207
0.00325207
0.00315391
0.00315393
0.00315393
0.00315392
0.00315391
0.0031539
0.0031539
0.0031539
0.0031539
0.0031539
0.0031539
0.0031539
0.0031539
0.0031539
0.0031539
0.0031539
0.0031539
0.00315391
0.00315391
0.00315391
0.00315391
0.00315391
0.0031539
0.0031539
0.0031539
0.0031539
0.00315391
0.00315391
0.0031539
0.0031539
0.0031539
0.0031539
0.0031539
0.00315391
0.00315391
0.00315391
0.0031539
0.00315388
0.00315386
0.00315385
0.00304094
0.00304096
0.00304096
0.00304096
0.00304095
0.00304094
0.00304094
0.00304094
0.00304094
0.00304094
0.00304094
0.00304094
0.00304093
0.00304094
0.00304094
0.00304094
0.00304094
0.00304094
0.00304094
0.00304094
0.00304094
0.00304094
0.00304094
0.00304094
0.00304094
0.00304094
0.00304094
0.00304094
0.00304094
0.00304094
0.00304094
0.00304094
0.00304094
0.00304094
0.00304094
0.00304094
0.00304094
0.00304092
0.00304089
0.00304088
0.00291279
0.00291281
0.00291281
0.0029128
0.00291279
0.00291279
0.00291279
0.00291279
0.00291279
0.00291279
0.00291279
0.00291278
0.00291278
0.00291278
0.00291278
0.00291278
0.00291279
0.00291279
0.00291279
0.00291279
0.00291279
0.00291279
0.00291279
0.00291279
0.00291279
0.00291279
0.00291279
0.00291279
0.00291279
0.00291278
0.00291278
0.00291278
0.00291278
0.00291278
0.00291279
0.00291279
0.00291278
0.00291276
0.00291274
0.00291273
0.00276869
0.0027687
0.0027687
0.00276869
0.00276868
0.00276868
0.00276868
0.00276868
0.00276868
0.00276868
0.00276868
0.00276867
0.00276868
0.00276868
0.00276868
0.00276868
0.00276868
0.00276868
0.00276868
0.00276868
0.00276868
0.00276868
0.00276868
0.00276868
0.00276868
0.00276868
0.00276868
0.00276868
0.00276867
0.00276867
0.00276867
0.00276867
0.00276867
0.00276867
0.00276868
0.00276868
0.00276868
0.00276865
0.00276863
0.00276862
0.00260752
0.00260753
0.00260754
0.00260753
0.00260752
0.00260752
0.00260752
0.00260752
0.00260752
0.00260752
0.00260751
0.00260752
0.00260752
0.00260751
0.00260752
0.00260751
0.00260752
0.00260752
0.00260752
0.00260752
0.00260752
0.00260751
0.00260751
0.00260751
0.00260751
0.00260751
0.00260751
0.00260751
0.00260751
0.00260751
0.00260751
0.00260751
0.00260751
0.00260752
0.00260752
0.00260752
0.00260751
0.00260749
0.00260747
0.00260747
0.00242791
0.00242792
0.00242792
0.00242791
0.00242791
0.0024279
0.0024279
0.0024279
0.0024279
0.0024279
0.0024279
0.0024279
0.0024279
0.0024279
0.0024279
0.0024279
0.0024279
0.0024279
0.0024279
0.0024279
0.0024279
0.0024279
0.0024279
0.0024279
0.0024279
0.0024279
0.0024279
0.0024279
0.0024279
0.0024279
0.0024279
0.0024279
0.0024279
0.00242791
0.00242791
0.00242791
0.0024279
0.00242788
0.00242786
0.00242786
0.00222819
0.0022282
0.00222821
0.0022282
0.00222819
0.00222819
0.00222819
0.00222819
0.00222819
0.00222819
0.00222819
0.00222819
0.00222819
0.00222819
0.00222819
0.00222819
0.00222819
0.00222819
0.00222819
0.00222819
0.00222819
0.00222819
0.0022282
0.0022282
0.0022282
0.0022282
0.0022282
0.0022282
0.0022282
0.0022282
0.0022282
0.0022282
0.0022282
0.0022282
0.0022282
0.0022282
0.0022282
0.00222818
0.00222816
0.00222815
0.00200661
0.00200662
0.00200662
0.00200662
0.00200661
0.00200661
0.00200661
0.00200661
0.00200661
0.00200661
0.00200661
0.00200661
0.00200661
0.00200661
0.00200661
0.00200661
0.00200661
0.00200661
0.00200662
0.00200662
0.00200662
0.00200662
0.00200662
0.00200662
0.00200662
0.00200662
0.00200662
0.00200662
0.00200662
0.00200662
0.00200662
0.00200662
0.00200662
0.00200662
0.00200663
0.00200663
0.00200662
0.0020066
0.00200658
0.00200658
0.00176146
0.00176147
0.00176147
0.00176146
0.00176146
0.00176146
0.00176146
0.00176146
0.00176146
0.00176146
0.00176146
0.00176146
0.00176146
0.00176147
0.00176147
0.00176147
0.00176147
0.00176147
0.00176147
0.00176147
0.00176148
0.00176148
0.00176148
0.00176148
0.00176148
0.00176148
0.00176148
0.00176148
0.00176148
0.00176148
0.00176148
0.00176148
0.00176148
0.00176148
0.00176148
0.00176148
0.00176147
0.00176146
0.00176144
0.00176144
0.00149153
0.00149154
0.00149153
0.00149153
0.00149153
0.00149153
0.00149153
0.00149153
0.00149153
0.00149153
0.00149153
0.00149153
0.00149154
0.00149154
0.00149154
0.00149154
0.00149154
0.00149155
0.00149155
0.00149155
0.00149155
0.00149155
0.00149155
0.00149155
0.00149155
0.00149155
0.00149155
0.00149155
0.00149155
0.00149155
0.00149155
0.00149155
0.00149155
0.00149155
0.00149155
0.00149155
0.00149154
0.00149153
0.00149152
0.00149151
0.00119679
0.00119679
0.00119679
0.00119679
0.00119679
0.00119679
0.00119679
0.00119679
0.00119679
0.00119679
0.0011968
0.0011968
0.0011968
0.0011968
0.0011968
0.0011968
0.00119681
0.00119681
0.00119681
0.00119681
0.00119681
0.00119681
0.00119681
0.00119681
0.00119681
0.00119681
0.00119681
0.00119681
0.00119681
0.00119681
0.00119681
0.00119681
0.00119681
0.00119681
0.00119681
0.00119681
0.0011968
0.0011968
0.00119679
0.00119678
0.000879683
0.000879683
0.000879682
0.000879682
0.000879683
0.000879684
0.000879686
0.000879687
0.000879689
0.00087969
0.000879692
0.000879693
0.000879694
0.000879696
0.000879697
0.000879698
0.000879699
0.0008797
0.000879701
0.000879702
0.000879703
0.000879703
0.000879704
0.000879704
0.000879704
0.000879704
0.000879704
0.000879704
0.000879704
0.000879704
0.000879704
0.000879704
0.000879705
0.000879705
0.000879705
0.000879702
0.000879697
0.000879693
0.000879685
0.000879681
0.000547107
0.000547106
0.000547106
0.000547107
0.000547107
0.000547108
0.000547109
0.00054711
0.000547111
0.000547112
0.000547113
0.000547114
0.000547114
0.000547115
0.000547116
0.000547117
0.000547118
0.000547119
0.000547119
0.00054712
0.00054712
0.000547121
0.000547121
0.000547121
0.000547121
0.000547122
0.000547122
0.000547122
0.000547122
0.000547122
0.000547122
0.000547122
0.000547122
0.000547122
0.000547122
0.00054712
0.000547117
0.000547114
0.00054711
0.000547107
0.000207405
0.000207405
0.000207404
0.000207404
0.000207404
0.000207404
0.000207404
0.000207404
0.000207405
0.000207405
0.000207405
0.000207406
0.000207406
0.000207407
0.000207407
0.000207408
0.000207408
0.000207409
0.000207409
0.00020741
0.00020741
0.00020741
0.000207411
0.000207411
0.000207411
0.000207412
0.000207412
0.000207412
0.000207412
0.000207412
0.000207412
0.000207412
0.000207412
0.000207412
0.000207411
0.00020741
0.000207408
0.000207407
0.000207405
0.000207405
)
;

boundaryField
{
    bottomWall
    {
        type            nutkWallFunction;
        Cmu             0.09;
        kappa           0.41;
        E               9.8;
        value           uniform 0;
    }
    topWall
    {
        type            nutkWallFunction;
        Cmu             0.09;
        kappa           0.41;
        E               9.8;
        value           uniform 0;
    }
    sides1_half0
    {
        type            empty;
    }
    sides1_half1
    {
        type            empty;
    }
    sides2_half0
    {
        type            empty;
    }
    sides2_half1
    {
        type            empty;
    }
    inout1_half0
    {
        type            cyclic;
    }
    inout1_half1
    {
        type            cyclic;
    }
    inout2_half0
    {
        type            cyclic;
    }
    inout2_half1
    {
        type            cyclic;
    }
}


// ************************************************************************* //
