/*--------------------------------*- C++ -*----------------------------------*\
  =========                 |
  \\      /  F ield         | OpenFOAM: The Open Source CFD Toolbox
   \\    /   O peration     | Website:  https://openfoam.org
    \\  /    A nd           | Version:  dev
     \\/     M anipulation  |

   OpenFOAM for Windows 20.09 (v1)
   Built by CFD Support, www.cfdsupport.com (based on Symscape).
\*---------------------------------------------------------------------------*/
FoamFile
{
    version     2.0;
    format      ascii;
    class       volSymmTensorField;
    location    "4";
    object      R;
}
// * * * * * * * * * * * * * * * * * * * * * * * * * * * * * * * * * * * * * //

dimensions      [0 2 -2 0 0 0 0];

internalField   nonuniform List<symmTensor> 
960
(
(1.4803e-16 -1.06766e-20 0 1.4803e-16 0 1.4803e-16)
(1.4803e-16 -1.06394e-20 0 1.4803e-16 0 1.4803e-16)
(1.4803e-16 -1.07108e-20 0 1.4803e-16 0 1.4803e-16)
(1.4803e-16 -1.06612e-20 0 1.4803e-16 0 1.4803e-16)
(1.4803e-16 -5.44058e-20 0 1.4803e-16 0 1.4803e-16)
(1.4803e-16 -5.44673e-20 0 1.4803e-16 0 1.4803e-16)
(1.4803e-16 -5.46591e-20 0 1.4803e-16 0 1.4803e-16)
(1.4803e-16 -5.43549e-20 0 1.4803e-16 0 1.4803e-16)
(1.4803e-16 -1.39516e-19 0 1.4803e-16 0 1.4803e-16)
(1.4803e-16 -1.39706e-19 0 1.4803e-16 0 1.4803e-16)
(1.4803e-16 -1.40186e-19 0 1.4803e-16 0 1.4803e-16)
(1.4803e-16 -1.39432e-19 0 1.4803e-16 0 1.4803e-16)
(1.4803e-16 -2.57561e-19 0 1.4803e-16 0 1.4803e-16)
(1.4803e-16 -2.57925e-19 0 1.4803e-16 0 1.4803e-16)
(1.4803e-16 -2.58706e-19 0 1.4803e-16 0 1.4803e-16)
(1.4803e-16 -2.57425e-19 0 1.4803e-16 0 1.4803e-16)
(1.4803e-16 -3.93743e-19 0 1.48029e-16 0 1.4803e-16)
(1.4803e-16 -3.94561e-19 0 1.4803e-16 0 1.4803e-16)
(1.4803e-16 -3.95393e-19 0 1.4803e-16 0 1.4803e-16)
(1.4803e-16 -3.93613e-19 0 1.48029e-16 0 1.4803e-16)
(1.4803e-16 -5.30476e-19 0 1.48029e-16 0 1.4803e-16)
(1.48029e-16 -5.31971e-19 0 1.4803e-16 0 1.4803e-16)
(1.4803e-16 -5.32693e-19 0 1.4803e-16 0 1.4803e-16)
(1.4803e-16 -5.30593e-19 0 1.48029e-16 0 1.4803e-16)
(1.4803e-16 -6.55198e-19 0 1.48029e-16 0 1.4803e-16)
(1.48029e-16 -6.57315e-19 0 1.4803e-16 0 1.4803e-16)
(1.4803e-16 -6.57941e-19 0 1.4803e-16 0 1.4803e-16)
(1.48031e-16 -6.55886e-19 0 1.48029e-16 0 1.4803e-16)
(1.4803e-16 -7.59222e-19 0 1.48029e-16 0 1.4803e-16)
(1.48029e-16 -7.61965e-19 0 1.48031e-16 0 1.4803e-16)
(1.4803e-16 -7.62565e-19 0 1.48029e-16 0 1.4803e-16)
(1.48031e-16 -7.60944e-19 0 1.48028e-16 0 1.4803e-16)
(1.48031e-16 -8.37431e-19 0 1.48029e-16 0 1.4803e-16)
(1.48029e-16 -8.40823e-19 0 1.48031e-16 0 1.4803e-16)
(1.4803e-16 -8.41396e-19 0 1.48029e-16 0 1.4803e-16)
(1.48032e-16 -8.40825e-19 0 1.48028e-16 0 1.4803e-16)
(1.48031e-16 -8.87208e-19 0 1.48028e-16 0 1.4803e-16)
(1.48028e-16 -8.91975e-19 0 1.48032e-16 0 1.4803e-16)
(1.4803e-16 -8.92263e-19 0 1.48029e-16 0 1.4803e-16)
(1.48032e-16 -8.93024e-19 0 1.48027e-16 0 1.4803e-16)
(1.48031e-16 -9.08714e-19 0 1.48028e-16 0 1.4803e-16)
(1.48028e-16 -9.1519e-19 0 1.48032e-16 0 1.48029e-16)
(1.4803e-16 -9.14744e-19 0 1.48029e-16 0 1.4803e-16)
(1.48033e-16 -9.17766e-19 0 1.48027e-16 0 1.4803e-16)
(1.48031e-16 -9.03096e-19 0 1.48028e-16 0 1.4803e-16)
(1.48027e-16 -9.13369e-19 0 1.48033e-16 0 1.48029e-16)
(1.4803e-16 -9.10728e-19 0 1.48029e-16 0 1.4803e-16)
(1.48033e-16 -9.16706e-19 0 1.48026e-16 0 1.4803e-16)
(1.48031e-16 -8.71179e-19 0 1.48028e-16 0 1.4803e-16)
(1.48027e-16 -8.87386e-19 0 1.48033e-16 0 1.4803e-16)
(1.4803e-16 -8.82826e-19 0 1.48029e-16 0 1.4803e-16)
(1.48034e-16 -8.92834e-19 0 1.48026e-16 0 1.4803e-16)
(1.48031e-16 -8.16525e-19 0 1.48027e-16 0 1.4803e-16)
(1.48025e-16 -8.42993e-19 0 1.48034e-16 0 1.48029e-16)
(1.4803e-16 -8.34837e-19 0 1.4803e-16 0 1.4803e-16)
(1.48034e-16 -8.49099e-19 0 1.48026e-16 0 1.4803e-16)
(1.48031e-16 -7.43443e-19 0 1.48027e-16 0 1.4803e-16)
(1.48025e-16 -7.8267e-19 0 1.48035e-16 0 1.48029e-16)
(1.4803e-16 -7.69454e-19 0 1.48029e-16 0 1.4803e-16)
(1.48033e-16 -7.8998e-19 0 1.48026e-16 0 1.4803e-16)
(1.48032e-16 -6.85249e-19 0 1.48027e-16 0 1.4803e-16)
(1.48023e-16 -7.18576e-19 0 1.48037e-16 0 1.48029e-16)
(1.4803e-16 -7.01101e-19 0 1.48029e-16 0 1.4803e-16)
(1.48033e-16 -7.27974e-19 0 1.48027e-16 0 1.4803e-16)
(1.48032e-16 -6.35851e-19 0 1.48027e-16 0 1.4803e-16)
(1.48022e-16 -6.5091e-19 0 1.48038e-16 0 1.48029e-16)
(1.4803e-16 -6.3702e-19 0 1.48029e-16 0 1.4803e-16)
(1.48032e-16 -6.64333e-19 0 1.48028e-16 0 1.48029e-16)
(1.48032e-16 -5.66283e-19 0 1.48027e-16 0 1.4803e-16)
(1.48021e-16 -5.73741e-19 0 1.48039e-16 0 1.48029e-16)
(1.4803e-16 -5.6718e-19 0 1.48029e-16 0 1.4803e-16)
(1.48031e-16 -5.91482e-19 0 1.48028e-16 0 1.4803e-16)
(1.48032e-16 -4.97466e-19 0 1.48026e-16 0 1.48031e-16)
(1.48021e-16 -4.9922e-19 0 1.4804e-16 0 1.48029e-16)
(1.4803e-16 -4.96391e-19 0 1.4803e-16 0 1.4803e-16)
(1.48031e-16 -5.1685e-19 0 1.48029e-16 0 1.4803e-16)
(1.48032e-16 -4.30654e-19 0 1.48027e-16 0 1.48031e-16)
(1.4802e-16 -4.26067e-19 0 1.48041e-16 0 1.48029e-16)
(1.48029e-16 -4.27531e-19 0 1.4803e-16 0 1.4803e-16)
(1.4803e-16 -4.44932e-19 0 1.48029e-16 0 1.4803e-16)
(1.48032e-16 -3.68339e-19 0 1.48026e-16 0 1.48031e-16)
(1.48019e-16 -3.59685e-19 0 1.48042e-16 0 1.48029e-16)
(1.48029e-16 -3.61528e-19 0 1.4803e-16 0 1.4803e-16)
(1.4803e-16 -3.75645e-19 0 1.4803e-16 0 1.48029e-16)
(1.48033e-16 -3.11198e-19 0 1.48026e-16 0 1.48031e-16)
(1.48018e-16 -2.97907e-19 0 1.48042e-16 0 1.48029e-16)
(1.48029e-16 -2.99992e-19 0 1.4803e-16 0 1.4803e-16)
(1.4803e-16 -3.14029e-19 0 1.4803e-16 0 1.4803e-16)
(1.48033e-16 -2.60496e-19 0 1.48025e-16 0 1.48031e-16)
(1.48017e-16 -2.4342e-19 0 1.48044e-16 0 1.48029e-16)
(1.48028e-16 -2.44436e-19 0 1.48031e-16 0 1.4803e-16)
(1.48029e-16 -2.57944e-19 0 1.48031e-16 0 1.48029e-16)
(1.48034e-16 -2.18733e-19 0 1.48025e-16 0 1.48031e-16)
(1.48016e-16 -1.96484e-19 0 1.48044e-16 0 1.48029e-16)
(1.48028e-16 -1.94153e-19 0 1.48031e-16 0 1.4803e-16)
(1.48029e-16 -2.09904e-19 0 1.48031e-16 0 1.4803e-16)
(1.48034e-16 -1.851e-19 0 1.48024e-16 0 1.48031e-16)
(1.48016e-16 -1.57716e-19 0 1.48045e-16 0 1.48029e-16)
(1.48028e-16 -1.50779e-19 0 1.48032e-16 0 1.4803e-16)
(1.48028e-16 -1.67538e-19 0 1.48031e-16 0 1.48029e-16)
(1.48034e-16 -1.61812e-19 0 1.48025e-16 0 1.48031e-16)
(1.48015e-16 -1.25855e-19 0 1.48046e-16 0 1.48028e-16)
(1.48027e-16 -1.13708e-19 0 1.48032e-16 0 1.4803e-16)
(1.48028e-16 -1.33396e-19 0 1.48032e-16 0 1.48029e-16)
(1.48035e-16 -1.49732e-19 0 1.48023e-16 0 1.48031e-16)
(1.48015e-16 -1.01852e-19 0 1.48045e-16 0 1.48028e-16)
(1.48027e-16 -7.89018e-20 0 1.48032e-16 0 1.4803e-16)
(1.48027e-16 -1.02736e-19 0 1.48032e-16 0 1.48029e-16)
(1.48035e-16 -1.52724e-19 0 1.48024e-16 0 1.4803e-16)
(1.48016e-16 -8.63198e-20 0 1.48044e-16 0 1.48029e-16)
(1.48027e-16 -4.7947e-20 0 1.48032e-16 0 1.4803e-16)
(1.48027e-16 -8.22566e-20 0 1.48033e-16 0 1.48029e-16)
(1.48036e-16 -1.72162e-19 0 1.48022e-16 0 1.48031e-16)
(1.48018e-16 -7.42894e-20 0 1.48043e-16 0 1.48029e-16)
(1.48027e-16 -8.57302e-21 0 1.48032e-16 0 1.4803e-16)
(1.48027e-16 -6.59926e-20 0 1.48033e-16 0 1.4803e-16)
(1.48037e-16 -2.07035e-19 0 1.4802e-16 0 1.48032e-16)
(1.48022e-16 -6.76711e-20 0 1.48037e-16 0 1.4803e-16)
(1.48026e-16 8.11019e-22 0 1.48033e-16 0 1.4803e-16)
(1.48025e-16 -7.53312e-20 0 1.48034e-16 0 1.48029e-16)
(1.48037e-16 -2.15768e-19 0 1.48021e-16 0 1.4803e-16)
(1.48026e-16 -6.14577e-20 0 1.48033e-16 0 1.48031e-16)
(1.48026e-16 -5.10176e-21 0 1.48034e-16 0 1.4803e-16)
(1.48025e-16 -7.63489e-20 0 1.48035e-16 0 1.4803e-16)
(1.4804e-16 -1.98211e-19 0 1.48019e-16 0 1.48031e-16)
(1.48028e-16 -7.12469e-20 0 1.48032e-16 0 1.48029e-16)
(1.48025e-16 -1.50017e-20 0 1.48035e-16 0 1.48029e-16)
(1.48023e-16 -6.39727e-20 0 1.48037e-16 0 1.48029e-16)
(1.4804e-16 -1.9441e-19 0 1.48019e-16 0 1.4803e-16)
(1.48032e-16 -1.02075e-19 0 1.48026e-16 0 1.48031e-16)
(1.48026e-16 -5.50627e-20 0 1.48034e-16 0 1.48029e-16)
(1.48023e-16 -8.34995e-20 0 1.48037e-16 0 1.4803e-16)
(1.48041e-16 -2.10001e-19 0 1.48019e-16 0 1.4803e-16)
(1.48033e-16 -1.39239e-19 0 1.48027e-16 0 1.48029e-16)
(1.48026e-16 -9.90002e-20 0 1.48035e-16 0 1.48029e-16)
(1.48022e-16 -1.18601e-19 0 1.48038e-16 0 1.48029e-16)
(1.48043e-16 -2.48663e-19 0 1.48016e-16 0 1.48031e-16)
(1.48036e-16 -1.91695e-19 0 1.48024e-16 0 1.4803e-16)
(1.48026e-16 -1.60719e-19 0 1.48034e-16 0 1.48029e-16)
(1.48021e-16 -1.78528e-19 0 1.48039e-16 0 1.48029e-16)
(1.48044e-16 -3.10716e-19 0 1.48015e-16 0 1.48031e-16)
(1.48038e-16 -2.60547e-19 0 1.4802e-16 0 1.48031e-16)
(1.48026e-16 -2.36613e-19 0 1.48034e-16 0 1.48029e-16)
(1.48021e-16 -2.54235e-19 0 1.48038e-16 0 1.4803e-16)
(1.48044e-16 -4.05115e-19 0 1.48015e-16 0 1.4803e-16)
(1.48039e-16 -3.59174e-19 0 1.4802e-16 0 1.4803e-16)
(1.48026e-16 -3.38011e-19 0 1.48035e-16 0 1.48029e-16)
(1.4802e-16 -3.56527e-19 0 1.48041e-16 0 1.48029e-16)
(1.48046e-16 -5.37554e-19 0 1.48013e-16 0 1.48031e-16)
(1.48041e-16 -4.91808e-19 0 1.48018e-16 0 1.48031e-16)
(1.48026e-16 -4.707e-19 0 1.48034e-16 0 1.48029e-16)
(1.4802e-16 -4.88583e-19 0 1.48039e-16 0 1.4803e-16)
(1.48045e-16 -7.15903e-19 0 1.48014e-16 0 1.4803e-16)
(1.48042e-16 -6.67726e-19 0 1.48017e-16 0 1.4803e-16)
(1.48026e-16 -6.43493e-19 0 1.48035e-16 0 1.48029e-16)
(1.48018e-16 -6.63056e-19 0 1.48043e-16 0 1.48029e-16)
(1.48047e-16 -9.53136e-19 0 1.48012e-16 0 1.48031e-16)
(1.48044e-16 -8.98331e-19 0 1.48015e-16 0 1.4803e-16)
(1.48027e-16 -8.66133e-19 0 1.48033e-16 0 1.4803e-16)
(1.48018e-16 -8.86095e-19 0 1.48042e-16 0 1.4803e-16)
(1.48046e-16 -1.25617e-18 0 1.48013e-16 0 1.4803e-16)
(1.48046e-16 -1.19455e-18 0 1.48013e-16 0 1.4803e-16)
(1.48026e-16 -1.15236e-18 0 1.48035e-16 0 1.48029e-16)
(1.48016e-16 -1.17375e-18 0 1.48044e-16 0 1.48029e-16)
(1.48046e-16 -1.63946e-18 0 1.48013e-16 0 1.4803e-16)
(1.48049e-16 -1.57171e-18 0 1.48009e-16 0 1.48031e-16)
(1.48027e-16 -1.51762e-18 0 1.48032e-16 0 1.4803e-16)
(1.48015e-16 -1.53683e-18 0 1.48045e-16 0 1.48029e-16)
(1.48044e-16 -2.11246e-18 0 1.48016e-16 0 1.48029e-16)
(1.48051e-16 -2.04823e-18 0 1.48008e-16 0 1.4803e-16)
(1.48027e-16 -1.98139e-18 0 1.48033e-16 0 1.48029e-16)
(1.48014e-16 -1.99244e-18 0 1.48045e-16 0 1.4803e-16)
(1.48045e-16 -2.68218e-18 0 1.48013e-16 0 1.48031e-16)
(1.48053e-16 -2.63462e-18 0 1.48006e-16 0 1.4803e-16)
(1.48029e-16 -2.56636e-18 0 1.48031e-16 0 1.48029e-16)
(1.48012e-16 -2.55422e-18 0 1.4805e-16 0 1.48028e-16)
(1.48042e-16 -3.37327e-18 0 1.48016e-16 0 1.48031e-16)
(1.48055e-16 -3.37998e-18 0 1.48004e-16 0 1.4803e-16)
(1.48031e-16 -3.30643e-18 0 1.48028e-16 0 1.4803e-16)
(1.48014e-16 -3.19136e-18 0 1.48045e-16 0 1.4803e-16)
(1.48034e-16 -4.21646e-18 0 1.48025e-16 0 1.4803e-16)
(1.48054e-16 -4.21452e-18 0 1.48006e-16 0 1.48029e-16)
(1.48034e-16 -4.10704e-18 0 1.48027e-16 0 1.48028e-16)
(1.48015e-16 -3.97523e-18 0 1.48046e-16 0 1.48028e-16)
(1.48033e-16 -5.20962e-18 0 1.48024e-16 0 1.48032e-16)
(1.4806e-16 -5.14824e-18 0 1.47998e-16 0 1.48031e-16)
(1.48039e-16 -5.02247e-18 0 1.4802e-16 0 1.4803e-16)
(1.48018e-16 -4.98735e-18 0 1.48041e-16 0 1.48031e-16)
(1.48028e-16 -6.36032e-18 0 1.48033e-16 0 1.48029e-16)
(1.48063e-16 -6.28539e-18 0 1.47996e-16 0 1.48031e-16)
(1.48041e-16 -6.18437e-18 0 1.4802e-16 0 1.48029e-16)
(1.48016e-16 -6.18591e-18 0 1.48043e-16 0 1.4803e-16)
(1.48027e-16 -7.68234e-18 0 1.48034e-16 0 1.48029e-16)
(1.48066e-16 -7.60855e-18 0 1.47992e-16 0 1.48031e-16)
(1.48042e-16 -7.53794e-18 0 1.48019e-16 0 1.48029e-16)
(1.48015e-16 -7.55649e-18 0 1.48043e-16 0 1.4803e-16)
(1.48028e-16 -9.19184e-18 0 1.4803e-16 0 1.48031e-16)
(1.48068e-16 -9.12723e-18 0 1.4799e-16 0 1.48031e-16)
(1.48043e-16 -9.08186e-18 0 1.48016e-16 0 1.4803e-16)
(1.48015e-16 -9.10622e-18 0 1.48044e-16 0 1.48031e-16)
(1.48027e-16 -1.08932e-17 0 1.48033e-16 0 1.48029e-16)
(1.48068e-16 -1.08409e-17 0 1.47991e-16 0 1.4803e-16)
(1.48042e-16 -1.08157e-17 0 1.48019e-16 0 1.48028e-16)
(1.48013e-16 -1.08411e-17 0 1.48047e-16 0 1.4803e-16)
(1.51122e-16 -1.3048e-17 0 1.51123e-16 0 1.51124e-16)
(1.51355e-16 -1.30216e-17 0 1.51273e-16 0 1.51316e-16)
(1.51317e-16 -1.30135e-17 0 1.5129e-16 0 1.51303e-16)
(1.51334e-16 -1.30415e-17 0 1.51369e-16 0 1.51352e-16)
(1.57983e-16 -1.58492e-17 0 1.57988e-16 0 1.57983e-16)
(1.58245e-16 -1.58304e-17 0 1.58161e-16 0 1.58204e-16)
(1.58203e-16 -1.5836e-17 0 1.58179e-16 0 1.58189e-16)
(1.58228e-16 -1.58637e-17 0 1.58267e-16 0 1.58248e-16)
(1.65914e-16 -1.91372e-17 0 1.65911e-16 0 1.65914e-16)
(1.66204e-16 -1.91217e-17 0 1.66113e-16 0 1.6616e-16)
(1.66159e-16 -1.91466e-17 0 1.66131e-16 0 1.66145e-16)
(1.6619e-16 -1.91645e-17 0 1.66233e-16 0 1.66211e-16)
(1.74981e-16 -2.29706e-17 0 1.74985e-16 0 1.7498e-16)
(1.75303e-16 -2.29438e-17 0 1.75213e-16 0 1.75258e-16)
(1.75254e-16 -2.29845e-17 0 1.7523e-16 0 1.7524e-16)
(1.75295e-16 -2.29926e-17 0 1.75339e-16 0 1.75318e-16)
(1.85282e-16 -2.73718e-17 0 1.85268e-16 0 1.8528e-16)
(1.85633e-16 -2.73276e-17 0 1.85534e-16 0 1.85586e-16)
(1.85578e-16 -2.73938e-17 0 1.85549e-16 0 1.85564e-16)
(1.85627e-16 -2.73815e-17 0 1.85677e-16 0 1.85652e-16)
(1.96895e-16 -3.24204e-17 0 1.96891e-16 0 1.96891e-16)
(1.97288e-16 -3.23241e-17 0 1.97183e-16 0 1.97239e-16)
(1.97223e-16 -3.23926e-17 0 1.97198e-16 0 1.97209e-16)
(1.97287e-16 -3.23643e-17 0 1.97333e-16 0 1.97312e-16)
(2.09951e-16 -3.80685e-17 0 2.09921e-16 0 2.09946e-16)
(2.10381e-16 -3.79404e-17 0 2.10262e-16 0 2.10329e-16)
(2.10304e-16 -3.79852e-17 0 2.10273e-16 0 2.10289e-16)
(2.10379e-16 -3.79322e-17 0 2.10427e-16 0 2.10404e-16)
(2.24572e-16 -4.44087e-17 0 2.24485e-16 0 2.24564e-16)
(2.25041e-16 -4.42666e-17 0 2.2489e-16 0 2.24985e-16)
(2.24942e-16 -4.42874e-17 0 2.24909e-16 0 2.24925e-16)
(2.25036e-16 -4.42459e-17 0 2.25075e-16 0 2.25058e-16)
(2.40832e-16 -7.01067e-17 0 2.40854e-16 0 2.40827e-16)
(2.41378e-16 -7.04182e-17 0 2.4128e-16 0 2.41317e-16)
(2.41276e-16 -7.02295e-17 0 2.41256e-16 0 2.41256e-16)
(2.41397e-16 -7.03309e-17 0 2.41424e-16 0 2.41416e-16)
(1.4803e-16 -1.05959e-20 0 1.4803e-16 0 1.4803e-16)
(1.4803e-16 -1.06004e-20 0 1.4803e-16 0 1.4803e-16)
(1.4803e-16 -1.06505e-20 0 1.4803e-16 0 1.4803e-16)
(1.4803e-16 -1.07337e-20 0 1.4803e-16 0 1.4803e-16)
(1.4803e-16 -5.40712e-20 0 1.4803e-16 0 1.4803e-16)
(1.4803e-16 -5.40793e-20 0 1.4803e-16 0 1.4803e-16)
(1.4803e-16 -5.42747e-20 0 1.4803e-16 0 1.4803e-16)
(1.4803e-16 -5.45121e-20 0 1.4803e-16 0 1.4803e-16)
(1.4803e-16 -1.38867e-19 0 1.4803e-16 0 1.4803e-16)
(1.4803e-16 -1.38818e-19 0 1.4803e-16 0 1.4803e-16)
(1.4803e-16 -1.39282e-19 0 1.4803e-16 0 1.4803e-16)
(1.4803e-16 -1.39903e-19 0 1.4803e-16 0 1.4803e-16)
(1.4803e-16 -2.56689e-19 0 1.4803e-16 0 1.4803e-16)
(1.4803e-16 -2.56496e-19 0 1.4803e-16 0 1.4803e-16)
(1.4803e-16 -2.57341e-19 0 1.4803e-16 0 1.4803e-16)
(1.4803e-16 -2.58466e-19 0 1.4803e-16 0 1.4803e-16)
(1.4803e-16 -3.92864e-19 0 1.4803e-16 0 1.4803e-16)
(1.4803e-16 -3.92423e-19 0 1.4803e-16 0 1.4803e-16)
(1.48029e-16 -3.93648e-19 0 1.4803e-16 0 1.4803e-16)
(1.4803e-16 -3.95073e-19 0 1.4803e-16 0 1.4803e-16)
(1.4803e-16 -5.2992e-19 0 1.48029e-16 0 1.4803e-16)
(1.48029e-16 -5.29125e-19 0 1.4803e-16 0 1.4803e-16)
(1.48029e-16 -5.30654e-19 0 1.4803e-16 0 1.4803e-16)
(1.4803e-16 -5.32075e-19 0 1.4803e-16 0 1.4803e-16)
(1.4803e-16 -6.55357e-19 0 1.48029e-16 0 1.4803e-16)
(1.48029e-16 -6.54309e-19 0 1.4803e-16 0 1.4803e-16)
(1.48029e-16 -6.5583e-19 0 1.48031e-16 0 1.4803e-16)
(1.48029e-16 -6.56836e-19 0 1.4803e-16 0 1.4803e-16)
(1.4803e-16 -7.60631e-19 0 1.48029e-16 0 1.4803e-16)
(1.48029e-16 -7.59501e-19 0 1.4803e-16 0 1.4803e-16)
(1.48028e-16 -7.60842e-19 0 1.48031e-16 0 1.4803e-16)
(1.48029e-16 -7.60861e-19 0 1.4803e-16 0 1.4803e-16)
(1.48031e-16 -8.40955e-19 0 1.48029e-16 0 1.4803e-16)
(1.48029e-16 -8.39929e-19 0 1.4803e-16 0 1.4803e-16)
(1.48028e-16 -8.40964e-19 0 1.48032e-16 0 1.4803e-16)
(1.48029e-16 -8.3916e-19 0 1.4803e-16 0 1.4803e-16)
(1.48031e-16 -8.94236e-19 0 1.48028e-16 0 1.4803e-16)
(1.48029e-16 -8.93572e-19 0 1.48031e-16 0 1.4803e-16)
(1.48027e-16 -8.94406e-19 0 1.48032e-16 0 1.4803e-16)
(1.48029e-16 -8.89503e-19 0 1.4803e-16 0 1.4803e-16)
(1.48031e-16 -9.2068e-19 0 1.48028e-16 0 1.4803e-16)
(1.48029e-16 -9.20762e-19 0 1.48031e-16 0 1.4803e-16)
(1.48027e-16 -9.21945e-19 0 1.48033e-16 0 1.4803e-16)
(1.48029e-16 -9.12286e-19 0 1.4803e-16 0 1.48029e-16)
(1.48032e-16 -9.23009e-19 0 1.48028e-16 0 1.4803e-16)
(1.48028e-16 -9.22914e-19 0 1.48031e-16 0 1.4803e-16)
(1.48027e-16 -9.25409e-19 0 1.48033e-16 0 1.4803e-16)
(1.4803e-16 -9.09129e-19 0 1.4803e-16 0 1.48029e-16)
(1.48032e-16 -9.04508e-19 0 1.48028e-16 0 1.4803e-16)
(1.48028e-16 -9.04058e-19 0 1.48032e-16 0 1.4803e-16)
(1.48026e-16 -9.10159e-19 0 1.48033e-16 0 1.4803e-16)
(1.4803e-16 -8.84241e-19 0 1.48029e-16 0 1.4803e-16)
(1.48032e-16 -8.697e-19 0 1.48028e-16 0 1.4803e-16)
(1.48028e-16 -8.66936e-19 0 1.48032e-16 0 1.4803e-16)
(1.48026e-16 -8.78451e-19 0 1.48033e-16 0 1.4803e-16)
(1.48031e-16 -8.40336e-19 0 1.48029e-16 0 1.48029e-16)
(1.48032e-16 -8.30168e-19 0 1.48028e-16 0 1.4803e-16)
(1.48027e-16 -8.21955e-19 0 1.48032e-16 0 1.4803e-16)
(1.48026e-16 -8.3639e-19 0 1.48033e-16 0 1.4803e-16)
(1.48033e-16 -7.84771e-19 0 1.48027e-16 0 1.4803e-16)
(1.48031e-16 -7.72711e-19 0 1.48028e-16 0 1.4803e-16)
(1.48027e-16 -7.60699e-19 0 1.48032e-16 0 1.4803e-16)
(1.48026e-16 -7.62775e-19 0 1.48034e-16 0 1.48029e-16)
(1.48036e-16 -7.14656e-19 0 1.48024e-16 0 1.4803e-16)
(1.48031e-16 -6.91867e-19 0 1.48028e-16 0 1.4803e-16)
(1.48027e-16 -6.82105e-19 0 1.48032e-16 0 1.4803e-16)
(1.48027e-16 -6.70591e-19 0 1.48033e-16 0 1.48029e-16)
(1.48037e-16 -6.38179e-19 0 1.48023e-16 0 1.4803e-16)
(1.48031e-16 -6.10953e-19 0 1.48028e-16 0 1.4803e-16)
(1.48027e-16 -6.04951e-19 0 1.48032e-16 0 1.4803e-16)
(1.48027e-16 -5.93251e-19 0 1.48033e-16 0 1.48029e-16)
(1.48039e-16 -5.67704e-19 0 1.48021e-16 0 1.4803e-16)
(1.48031e-16 -5.31266e-19 0 1.48029e-16 0 1.4803e-16)
(1.48027e-16 -5.27988e-19 0 1.48032e-16 0 1.4803e-16)
(1.48027e-16 -5.145e-19 0 1.48033e-16 0 1.48029e-16)
(1.4804e-16 -4.9574e-19 0 1.48019e-16 0 1.4803e-16)
(1.48031e-16 -4.55043e-19 0 1.48029e-16 0 1.4803e-16)
(1.48027e-16 -4.55281e-19 0 1.48032e-16 0 1.4803e-16)
(1.48027e-16 -4.41264e-19 0 1.48032e-16 0 1.48029e-16)
(1.48041e-16 -4.28319e-19 0 1.48018e-16 0 1.48029e-16)
(1.48031e-16 -3.83564e-19 0 1.48029e-16 0 1.4803e-16)
(1.48027e-16 -3.85978e-19 0 1.48033e-16 0 1.4803e-16)
(1.48027e-16 -3.72259e-19 0 1.48033e-16 0 1.48029e-16)
(1.48043e-16 -3.64444e-19 0 1.48017e-16 0 1.4803e-16)
(1.48031e-16 -3.19393e-19 0 1.48029e-16 0 1.4803e-16)
(1.48027e-16 -3.23875e-19 0 1.48032e-16 0 1.4803e-16)
(1.48028e-16 -3.11383e-19 0 1.48032e-16 0 1.48029e-16)
(1.48044e-16 -3.06191e-19 0 1.48015e-16 0 1.4803e-16)
(1.48031e-16 -2.60837e-19 0 1.48029e-16 0 1.4803e-16)
(1.48027e-16 -2.66829e-19 0 1.48033e-16 0 1.4803e-16)
(1.48028e-16 -2.57641e-19 0 1.48032e-16 0 1.48029e-16)
(1.48045e-16 -2.55248e-19 0 1.48014e-16 0 1.4803e-16)
(1.4803e-16 -2.10697e-19 0 1.48029e-16 0 1.4803e-16)
(1.48026e-16 -2.1868e-19 0 1.48033e-16 0 1.4803e-16)
(1.48028e-16 -2.12138e-19 0 1.48032e-16 0 1.48029e-16)
(1.48047e-16 -2.107e-19 0 1.48013e-16 0 1.4803e-16)
(1.4803e-16 -1.64437e-19 0 1.48029e-16 0 1.4803e-16)
(1.48026e-16 -1.7556e-19 0 1.48033e-16 0 1.4803e-16)
(1.48028e-16 -1.73793e-19 0 1.48032e-16 0 1.48029e-16)
(1.48048e-16 -1.73365e-19 0 1.48011e-16 0 1.4803e-16)
(1.4803e-16 -1.26565e-19 0 1.48029e-16 0 1.4803e-16)
(1.48026e-16 -1.41252e-19 0 1.48033e-16 0 1.4803e-16)
(1.48027e-16 -1.4195e-19 0 1.48033e-16 0 1.48029e-16)
(1.48048e-16 -1.4361e-19 0 1.48012e-16 0 1.48029e-16)
(1.48031e-16 -9.13274e-20 0 1.48028e-16 0 1.4803e-16)
(1.48026e-16 -1.09543e-19 0 1.48033e-16 0 1.48031e-16)
(1.48029e-16 -1.15835e-19 0 1.48031e-16 0 1.4803e-16)
(1.4805e-16 -1.21717e-19 0 1.48009e-16 0 1.4803e-16)
(1.4803e-16 -6.69438e-20 0 1.4803e-16 0 1.4803e-16)
(1.48024e-16 -8.64356e-20 0 1.48036e-16 0 1.4803e-16)
(1.48027e-16 -9.34301e-20 0 1.48034e-16 0 1.48029e-16)
(1.48051e-16 -1.06054e-19 0 1.48009e-16 0 1.4803e-16)
(1.4803e-16 -4.75675e-20 0 1.48029e-16 0 1.4803e-16)
(1.48024e-16 -6.39119e-20 0 1.48034e-16 0 1.48031e-16)
(1.48027e-16 -7.32832e-20 0 1.48034e-16 0 1.48029e-16)
(1.4805e-16 -9.7403e-20 0 1.4801e-16 0 1.48029e-16)
(1.48029e-16 -5.29422e-20 0 1.48031e-16 0 1.48029e-16)
(1.48023e-16 -4.63575e-20 0 1.48036e-16 0 1.4803e-16)
(1.48027e-16 -4.08924e-20 0 1.48033e-16 0 1.4803e-16)
(1.48051e-16 -1.10652e-19 0 1.48006e-16 0 1.48032e-16)
(1.4803e-16 -4.72573e-20 0 1.4803e-16 0 1.48029e-16)
(1.48023e-16 -3.48088e-20 0 1.48037e-16 0 1.48029e-16)
(1.48023e-16 -3.59978e-20 0 1.4804e-16 0 1.48027e-16)
(1.48046e-16 -1.31352e-19 0 1.48015e-16 0 1.48029e-16)
(1.48031e-16 -3.73889e-20 0 1.48028e-16 0 1.4803e-16)
(1.48023e-16 -4.95602e-20 0 1.48035e-16 0 1.48031e-16)
(1.48023e-16 -7.57509e-20 0 1.48037e-16 0 1.48029e-16)
(1.48045e-16 -1.41266e-19 0 1.48015e-16 0 1.4803e-16)
(1.48032e-16 -6.8002e-20 0 1.48027e-16 0 1.4803e-16)
(1.48022e-16 -8.72094e-20 0 1.48037e-16 0 1.48031e-16)
(1.48022e-16 -1.1192e-19 0 1.48038e-16 0 1.48029e-16)
(1.48044e-16 -1.56143e-19 0 1.48015e-16 0 1.4803e-16)
(1.48032e-16 -1.08267e-19 0 1.48027e-16 0 1.4803e-16)
(1.4802e-16 -1.28354e-19 0 1.48039e-16 0 1.4803e-16)
(1.48019e-16 -1.54425e-19 0 1.48042e-16 0 1.48028e-16)
(1.48042e-16 -1.85178e-19 0 1.48019e-16 0 1.48028e-16)
(1.48032e-16 -1.72453e-19 0 1.48027e-16 0 1.48031e-16)
(1.4802e-16 -1.89436e-19 0 1.48038e-16 0 1.48031e-16)
(1.4802e-16 -2.09142e-19 0 1.48039e-16 0 1.4803e-16)
(1.48043e-16 -2.31193e-19 0 1.48016e-16 0 1.4803e-16)
(1.4803e-16 -2.52781e-19 0 1.48029e-16 0 1.4803e-16)
(1.48018e-16 -2.65873e-19 0 1.48041e-16 0 1.4803e-16)
(1.48017e-16 -2.81469e-19 0 1.48043e-16 0 1.48028e-16)
(1.48042e-16 -3.00769e-19 0 1.48017e-16 0 1.4803e-16)
(1.48031e-16 -3.62123e-19 0 1.48028e-16 0 1.4803e-16)
(1.48018e-16 -3.7331e-19 0 1.48041e-16 0 1.4803e-16)
(1.48017e-16 -3.79127e-19 0 1.48043e-16 0 1.48029e-16)
(1.48042e-16 -3.95201e-19 0 1.48017e-16 0 1.4803e-16)
(1.4803e-16 -5.01599e-19 0 1.48029e-16 0 1.4803e-16)
(1.48017e-16 -5.12758e-19 0 1.48042e-16 0 1.4803e-16)
(1.48017e-16 -5.07969e-19 0 1.48043e-16 0 1.48029e-16)
(1.48042e-16 -5.24492e-19 0 1.48017e-16 0 1.4803e-16)
(1.4803e-16 -6.83089e-19 0 1.4803e-16 0 1.4803e-16)
(1.48018e-16 -6.95709e-19 0 1.48041e-16 0 1.48031e-16)
(1.48017e-16 -6.77303e-19 0 1.48044e-16 0 1.48029e-16)
(1.48041e-16 -6.93145e-19 0 1.48018e-16 0 1.4803e-16)
(1.48029e-16 -9.14766e-19 0 1.48029e-16 0 1.4803e-16)
(1.48018e-16 -9.3164e-19 0 1.48041e-16 0 1.48031e-16)
(1.48017e-16 -8.9504e-19 0 1.48043e-16 0 1.48029e-16)
(1.48041e-16 -9.12847e-19 0 1.48019e-16 0 1.48029e-16)
(1.48027e-16 -1.20737e-18 0 1.48032e-16 0 1.4803e-16)
(1.48017e-16 -1.22931e-18 0 1.48042e-16 0 1.4803e-16)
(1.48017e-16 -1.1743e-18 0 1.48044e-16 0 1.48028e-16)
(1.4804e-16 -1.19261e-18 0 1.4802e-16 0 1.4803e-16)
(1.48027e-16 -1.57607e-18 0 1.48033e-16 0 1.4803e-16)
(1.48018e-16 -1.6084e-18 0 1.4804e-16 0 1.4803e-16)
(1.48018e-16 -1.52823e-18 0 1.48043e-16 0 1.48028e-16)
(1.48039e-16 -1.54466e-18 0 1.48019e-16 0 1.48031e-16)
(1.48025e-16 -2.02775e-18 0 1.48034e-16 0 1.4803e-16)
(1.48019e-16 -2.0751e-18 0 1.4804e-16 0 1.4803e-16)
(1.4802e-16 -1.9745e-18 0 1.4804e-16 0 1.48029e-16)
(1.48036e-16 -1.98137e-18 0 1.48024e-16 0 1.48029e-16)
(1.48024e-16 -2.58018e-18 0 1.48034e-16 0 1.48031e-16)
(1.4802e-16 -2.65698e-18 0 1.48038e-16 0 1.4803e-16)
(1.48021e-16 -2.52807e-18 0 1.48041e-16 0 1.48028e-16)
(1.48034e-16 -2.51284e-18 0 1.48025e-16 0 1.4803e-16)
(1.48023e-16 -3.19799e-18 0 1.48036e-16 0 1.48031e-16)
(1.48021e-16 -3.36413e-18 0 1.48038e-16 0 1.4803e-16)
(1.48026e-16 -3.18162e-18 0 1.48034e-16 0 1.4803e-16)
(1.4803e-16 -3.12735e-18 0 1.4803e-16 0 1.48029e-16)
(1.48019e-16 -3.99784e-18 0 1.48039e-16 0 1.48031e-16)
(1.48022e-16 -4.18843e-18 0 1.48035e-16 0 1.48032e-16)
(1.48031e-16 -3.98767e-18 0 1.48028e-16 0 1.4803e-16)
(1.48024e-16 -3.93462e-18 0 1.48039e-16 0 1.48027e-16)
(1.48013e-16 -5.04098e-18 0 1.48047e-16 0 1.48029e-16)
(1.48019e-16 -5.155e-18 0 1.48042e-16 0 1.48028e-16)
(1.48033e-16 -4.99417e-18 0 1.48027e-16 0 1.48029e-16)
(1.48023e-16 -4.98189e-18 0 1.48036e-16 0 1.4803e-16)
(1.48012e-16 -6.23276e-18 0 1.48048e-16 0 1.4803e-16)
(1.48023e-16 -6.29876e-18 0 1.48036e-16 0 1.48031e-16)
(1.48038e-16 -6.18868e-18 0 1.4802e-16 0 1.48031e-16)
(1.48018e-16 -6.20148e-18 0 1.48042e-16 0 1.48029e-16)
(1.48009e-16 -7.59815e-18 0 1.48051e-16 0 1.48029e-16)
(1.48022e-16 -7.63631e-18 0 1.48038e-16 0 1.48029e-16)
(1.48038e-16 -7.55687e-18 0 1.48022e-16 0 1.48029e-16)
(1.48017e-16 -7.58196e-18 0 1.48043e-16 0 1.4803e-16)
(1.48009e-16 -9.14536e-18 0 1.48051e-16 0 1.4803e-16)
(1.48023e-16 -9.16626e-18 0 1.48036e-16 0 1.48029e-16)
(1.48039e-16 -9.11097e-18 0 1.4802e-16 0 1.4803e-16)
(1.48015e-16 -9.13842e-18 0 1.48044e-16 0 1.4803e-16)
(1.48008e-16 -1.08786e-17 0 1.48051e-16 0 1.4803e-16)
(1.48025e-16 -1.08929e-17 0 1.48034e-16 0 1.4803e-16)
(1.4804e-16 -1.08468e-17 0 1.48019e-16 0 1.48031e-16)
(1.48013e-16 -1.08701e-17 0 1.48048e-16 0 1.48029e-16)
(1.51273e-16 -1.30773e-17 0 1.51317e-16 0 1.51295e-16)
(1.51189e-16 -1.30792e-17 0 1.51202e-16 0 1.51194e-16)
(1.51303e-16 -1.30479e-17 0 1.51282e-16 0 1.51293e-16)
(1.51162e-16 -1.30565e-17 0 1.51198e-16 0 1.51179e-16)
(1.58156e-16 -1.59031e-17 0 1.58205e-16 0 1.5818e-16)
(1.58059e-16 -1.59025e-17 0 1.58063e-16 0 1.58064e-16)
(1.58187e-16 -1.58688e-17 0 1.58164e-16 0 1.58176e-16)
(1.5803e-16 -1.58717e-17 0 1.58066e-16 0 1.58048e-16)
(1.66107e-16 -1.92082e-17 0 1.66159e-16 0 1.66133e-16)
(1.65988e-16 -1.92121e-17 0 1.66004e-16 0 1.65991e-16)
(1.66138e-16 -1.91784e-17 0 1.66114e-16 0 1.66126e-16)
(1.65964e-16 -1.91771e-17 0 1.66001e-16 0 1.65982e-16)
(1.752e-16 -2.30347e-17 0 1.75254e-16 0 1.75227e-16)
(1.75067e-16 -2.30434e-17 0 1.75062e-16 0 1.75071e-16)
(1.75232e-16 -2.30075e-17 0 1.75201e-16 0 1.75219e-16)
(1.75038e-16 -2.30043e-17 0 1.75075e-16 0 1.75056e-16)
(1.85517e-16 -2.74131e-17 0 1.85579e-16 0 1.85547e-16)
(1.85355e-16 -2.74379e-17 0 1.85375e-16 0 1.85358e-16)
(1.85549e-16 -2.74022e-17 0 1.85523e-16 0 1.85535e-16)
(1.85336e-16 -2.74037e-17 0 1.85374e-16 0 1.85355e-16)
(1.97157e-16 -3.23651e-17 0 1.97225e-16 0 1.9719e-16)
(1.96976e-16 -3.24003e-17 0 1.96981e-16 0 1.9698e-16)
(1.97191e-16 -3.23781e-17 0 1.97164e-16 0 1.97176e-16)
(1.96955e-16 -3.24005e-17 0 1.96995e-16 0 1.96974e-16)
(2.10233e-16 -3.78807e-17 0 2.103e-16 0 2.10267e-16)
(2.10022e-16 -3.79403e-17 0 2.10026e-16 0 2.10026e-16)
(2.10272e-16 -3.79593e-17 0 2.10225e-16 0 2.10257e-16)
(2.10004e-16 -3.80452e-17 0 2.10041e-16 0 2.10027e-16)
(2.24863e-16 -4.41302e-17 0 2.2494e-16 0 2.249e-16)
(2.24615e-16 -4.42475e-17 0 2.24636e-16 0 2.24623e-16)
(2.24896e-16 -4.42154e-17 0 2.24871e-16 0 2.24885e-16)
(2.24614e-16 -4.42756e-17 0 2.24627e-16 0 2.2464e-16)
(2.41203e-16 -6.99944e-17 0 2.41267e-16 0 2.41242e-16)
(2.40919e-16 -7.01356e-17 0 2.40915e-16 0 2.40928e-16)
(2.41232e-16 -7.01211e-17 0 2.41205e-16 0 2.41218e-16)
(2.40898e-16 -7.00126e-17 0 2.40948e-16 0 2.40931e-16)
(2.58585e-16 -1.24861e-16 0 2.58687e-16 0 2.58589e-16)
(2.5917e-16 -1.25189e-16 0 2.59179e-16 0 2.59144e-16)
(2.59105e-16 -1.25082e-16 0 2.59066e-16 0 2.59093e-16)
(2.59244e-16 -1.25156e-16 0 2.59274e-16 0 2.5925e-16)
(2.73519e-16 -1.3308e-16 0 2.73675e-16 0 2.73599e-16)
(2.73976e-16 -1.33343e-16 0 2.74023e-16 0 2.74017e-16)
(2.73958e-16 -1.33242e-16 0 2.73935e-16 0 2.73939e-16)
(2.74091e-16 -1.33303e-16 0 2.74087e-16 0 2.74095e-16)
(2.82029e-16 -1.36466e-16 0 2.82119e-16 0 2.82101e-16)
(2.82168e-16 -1.36519e-16 0 2.82207e-16 0 2.82191e-16)
(2.82222e-16 -1.36494e-16 0 2.82147e-16 0 2.82191e-16)
(2.8229e-16 -1.36524e-16 0 2.82288e-16 0 2.82284e-16)
(2.84634e-16 -1.36083e-16 0 2.84794e-16 0 2.84702e-16)
(2.84588e-16 -1.36013e-16 0 2.84611e-16 0 2.84593e-16)
(2.84708e-16 -1.36049e-16 0 2.84638e-16 0 2.84671e-16)
(2.84765e-16 -1.36078e-16 0 2.84738e-16 0 2.84753e-16)
(2.82621e-16 -1.33518e-16 0 2.82737e-16 0 2.82681e-16)
(2.82436e-16 -1.33387e-16 0 2.82414e-16 0 2.82431e-16)
(2.82615e-16 -1.33461e-16 0 2.82532e-16 0 2.82574e-16)
(2.8267e-16 -1.33497e-16 0 2.82636e-16 0 2.82653e-16)
(2.77036e-16 -1.29792e-16 0 2.77138e-16 0 2.7709e-16)
(2.76763e-16 -1.29629e-16 0 2.76744e-16 0 2.76749e-16)
(2.76993e-16 -1.29727e-16 0 2.76911e-16 0 2.76953e-16)
(2.77056e-16 -1.29771e-16 0 2.77034e-16 0 2.77041e-16)
(2.68814e-16 -1.25373e-16 0 2.68921e-16 0 2.68861e-16)
(2.68507e-16 -1.25196e-16 0 2.68471e-16 0 2.68491e-16)
(2.68758e-16 -1.25306e-16 0 2.68686e-16 0 2.68721e-16)
(2.68845e-16 -1.25359e-16 0 2.68816e-16 0 2.68833e-16)
(2.58757e-16 -1.20442e-16 0 2.58812e-16 0 2.58797e-16)
(2.5842e-16 -1.2026e-16 0 2.58375e-16 0 2.584e-16)
(2.58678e-16 -1.20374e-16 0 2.58607e-16 0 2.58647e-16)
(2.58776e-16 -1.20436e-16 0 2.58774e-16 0 2.58771e-16)
(2.47451e-16 -1.15109e-16 0 2.47542e-16 0 2.47482e-16)
(2.47121e-16 -1.14927e-16 0 2.47083e-16 0 2.471e-16)
(2.4737e-16 -1.15043e-16 0 2.47333e-16 0 2.47345e-16)
(2.47493e-16 -1.15111e-16 0 2.47497e-16 0 2.47496e-16)
(2.35477e-16 -1.09507e-16 0 2.35492e-16 0 2.35498e-16)
(2.35125e-16 -1.09329e-16 0 2.35088e-16 0 2.35105e-16)
(2.35366e-16 -1.09441e-16 0 2.35318e-16 0 2.35353e-16)
(2.35493e-16 -1.09515e-16 0 2.3552e-16 0 2.35503e-16)
(2.23166e-16 -1.03783e-16 0 2.23218e-16 0 2.23177e-16)
(2.22831e-16 -1.03609e-16 0 2.22796e-16 0 2.22817e-16)
(2.23031e-16 -1.03713e-16 0 2.23053e-16 0 2.2303e-16)
(2.23202e-16 -1.03793e-16 0 2.23214e-16 0 2.2321e-16)
(2.10915e-16 -9.11402e-17 0 2.10882e-16 0 2.10913e-16)
(2.10559e-16 -9.05979e-17 0 2.10521e-16 0 2.10548e-16)
(2.10736e-16 -9.14374e-17 0 2.10745e-16 0 2.10751e-16)
(2.10921e-16 -9.16379e-17 0 2.10929e-16 0 2.10923e-16)
(1.99048e-16 -7.25907e-17 0 1.99041e-16 0 1.99037e-16)
(1.98701e-16 -7.21411e-17 0 1.987e-16 0 1.98697e-16)
(1.98838e-16 -7.28532e-17 0 1.98913e-16 0 1.98867e-16)
(1.9906e-16 -7.30282e-17 0 1.99031e-16 0 1.99053e-16)
(1.87929e-16 -5.71323e-17 0 1.87893e-16 0 1.87911e-16)
(1.87592e-16 -5.67346e-17 0 1.87573e-16 0 1.87591e-16)
(1.87724e-16 -5.73116e-17 0 1.878e-16 0 1.87764e-16)
(1.87897e-16 -5.74529e-17 0 1.87891e-16 0 1.87883e-16)
(1.77716e-16 -4.45044e-17 0 1.77652e-16 0 1.77691e-16)
(1.77369e-16 -4.41343e-17 0 1.77386e-16 0 1.77372e-16)
(1.7751e-16 -4.45919e-17 0 1.77589e-16 0 1.77557e-16)
(1.77655e-16 -4.4685e-17 0 1.77608e-16 0 1.77636e-16)
(1.68477e-16 -3.44459e-17 0 1.68452e-16 0 1.68448e-16)
(1.68148e-16 -3.40097e-17 0 1.68173e-16 0 1.68149e-16)
(1.68277e-16 -3.43693e-17 0 1.68384e-16 0 1.6833e-16)
(1.68376e-16 -3.44407e-17 0 1.68367e-16 0 1.68356e-16)
(1.60298e-16 -2.63498e-17 0 1.6022e-16 0 1.60266e-16)
(1.59967e-16 -2.59496e-17 0 1.59945e-16 0 1.59967e-16)
(1.60078e-16 -2.62317e-17 0 1.60185e-16 0 1.60134e-16)
(1.60148e-16 -2.62729e-17 0 1.60092e-16 0 1.60127e-16)
(1.53125e-16 -1.9958e-17 0 1.53061e-16 0 1.53092e-16)
(1.52782e-16 -1.96266e-17 0 1.52786e-16 0 1.5278e-16)
(1.52899e-16 -1.98448e-17 0 1.53013e-16 0 1.52958e-16)
(1.52917e-16 -1.98696e-17 0 1.52887e-16 0 1.52897e-16)
(1.48062e-16 -1.50981e-17 0 1.48001e-16 0 1.48027e-16)
(1.48038e-16 -1.48638e-17 0 1.48018e-16 0 1.48034e-16)
(1.47966e-16 -1.50141e-17 0 1.48097e-16 0 1.48026e-16)
(1.48049e-16 -1.50303e-17 0 1.48009e-16 0 1.48031e-16)
(1.48071e-16 -1.16842e-17 0 1.47984e-16 0 1.48034e-16)
(1.48039e-16 -1.1471e-17 0 1.48017e-16 0 1.48033e-16)
(1.4797e-16 -1.15824e-17 0 1.48088e-16 0 1.48032e-16)
(1.48045e-16 -1.15898e-17 0 1.48012e-16 0 1.48032e-16)
(1.48065e-16 -8.91151e-18 0 1.47999e-16 0 1.48025e-16)
(1.48036e-16 -8.73666e-18 0 1.48025e-16 0 1.48028e-16)
(1.47965e-16 -8.81341e-18 0 1.48096e-16 0 1.48028e-16)
(1.48035e-16 -8.80838e-18 0 1.48029e-16 0 1.48025e-16)
(1.48071e-16 -6.70647e-18 0 1.47987e-16 0 1.48031e-16)
(1.4804e-16 -6.57031e-18 0 1.48018e-16 0 1.48031e-16)
(1.47968e-16 -6.61226e-18 0 1.4809e-16 0 1.48031e-16)
(1.48037e-16 -6.60023e-18 0 1.48019e-16 0 1.48033e-16)
(1.48067e-16 -4.96084e-18 0 1.47997e-16 0 1.48026e-16)
(1.48041e-16 -4.87144e-18 0 1.48017e-16 0 1.48031e-16)
(1.47967e-16 -4.8835e-18 0 1.48094e-16 0 1.48029e-16)
(1.48027e-16 -4.8609e-18 0 1.48037e-16 0 1.48026e-16)
(1.48072e-16 -3.59863e-18 0 1.47985e-16 0 1.48032e-16)
(1.48043e-16 -3.56443e-18 0 1.48014e-16 0 1.48032e-16)
(1.4797e-16 -3.54538e-18 0 1.48089e-16 0 1.4803e-16)
(1.48026e-16 -3.52145e-18 0 1.48031e-16 0 1.48032e-16)
(1.48068e-16 -2.54889e-18 0 1.47992e-16 0 1.48029e-16)
(1.48046e-16 -2.56076e-18 0 1.4801e-16 0 1.48034e-16)
(1.47972e-16 -2.51726e-18 0 1.48087e-16 0 1.4803e-16)
(1.4802e-16 -2.48315e-18 0 1.48041e-16 0 1.48028e-16)
(1.48061e-16 -1.73907e-18 0 1.48005e-16 0 1.48024e-16)
(1.48038e-16 -1.80774e-18 0 1.48026e-16 0 1.48026e-16)
(1.47974e-16 -1.73632e-18 0 1.48087e-16 0 1.48028e-16)
(1.4802e-16 -1.70709e-18 0 1.48039e-16 0 1.4803e-16)
(1.48068e-16 -1.12085e-18 0 1.47988e-16 0 1.48033e-16)
(1.48044e-16 -1.23229e-18 0 1.48012e-16 0 1.48033e-16)
(1.47981e-16 -1.14168e-18 0 1.48076e-16 0 1.48032e-16)
(1.48018e-16 -1.09785e-18 0 1.48043e-16 0 1.48028e-16)
(1.48061e-16 -6.39512e-19 0 1.47999e-16 0 1.48029e-16)
(1.48043e-16 -8.05937e-19 0 1.48015e-16 0 1.48032e-16)
(1.47985e-16 -6.87564e-19 0 1.48074e-16 0 1.48031e-16)
(1.48019e-16 -6.59785e-19 0 1.4804e-16 0 1.4803e-16)
(1.4805e-16 -2.57631e-19 0 1.48016e-16 0 1.48023e-16)
(1.48035e-16 -4.67268e-19 0 1.48029e-16 0 1.48026e-16)
(1.47985e-16 -3.32087e-19 0 1.48077e-16 0 1.48027e-16)
(1.4802e-16 -2.84201e-19 0 1.4804e-16 0 1.48029e-16)
(1.48058e-16 5.37195e-20 0 1.47997e-16 0 1.48034e-16)
(1.48046e-16 -2.12665e-19 0 1.48005e-16 0 1.48039e-16)
(1.47992e-16 -4.27383e-20 0 1.48068e-16 0 1.48029e-16)
(1.48023e-16 -1.22647e-20 0 1.48035e-16 0 1.48031e-16)
(1.48042e-16 3.42024e-19 0 1.48023e-16 0 1.48025e-16)
(1.48035e-16 2.67368e-20 0 1.48025e-16 0 1.4803e-16)
(1.47995e-16 2.13394e-19 0 1.48067e-16 0 1.48027e-16)
(1.48025e-16 3.49971e-19 0 1.48034e-16 0 1.48031e-16)
(1.48038e-16 6.02531e-19 0 1.48027e-16 0 1.48025e-16)
(1.4803e-16 2.27863e-19 0 1.48031e-16 0 1.48028e-16)
(1.48006e-16 4.57388e-19 0 1.48056e-16 0 1.48028e-16)
(1.48026e-16 6.90173e-19 0 1.48034e-16 0 1.48029e-16)
(1.48038e-16 8.98702e-19 0 1.48018e-16 0 1.48033e-16)
(1.48034e-16 4.5931e-19 0 1.48021e-16 0 1.48034e-16)
(1.48018e-16 7.14104e-19 0 1.4804e-16 0 1.48032e-16)
(1.48027e-16 1.02123e-18 0 1.48032e-16 0 1.4803e-16)
(1.48027e-16 1.20892e-18 0 1.48036e-16 0 1.48026e-16)
(1.48024e-16 7.00744e-19 0 1.48038e-16 0 1.48027e-16)
(1.48028e-16 9.21021e-19 0 1.48032e-16 0 1.4803e-16)
(1.48028e-16 1.32745e-18 0 1.48032e-16 0 1.48029e-16)
(1.48022e-16 1.49439e-18 0 1.48038e-16 0 1.48029e-16)
(1.48022e-16 1.03747e-18 0 1.48036e-16 0 1.48031e-16)
(1.48038e-16 1.17465e-18 0 1.48022e-16 0 1.4803e-16)
(1.4803e-16 1.5037e-18 0 1.48029e-16 0 1.4803e-16)
(1.4802e-16 1.7762e-18 0 1.48039e-16 0 1.4803e-16)
(1.48019e-16 1.48467e-18 0 1.48039e-16 0 1.48032e-16)
(1.48042e-16 1.55561e-18 0 1.48018e-16 0 1.48029e-16)
(1.48032e-16 1.78169e-18 0 1.48027e-16 0 1.4803e-16)
(1.48017e-16 2.12436e-18 0 1.48044e-16 0 1.48028e-16)
(1.48015e-16 1.93964e-18 0 1.48043e-16 0 1.4803e-16)
(1.48046e-16 1.98567e-18 0 1.48014e-16 0 1.4803e-16)
(1.48033e-16 2.12593e-18 0 1.48027e-16 0 1.4803e-16)
(1.48019e-16 2.56134e-18 0 1.48041e-16 0 1.48029e-16)
(1.48015e-16 2.46103e-18 0 1.48043e-16 0 1.48031e-16)
(1.48046e-16 2.47896e-18 0 1.48014e-16 0 1.48029e-16)
(1.48033e-16 2.56096e-18 0 1.48026e-16 0 1.4803e-16)
(1.48021e-16 3.07107e-18 0 1.4804e-16 0 1.48029e-16)
(1.48015e-16 3.01771e-18 0 1.48043e-16 0 1.4803e-16)
(1.48046e-16 3.03131e-18 0 1.48014e-16 0 1.4803e-16)
(1.48033e-16 3.07279e-18 0 1.48027e-16 0 1.4803e-16)
(1.48024e-16 3.65664e-18 0 1.48037e-16 0 1.48029e-16)
(1.48016e-16 3.64813e-18 0 1.48042e-16 0 1.48031e-16)
(1.48045e-16 3.65271e-18 0 1.48014e-16 0 1.48029e-16)
(1.48033e-16 3.66034e-18 0 1.48027e-16 0 1.4803e-16)
(1.48026e-16 4.30859e-18 0 1.48034e-16 0 1.48029e-16)
(1.48018e-16 4.32666e-18 0 1.48041e-16 0 1.4803e-16)
(1.48044e-16 4.33142e-18 0 1.48016e-16 0 1.48029e-16)
(1.48032e-16 4.31068e-18 0 1.48027e-16 0 1.4803e-16)
(1.48027e-16 5.00608e-18 0 1.48033e-16 0 1.48029e-16)
(1.4802e-16 5.06586e-18 0 1.48039e-16 0 1.4803e-16)
(1.48042e-16 5.06773e-18 0 1.48018e-16 0 1.48029e-16)
(1.48032e-16 5.00997e-18 0 1.48028e-16 0 1.4803e-16)
(1.48029e-16 5.73889e-18 0 1.48031e-16 0 1.48029e-16)
(1.48022e-16 5.80053e-18 0 1.48037e-16 0 1.4803e-16)
(1.48039e-16 5.80342e-18 0 1.4802e-16 0 1.4803e-16)
(1.4803e-16 5.74009e-18 0 1.48029e-16 0 1.4803e-16)
(1.48028e-16 6.47104e-18 0 1.48032e-16 0 1.48029e-16)
(1.48024e-16 6.52626e-18 0 1.48035e-16 0 1.4803e-16)
(1.48038e-16 6.52776e-18 0 1.48022e-16 0 1.48029e-16)
(1.4803e-16 6.47471e-18 0 1.4803e-16 0 1.4803e-16)
(1.48029e-16 7.18682e-18 0 1.48031e-16 0 1.48029e-16)
(1.48025e-16 7.23322e-18 0 1.48034e-16 0 1.4803e-16)
(1.48036e-16 7.23489e-18 0 1.48024e-16 0 1.4803e-16)
(1.48029e-16 7.18669e-18 0 1.4803e-16 0 1.4803e-16)
(1.48029e-16 7.8383e-18 0 1.48031e-16 0 1.48029e-16)
(1.48027e-16 7.88208e-18 0 1.48032e-16 0 1.4803e-16)
(1.48034e-16 7.8829e-18 0 1.48025e-16 0 1.4803e-16)
(1.48029e-16 7.83784e-18 0 1.4803e-16 0 1.4803e-16)
(1.48029e-16 8.39532e-18 0 1.48031e-16 0 1.48029e-16)
(1.48028e-16 8.43228e-18 0 1.48032e-16 0 1.4803e-16)
(1.48033e-16 8.43349e-18 0 1.48027e-16 0 1.4803e-16)
(1.48029e-16 8.39203e-18 0 1.4803e-16 0 1.4803e-16)
(1.48029e-16 8.81368e-18 0 1.4803e-16 0 1.4803e-16)
(1.48028e-16 8.8407e-18 0 1.48031e-16 0 1.4803e-16)
(1.48032e-16 8.84275e-18 0 1.48028e-16 0 1.4803e-16)
(1.48029e-16 8.80826e-18 0 1.4803e-16 0 1.4803e-16)
(1.4803e-16 9.05154e-18 0 1.4803e-16 0 1.4803e-16)
(1.48029e-16 9.07014e-18 0 1.4803e-16 0 1.4803e-16)
(1.48031e-16 9.07504e-18 0 1.48028e-16 0 1.4803e-16)
(1.48029e-16 9.04541e-18 0 1.4803e-16 0 1.4803e-16)
(1.48029e-16 9.07861e-18 0 1.48031e-16 0 1.4803e-16)
(1.48029e-16 9.07966e-18 0 1.4803e-16 0 1.4803e-16)
(1.48031e-16 9.09253e-18 0 1.48029e-16 0 1.4803e-16)
(1.48029e-16 9.06929e-18 0 1.4803e-16 0 1.4803e-16)
(1.48029e-16 8.84611e-18 0 1.48031e-16 0 1.4803e-16)
(1.4803e-16 8.84419e-18 0 1.4803e-16 0 1.4803e-16)
(1.4803e-16 8.86153e-18 0 1.48029e-16 0 1.4803e-16)
(1.48029e-16 8.84188e-18 0 1.4803e-16 0 1.4803e-16)
(1.48029e-16 8.3418e-18 0 1.48031e-16 0 1.4803e-16)
(1.4803e-16 8.34093e-18 0 1.48029e-16 0 1.4803e-16)
(1.4803e-16 8.35282e-18 0 1.48029e-16 0 1.4803e-16)
(1.48029e-16 8.34092e-18 0 1.4803e-16 0 1.4803e-16)
(1.48029e-16 7.56309e-18 0 1.48031e-16 0 1.4803e-16)
(1.4803e-16 7.56419e-18 0 1.48029e-16 0 1.4803e-16)
(1.4803e-16 7.56822e-18 0 1.48029e-16 0 1.4803e-16)
(1.48029e-16 7.56316e-18 0 1.4803e-16 0 1.4803e-16)
(1.48029e-16 6.52945e-18 0 1.48031e-16 0 1.4803e-16)
(1.4803e-16 6.53082e-18 0 1.48029e-16 0 1.4803e-16)
(1.4803e-16 6.53123e-18 0 1.4803e-16 0 1.4803e-16)
(1.48029e-16 6.53008e-18 0 1.4803e-16 0 1.4803e-16)
(1.48029e-16 5.28975e-18 0 1.4803e-16 0 1.4803e-16)
(1.4803e-16 5.29117e-18 0 1.48029e-16 0 1.4803e-16)
(1.4803e-16 5.28999e-18 0 1.4803e-16 0 1.4803e-16)
(1.4803e-16 5.29037e-18 0 1.4803e-16 0 1.4803e-16)
(1.48029e-16 3.92832e-18 0 1.4803e-16 0 1.4803e-16)
(1.4803e-16 3.9293e-18 0 1.4803e-16 0 1.4803e-16)
(1.4803e-16 3.92795e-18 0 1.4803e-16 0 1.4803e-16)
(1.4803e-16 3.92877e-18 0 1.4803e-16 0 1.4803e-16)
(1.4803e-16 2.57067e-18 0 1.4803e-16 0 1.4803e-16)
(1.4803e-16 2.57128e-18 0 1.4803e-16 0 1.4803e-16)
(1.4803e-16 2.57026e-18 0 1.4803e-16 0 1.4803e-16)
(1.4803e-16 2.57093e-18 0 1.4803e-16 0 1.4803e-16)
(1.4803e-16 1.39272e-18 0 1.4803e-16 0 1.4803e-16)
(1.4803e-16 1.39303e-18 0 1.4803e-16 0 1.4803e-16)
(1.4803e-16 1.39246e-18 0 1.4803e-16 0 1.4803e-16)
(1.4803e-16 1.39276e-18 0 1.4803e-16 0 1.4803e-16)
(1.4803e-16 5.43007e-19 0 1.4803e-16 0 1.4803e-16)
(1.4803e-16 5.43116e-19 0 1.4803e-16 0 1.4803e-16)
(1.4803e-16 5.42865e-19 0 1.4803e-16 0 1.4803e-16)
(1.4803e-16 5.42951e-19 0 1.4803e-16 0 1.4803e-16)
(1.4803e-16 1.06503e-19 0 1.4803e-16 0 1.4803e-16)
(1.4803e-16 1.06523e-19 0 1.4803e-16 0 1.4803e-16)
(1.4803e-16 1.06465e-19 0 1.4803e-16 0 1.4803e-16)
(1.4803e-16 1.06484e-19 0 1.4803e-16 0 1.4803e-16)
(2.59057e-16 -1.25041e-16 0 2.59066e-16 0 2.59073e-16)
(2.58687e-16 -1.24853e-16 0 2.58717e-16 0 2.58694e-16)
(2.59052e-16 -1.2507e-16 0 2.59031e-16 0 2.59045e-16)
(2.58678e-16 -1.24883e-16 0 2.5876e-16 0 2.58692e-16)
(2.73948e-16 -1.33193e-16 0 2.7388e-16 0 2.73895e-16)
(2.73592e-16 -1.33024e-16 0 2.73564e-16 0 2.73583e-16)
(2.73925e-16 -1.33243e-16 0 2.7393e-16 0 2.73917e-16)
(2.73693e-16 -1.33088e-16 0 2.73636e-16 0 2.73656e-16)
(2.82201e-16 -1.36465e-16 0 2.82081e-16 0 2.82152e-16)
(2.81926e-16 -1.36384e-16 0 2.8195e-16 0 2.81928e-16)
(2.8222e-16 -1.36529e-16 0 2.82214e-16 0 2.82227e-16)
(2.82123e-16 -1.36456e-16 0 2.8206e-16 0 2.82105e-16)
(2.84703e-16 -1.36055e-16 0 2.84616e-16 0 2.8466e-16)
(2.84536e-16 -1.36018e-16 0 2.84527e-16 0 2.84544e-16)
(2.84749e-16 -1.36109e-16 0 2.84764e-16 0 2.84761e-16)
(2.84698e-16 -1.36075e-16 0 2.84695e-16 0 2.84696e-16)
(2.82641e-16 -1.33494e-16 0 2.82574e-16 0 2.82608e-16)
(2.82518e-16 -1.33474e-16 0 2.82566e-16 0 2.82534e-16)
(2.82687e-16 -1.33536e-16 0 2.82723e-16 0 2.82702e-16)
(2.8266e-16 -1.33515e-16 0 2.82666e-16 0 2.82666e-16)
(2.77062e-16 -1.2978e-16 0 2.7702e-16 0 2.77039e-16)
(2.7698e-16 -1.29765e-16 0 2.7702e-16 0 2.76997e-16)
(2.77114e-16 -1.29812e-16 0 2.77124e-16 0 2.77122e-16)
(2.77064e-16 -1.29792e-16 0 2.77097e-16 0 2.77076e-16)
(2.68871e-16 -1.25376e-16 0 2.68847e-16 0 2.6886e-16)
(2.68815e-16 -1.25361e-16 0 2.68827e-16 0 2.68834e-16)
(2.6892e-16 -1.254e-16 0 2.68917e-16 0 2.68921e-16)
(2.68861e-16 -1.25379e-16 0 2.68884e-16 0 2.68871e-16)
(2.58825e-16 -1.2046e-16 0 2.58823e-16 0 2.58823e-16)
(2.58755e-16 -1.20441e-16 0 2.58823e-16 0 2.5877e-16)
(2.58872e-16 -1.20477e-16 0 2.58852e-16 0 2.58865e-16)
(2.58798e-16 -1.20451e-16 0 2.58814e-16 0 2.58808e-16)
(2.47546e-16 -1.15138e-16 0 2.47563e-16 0 2.47553e-16)
(2.47502e-16 -1.15113e-16 0 2.47486e-16 0 2.47513e-16)
(2.47595e-16 -1.15151e-16 0 2.4757e-16 0 2.47581e-16)
(2.47502e-16 -1.15118e-16 0 2.47521e-16 0 2.47508e-16)
(2.35558e-16 -1.09542e-16 0 2.35563e-16 0 2.35567e-16)
(2.35475e-16 -1.09509e-16 0 2.35523e-16 0 2.35483e-16)
(2.35612e-16 -1.09553e-16 0 2.35555e-16 0 2.35596e-16)
(2.3549e-16 -1.09509e-16 0 2.35499e-16 0 2.35492e-16)
(2.2325e-16 -1.03819e-16 0 2.23285e-16 0 2.23258e-16)
(2.23172e-16 -1.03777e-16 0 2.23171e-16 0 2.23182e-16)
(2.23299e-16 -1.0383e-16 0 2.23282e-16 0 2.23282e-16)
(2.23168e-16 -1.03772e-16 0 2.2316e-16 0 2.23163e-16)
(2.10987e-16 -9.10164e-17 0 2.10972e-16 0 2.10987e-16)
(2.10844e-16 -9.11356e-17 0 2.10906e-16 0 2.10858e-16)
(2.11018e-16 -9.13074e-17 0 2.10991e-16 0 2.11005e-16)
(2.10849e-16 -9.13778e-17 0 2.10828e-16 0 2.10845e-16)
(1.99131e-16 -7.24648e-17 0 1.99123e-16 0 1.99123e-16)
(1.98973e-16 -7.25193e-17 0 1.98983e-16 0 1.98992e-16)
(1.99155e-16 -7.26459e-17 0 1.99128e-16 0 1.99145e-16)
(1.98934e-16 -7.27243e-17 0 1.9892e-16 0 1.98926e-16)
(1.88021e-16 -5.70203e-17 0 1.87983e-16 0 1.88004e-16)
(1.87797e-16 -5.70096e-17 0 1.8786e-16 0 1.87814e-16)
(1.88015e-16 -5.71161e-17 0 1.88014e-16 0 1.8801e-16)
(1.87734e-16 -5.72275e-17 0 1.87727e-16 0 1.87732e-16)
(1.77805e-16 -4.44027e-17 0 1.7778e-16 0 1.77783e-16)
(1.77553e-16 -4.43352e-17 0 1.77579e-16 0 1.77573e-16)
(1.77805e-16 -4.4374e-17 0 1.77773e-16 0 1.77803e-16)
(1.775e-16 -4.45663e-17 0 1.77504e-16 0 1.77496e-16)
(1.68609e-16 -3.4281e-17 0 1.68532e-16 0 1.68583e-16)
(1.68295e-16 -3.41582e-17 0 1.68305e-16 0 1.6831e-16)
(1.68583e-16 -3.39766e-17 0 1.68558e-16 0 1.68586e-16)
(1.68233e-16 -3.43153e-17 0 1.68282e-16 0 1.68238e-16)
(1.6041e-16 -2.6254e-17 0 1.60382e-16 0 1.60381e-16)
(1.60042e-16 -2.61006e-17 0 1.60087e-16 0 1.6005e-16)
(1.60386e-16 -2.58172e-17 0 1.60406e-16 0 1.6039e-16)
(1.60007e-16 -2.61794e-17 0 1.60021e-16 0 1.60021e-16)
(1.53274e-16 -1.99484e-17 0 1.53195e-16 0 1.53243e-16)
(1.52841e-16 -1.97774e-17 0 1.52822e-16 0 1.5284e-16)
(1.53247e-16 -1.94876e-17 0 1.53248e-16 0 1.53253e-16)
(1.52769e-16 -1.98164e-17 0 1.52823e-16 0 1.52792e-16)
(1.48058e-16 -1.5176e-17 0 1.48004e-16 0 1.48028e-16)
(1.48033e-16 -1.50674e-17 0 1.48032e-16 0 1.48024e-16)
(1.48021e-16 -1.469e-17 0 1.48041e-16 0 1.48027e-16)
(1.48004e-16 -1.50215e-17 0 1.48051e-16 0 1.48034e-16)
(1.48057e-16 -1.17896e-17 0 1.48003e-16 0 1.48029e-16)
(1.48048e-16 -1.16871e-17 0 1.48011e-16 0 1.4803e-16)
(1.48025e-16 -1.13124e-17 0 1.48036e-16 0 1.48028e-16)
(1.47996e-16 -1.16224e-17 0 1.48061e-16 0 1.48033e-16)
(1.48058e-16 -9.06937e-18 0 1.48001e-16 0 1.48031e-16)
(1.48053e-16 -9.00035e-18 0 1.48007e-16 0 1.48029e-16)
(1.48031e-16 -8.6101e-18 0 1.48025e-16 0 1.48033e-16)
(1.47985e-16 -8.85919e-18 0 1.48077e-16 0 1.48027e-16)
(1.4805e-16 -6.88162e-18 0 1.48011e-16 0 1.48029e-16)
(1.48064e-16 -6.82113e-18 0 1.47994e-16 0 1.48031e-16)
(1.48033e-16 -6.45748e-18 0 1.48025e-16 0 1.48031e-16)
(1.47984e-16 -6.66366e-18 0 1.48076e-16 0 1.4803e-16)
(1.48049e-16 -5.1956e-18 0 1.48009e-16 0 1.48031e-16)
(1.48066e-16 -5.1717e-18 0 1.47994e-16 0 1.48029e-16)
(1.48033e-16 -4.79621e-18 0 1.48025e-16 0 1.48031e-16)
(1.4798e-16 -4.92976e-18 0 1.4808e-16 0 1.48029e-16)
(1.48039e-16 -3.81021e-18 0 1.48022e-16 0 1.48028e-16)
(1.48074e-16 -3.77723e-18 0 1.47986e-16 0 1.48029e-16)
(1.4804e-16 -3.48961e-18 0 1.48019e-16 0 1.4803e-16)
(1.4798e-16 -3.57545e-18 0 1.48079e-16 0 1.4803e-16)
(1.48039e-16 -2.66356e-18 0 1.48021e-16 0 1.4803e-16)
(1.48075e-16 -2.65664e-18 0 1.47986e-16 0 1.48028e-16)
(1.48041e-16 -2.51456e-18 0 1.48017e-16 0 1.48031e-16)
(1.47983e-16 -2.53939e-18 0 1.48072e-16 0 1.48034e-16)
(1.48032e-16 -1.81797e-18 0 1.48029e-16 0 1.48028e-16)
(1.48076e-16 -1.79096e-18 0 1.47985e-16 0 1.48028e-16)
(1.48036e-16 -1.75694e-18 0 1.4803e-16 0 1.48023e-16)
(1.47972e-16 -1.73861e-18 0 1.48096e-16 0 1.48021e-16)
(1.48039e-16 -1.1684e-18 0 1.48017e-16 0 1.48033e-16)
(1.48082e-16 -1.16387e-18 0 1.47972e-16 0 1.48036e-16)
(1.48053e-16 -1.20366e-18 0 1.47994e-16 0 1.48042e-16)
(1.47988e-16 -1.13699e-18 0 1.48067e-16 0 1.48035e-16)
(1.48028e-16 -6.92886e-19 0 1.48035e-16 0 1.48026e-16)
(1.48066e-16 -6.53079e-19 0 1.48e-16 0 1.48023e-16)
(1.48038e-16 -7.64798e-19 0 1.48027e-16 0 1.48025e-16)
(1.47987e-16 -6.61758e-19 0 1.48073e-16 0 1.4803e-16)
(1.48037e-16 -2.8463e-19 0 1.4802e-16 0 1.48032e-16)
(1.48076e-16 -2.54509e-19 0 1.47978e-16 0 1.48036e-16)
(1.4804e-16 -4.32627e-19 0 1.4802e-16 0 1.4803e-16)
(1.47983e-16 -2.98407e-19 0 1.48083e-16 0 1.48023e-16)
(1.48032e-16 2.42461e-20 0 1.48026e-16 0 1.4803e-16)
(1.48064e-16 1.03588e-19 0 1.47995e-16 0 1.4803e-16)
(1.4805e-16 -1.46557e-19 0 1.48e-16 0 1.48039e-16)
(1.48013e-16 1.44712e-20 0 1.4803e-16 0 1.48046e-16)
(1.48032e-16 3.38135e-19 0 1.48034e-16 0 1.48023e-16)
(1.48054e-16 3.53261e-19 0 1.48012e-16 0 1.48023e-16)
(1.48018e-16 1.03864e-19 0 1.48059e-16 0 1.48012e-16)
(1.47993e-16 2.76999e-19 0 1.48073e-16 0 1.48023e-16)
(1.48035e-16 5.49906e-19 0 1.48021e-16 0 1.48033e-16)
(1.48058e-16 5.24931e-19 0 1.47997e-16 0 1.48034e-16)
(1.48044e-16 3.56027e-19 0 1.48008e-16 0 1.48037e-16)
(1.48009e-16 5.35905e-19 0 1.4805e-16 0 1.48031e-16)
(1.4803e-16 7.76624e-19 0 1.48031e-16 0 1.48028e-16)
(1.48051e-16 7.50752e-19 0 1.48009e-16 0 1.48029e-16)
(1.48037e-16 6.28107e-19 0 1.48022e-16 0 1.48031e-16)
(1.48015e-16 8.00569e-19 0 1.48041e-16 0 1.48033e-16)
(1.48022e-16 1.02067e-18 0 1.48039e-16 0 1.48029e-16)
(1.48044e-16 9.33044e-19 0 1.48017e-16 0 1.48028e-16)
(1.48034e-16 8.93594e-19 0 1.48029e-16 0 1.48026e-16)
(1.48013e-16 1.09329e-18 0 1.48052e-16 0 1.48024e-16)
(1.48021e-16 1.2687e-18 0 1.48036e-16 0 1.48032e-16)
(1.48048e-16 1.23526e-18 0 1.48008e-16 0 1.48033e-16)
(1.48047e-16 1.1958e-18 0 1.48005e-16 0 1.48037e-16)
(1.48027e-16 1.36494e-18 0 1.48029e-16 0 1.48033e-16)
(1.48013e-16 1.63403e-18 0 1.48048e-16 0 1.48028e-16)
(1.4804e-16 1.59323e-18 0 1.4802e-16 0 1.48029e-16)
(1.48038e-16 1.5218e-18 0 1.48024e-16 0 1.48027e-16)
(1.48029e-16 1.63091e-18 0 1.4803e-16 0 1.4803e-16)
(1.48014e-16 2.03659e-18 0 1.48045e-16 0 1.48029e-16)
(1.48038e-16 2.02042e-18 0 1.48022e-16 0 1.48029e-16)
(1.4804e-16 1.92299e-18 0 1.4802e-16 0 1.4803e-16)
(1.48033e-16 1.98559e-18 0 1.48026e-16 0 1.4803e-16)
(1.48014e-16 2.50463e-18 0 1.48046e-16 0 1.48029e-16)
(1.48037e-16 2.48874e-18 0 1.48022e-16 0 1.4803e-16)
(1.48039e-16 2.37628e-18 0 1.48021e-16 0 1.4803e-16)
(1.48036e-16 2.41083e-18 0 1.48023e-16 0 1.4803e-16)
(1.48015e-16 3.04364e-18 0 1.48045e-16 0 1.4803e-16)
(1.48033e-16 3.03804e-18 0 1.48026e-16 0 1.48029e-16)
(1.48036e-16 2.90273e-18 0 1.48024e-16 0 1.4803e-16)
(1.48038e-16 2.92075e-18 0 1.48021e-16 0 1.4803e-16)
(1.48015e-16 3.64317e-18 0 1.48045e-16 0 1.48029e-16)
(1.48031e-16 3.63893e-18 0 1.48028e-16 0 1.4803e-16)
(1.48033e-16 3.52886e-18 0 1.48026e-16 0 1.4803e-16)
(1.4804e-16 3.5338e-18 0 1.48019e-16 0 1.4803e-16)
(1.48017e-16 4.3132e-18 0 1.48043e-16 0 1.4803e-16)
(1.4803e-16 4.30965e-18 0 1.4803e-16 0 1.4803e-16)
(1.48032e-16 4.24727e-18 0 1.48027e-16 0 1.4803e-16)
(1.48041e-16 4.25343e-18 0 1.48018e-16 0 1.4803e-16)
(1.48018e-16 5.01433e-18 0 1.48041e-16 0 1.4803e-16)
(1.48029e-16 5.01509e-18 0 1.4803e-16 0 1.4803e-16)
(1.48031e-16 5.00009e-18 0 1.48028e-16 0 1.4803e-16)
(1.4804e-16 4.99685e-18 0 1.4802e-16 0 1.4803e-16)
(1.48019e-16 5.76183e-18 0 1.4804e-16 0 1.4803e-16)
(1.48029e-16 5.75791e-18 0 1.4803e-16 0 1.4803e-16)
(1.48031e-16 5.7687e-18 0 1.48029e-16 0 1.4803e-16)
(1.48039e-16 5.77407e-18 0 1.4802e-16 0 1.4803e-16)
(1.48021e-16 6.49618e-18 0 1.48039e-16 0 1.4803e-16)
(1.48029e-16 6.49861e-18 0 1.4803e-16 0 1.4803e-16)
(1.48031e-16 6.52127e-18 0 1.48028e-16 0 1.4803e-16)
(1.48037e-16 6.51609e-18 0 1.48022e-16 0 1.4803e-16)
(1.48022e-16 7.22033e-18 0 1.48038e-16 0 1.48029e-16)
(1.4803e-16 7.21845e-18 0 1.4803e-16 0 1.48029e-16)
(1.48031e-16 7.22167e-18 0 1.48029e-16 0 1.48029e-16)
(1.48035e-16 7.22529e-18 0 1.48024e-16 0 1.4803e-16)
(1.48024e-16 7.87118e-18 0 1.48036e-16 0 1.48029e-16)
(1.4803e-16 7.87424e-18 0 1.4803e-16 0 1.4803e-16)
(1.48031e-16 7.87541e-18 0 1.48029e-16 0 1.4803e-16)
(1.48035e-16 7.87362e-18 0 1.48024e-16 0 1.4803e-16)
(1.48025e-16 8.42794e-18 0 1.48034e-16 0 1.4803e-16)
(1.4803e-16 8.43017e-18 0 1.4803e-16 0 1.4803e-16)
(1.48031e-16 8.42651e-18 0 1.48029e-16 0 1.4803e-16)
(1.48033e-16 8.42889e-18 0 1.48026e-16 0 1.4803e-16)
(1.48027e-16 8.84238e-18 0 1.48033e-16 0 1.4803e-16)
(1.4803e-16 8.84571e-18 0 1.4803e-16 0 1.4803e-16)
(1.48031e-16 8.83932e-18 0 1.48029e-16 0 1.4803e-16)
(1.48032e-16 8.84379e-18 0 1.48027e-16 0 1.4803e-16)
(1.48028e-16 9.07374e-18 0 1.48032e-16 0 1.4803e-16)
(1.4803e-16 9.0793e-18 0 1.4803e-16 0 1.4803e-16)
(1.48031e-16 9.07297e-18 0 1.48029e-16 0 1.4803e-16)
(1.48031e-16 9.07868e-18 0 1.48028e-16 0 1.4803e-16)
(1.48028e-16 9.08966e-18 0 1.48031e-16 0 1.4803e-16)
(1.4803e-16 9.09409e-18 0 1.4803e-16 0 1.4803e-16)
(1.4803e-16 9.09181e-18 0 1.48029e-16 0 1.4803e-16)
(1.48031e-16 9.10973e-18 0 1.48029e-16 0 1.4803e-16)
(1.48029e-16 8.85073e-18 0 1.48031e-16 0 1.4803e-16)
(1.4803e-16 8.85779e-18 0 1.4803e-16 0 1.4803e-16)
(1.48031e-16 8.85594e-18 0 1.48029e-16 0 1.4803e-16)
(1.4803e-16 8.8704e-18 0 1.48029e-16 0 1.4803e-16)
(1.48029e-16 8.34621e-18 0 1.4803e-16 0 1.4803e-16)
(1.4803e-16 8.34914e-18 0 1.4803e-16 0 1.4803e-16)
(1.48031e-16 8.34617e-18 0 1.48029e-16 0 1.4803e-16)
(1.4803e-16 8.35592e-18 0 1.48029e-16 0 1.4803e-16)
(1.48029e-16 7.56469e-18 0 1.4803e-16 0 1.4803e-16)
(1.4803e-16 7.56576e-18 0 1.4803e-16 0 1.4803e-16)
(1.4803e-16 7.56651e-18 0 1.48029e-16 0 1.4803e-16)
(1.4803e-16 7.56931e-18 0 1.48029e-16 0 1.4803e-16)
(1.4803e-16 6.53134e-18 0 1.4803e-16 0 1.4803e-16)
(1.4803e-16 6.53128e-18 0 1.4803e-16 0 1.4803e-16)
(1.4803e-16 6.53132e-18 0 1.48029e-16 0 1.4803e-16)
(1.4803e-16 6.53112e-18 0 1.4803e-16 0 1.4803e-16)
(1.4803e-16 5.29097e-18 0 1.4803e-16 0 1.4803e-16)
(1.4803e-16 5.29103e-18 0 1.4803e-16 0 1.4803e-16)
(1.4803e-16 5.29153e-18 0 1.48029e-16 0 1.4803e-16)
(1.4803e-16 5.28963e-18 0 1.4803e-16 0 1.4803e-16)
(1.4803e-16 3.92938e-18 0 1.4803e-16 0 1.4803e-16)
(1.4803e-16 3.92931e-18 0 1.4803e-16 0 1.4803e-16)
(1.4803e-16 3.92933e-18 0 1.4803e-16 0 1.4803e-16)
(1.4803e-16 3.92758e-18 0 1.4803e-16 0 1.4803e-16)
(1.4803e-16 2.5713e-18 0 1.4803e-16 0 1.4803e-16)
(1.4803e-16 2.57116e-18 0 1.4803e-16 0 1.4803e-16)
(1.4803e-16 2.57108e-18 0 1.4803e-16 0 1.4803e-16)
(1.4803e-16 2.56991e-18 0 1.4803e-16 0 1.4803e-16)
(1.4803e-16 1.39291e-18 0 1.4803e-16 0 1.4803e-16)
(1.4803e-16 1.3928e-18 0 1.4803e-16 0 1.4803e-16)
(1.4803e-16 1.39267e-18 0 1.4803e-16 0 1.4803e-16)
(1.4803e-16 1.39215e-18 0 1.4803e-16 0 1.4803e-16)
(1.4803e-16 5.42986e-19 0 1.4803e-16 0 1.4803e-16)
(1.4803e-16 5.42975e-19 0 1.4803e-16 0 1.4803e-16)
(1.4803e-16 5.42929e-19 0 1.4803e-16 0 1.4803e-16)
(1.4803e-16 5.42744e-19 0 1.4803e-16 0 1.4803e-16)
(1.4803e-16 1.06499e-19 0 1.4803e-16 0 1.4803e-16)
(1.4803e-16 1.0651e-19 0 1.4803e-16 0 1.4803e-16)
(1.4803e-16 1.06497e-19 0 1.4803e-16 0 1.4803e-16)
(1.4803e-16 1.06447e-19 0 1.4803e-16 0 1.4803e-16)
)
;

boundaryField
{
    topWall
    {
        type            kqRWallFunction;
        value           uniform (1.4803e-16 0 0 1.4803e-16 0 1.4803e-16);
    }
    botWall
    {
        type            kqRWallFunction;
        value           uniform (1.4803e-16 0 0 1.4803e-16 0 1.4803e-16);
    }
    inlet
    {
        type            cyclic;
    }
    outlet
    {
        type            cyclic;
    }
    fixWall
    {
        type            empty;
    }
}


// ************************************************************************* //
