/*--------------------------------*- C++ -*----------------------------------*\
  =========                 |
  \\      /  F ield         | OpenFOAM: The Open Source CFD Toolbox
   \\    /   O peration     | Website:  https://openfoam.org
    \\  /    A nd           | Version:  dev
     \\/     M anipulation  |

   OpenFOAM for Windows 20.09 (v1)
   Built by CFD Support, www.cfdsupport.com (based on Symscape).
\*---------------------------------------------------------------------------*/
FoamFile
{
    version     2.0;
    format      ascii;
    class       vectorField;
    location    "constant/polyMesh";
    object      points;
}
// * * * * * * * * * * * * * * * * * * * * * * * * * * * * * * * * * * * * * //


288
(
(0 0.025 0)
(0.05 0.025 0)
(0.1 0.025 0)
(0.15 0.025 0)
(0.2 0.025 0)
(0 0.02583333333 0)
(0.05 0.02583333333 0)
(0.1 0.02583333333 0)
(0.15 0.02583333333 0)
(0.2 0.02583333333 0)
(0 0.02666666667 0)
(0.05 0.02666666667 0)
(0.1 0.02666666667 0)
(0.15 0.02666666667 0)
(0.2 0.02666666667 0)
(0 0.0275 0)
(0.05 0.0275 0)
(0.1 0.0275 0)
(0.15 0.0275 0)
(0.2 0.0275 0)
(0 0.02833333333 0)
(0.05 0.02833333333 0)
(0.1 0.02833333333 0)
(0.15 0.02833333333 0)
(0.2 0.02833333333 0)
(0 0.02916666667 0)
(0.05 0.02916666667 0)
(0.1 0.02916666667 0)
(0.15 0.02916666667 0)
(0.2 0.02916666667 0)
(0 0.03 0)
(0.05 0.03 0)
(0.1 0.03 0)
(0.15 0.03 0)
(0.2 0.03 0)
(0 0.03083333333 0)
(0.05 0.03083333333 0)
(0.1 0.03083333333 0)
(0.15 0.03083333333 0)
(0.2 0.03083333333 0)
(0 0.03166666667 0)
(0.05 0.03166666667 0)
(0.1 0.03166666667 0)
(0.15 0.03166666667 0)
(0.2 0.03166666667 0)
(0 0.0325 0)
(0.05 0.0325 0)
(0.1 0.0325 0)
(0.15 0.0325 0)
(0.2 0.0325 0)
(0 0.03333333333 0)
(0.05 0.03333333333 0)
(0.1 0.03333333333 0)
(0.15 0.03333333333 0)
(0.2 0.03333333333 0)
(0 0.03416666667 0)
(0.05 0.03416666667 0)
(0.1 0.03416666667 0)
(0.15 0.03416666667 0)
(0.2 0.03416666667 0)
(0 0.035 0)
(0.05 0.035 0)
(0.1 0.035 0)
(0.15 0.035 0)
(0.2 0.035 0)
(0 0.03583333333 0)
(0.05 0.03583333333 0)
(0.1 0.03583333333 0)
(0.15 0.03583333333 0)
(0.2 0.03583333333 0)
(0 0.03666666667 0)
(0.05 0.03666666667 0)
(0.1 0.03666666667 0)
(0.15 0.03666666667 0)
(0.2 0.03666666667 0)
(0 0.0375 0)
(0.05 0.0375 0)
(0.1 0.0375 0)
(0.15 0.0375 0)
(0.2 0.0375 0)
(0 0.025 0.001)
(0.05 0.025 0.001)
(0.1 0.025 0.001)
(0.15 0.025 0.001)
(0.2 0.025 0.001)
(0 0.02583333333 0.001)
(0.05 0.02583333333 0.001)
(0.1 0.02583333333 0.001)
(0.15 0.02583333333 0.001)
(0.2 0.02583333333 0.001)
(0 0.02666666667 0.001)
(0.05 0.02666666667 0.001)
(0.1 0.02666666667 0.001)
(0.15 0.02666666667 0.001)
(0.2 0.02666666667 0.001)
(0 0.0275 0.001)
(0.05 0.0275 0.001)
(0.1 0.0275 0.001)
(0.15 0.0275 0.001)
(0.2 0.0275 0.001)
(0 0.02833333333 0.001)
(0.05 0.02833333333 0.001)
(0.1 0.02833333333 0.001)
(0.15 0.02833333333 0.001)
(0.2 0.02833333333 0.001)
(0 0.02916666667 0.001)
(0.05 0.02916666667 0.001)
(0.1 0.02916666667 0.001)
(0.15 0.02916666667 0.001)
(0.2 0.02916666667 0.001)
(0 0.03 0.001)
(0.05 0.03 0.001)
(0.1 0.03 0.001)
(0.15 0.03 0.001)
(0.2 0.03 0.001)
(0 0.03083333333 0.001)
(0.05 0.03083333333 0.001)
(0.1 0.03083333333 0.001)
(0.15 0.03083333333 0.001)
(0.2 0.03083333333 0.001)
(0 0.03166666667 0.001)
(0.05 0.03166666667 0.001)
(0.1 0.03166666667 0.001)
(0.15 0.03166666667 0.001)
(0.2 0.03166666667 0.001)
(0 0.0325 0.001)
(0.05 0.0325 0.001)
(0.1 0.0325 0.001)
(0.15 0.0325 0.001)
(0.2 0.0325 0.001)
(0 0.03333333333 0.001)
(0.05 0.03333333333 0.001)
(0.1 0.03333333333 0.001)
(0.15 0.03333333333 0.001)
(0.2 0.03333333333 0.001)
(0 0.03416666667 0.001)
(0.05 0.03416666667 0.001)
(0.1 0.03416666667 0.001)
(0.15 0.03416666667 0.001)
(0.2 0.03416666667 0.001)
(0 0.035 0.001)
(0.05 0.035 0.001)
(0.1 0.035 0.001)
(0.15 0.035 0.001)
(0.2 0.035 0.001)
(0 0.03583333333 0.001)
(0.05 0.03583333333 0.001)
(0.1 0.03583333333 0.001)
(0.15 0.03583333333 0.001)
(0.2 0.03583333333 0.001)
(0 0.03666666667 0.001)
(0.05 0.03666666667 0.001)
(0.1 0.03666666667 0.001)
(0.15 0.03666666667 0.001)
(0.2 0.03666666667 0.001)
(0 0.0375 0.001)
(0.05 0.0375 0.001)
(0.1 0.0375 0.001)
(0.15 0.0375 0.001)
(0.2 0.0375 0.001)
(0.25 0.025 0)
(0.3 0.025 0)
(0.35 0.025 0)
(0.4 0.025 0)
(0.25 0.02583333333 0)
(0.3 0.02583333333 0)
(0.35 0.02583333333 0)
(0.4 0.02583333333 0)
(0.25 0.02666666667 0)
(0.3 0.02666666667 0)
(0.35 0.02666666667 0)
(0.4 0.02666666667 0)
(0.25 0.0275 0)
(0.3 0.0275 0)
(0.35 0.0275 0)
(0.4 0.0275 0)
(0.25 0.02833333333 0)
(0.3 0.02833333333 0)
(0.35 0.02833333333 0)
(0.4 0.02833333333 0)
(0.25 0.02916666667 0)
(0.3 0.02916666667 0)
(0.35 0.02916666667 0)
(0.4 0.02916666667 0)
(0.25 0.03 0)
(0.3 0.03 0)
(0.35 0.03 0)
(0.4 0.03 0)
(0.25 0.03083333333 0)
(0.3 0.03083333333 0)
(0.35 0.03083333333 0)
(0.4 0.03083333333 0)
(0.25 0.03166666667 0)
(0.3 0.03166666667 0)
(0.35 0.03166666667 0)
(0.4 0.03166666667 0)
(0.25 0.0325 0)
(0.3 0.0325 0)
(0.35 0.0325 0)
(0.4 0.0325 0)
(0.25 0.03333333333 0)
(0.3 0.03333333333 0)
(0.35 0.03333333333 0)
(0.4 0.03333333333 0)
(0.25 0.03416666667 0)
(0.3 0.03416666667 0)
(0.35 0.03416666667 0)
(0.4 0.03416666667 0)
(0.25 0.035 0)
(0.3 0.035 0)
(0.35 0.035 0)
(0.4 0.035 0)
(0.25 0.03583333333 0)
(0.3 0.03583333333 0)
(0.35 0.03583333333 0)
(0.4 0.03583333333 0)
(0.25 0.03666666667 0)
(0.3 0.03666666667 0)
(0.35 0.03666666667 0)
(0.4 0.03666666667 0)
(0.25 0.0375 0)
(0.3 0.0375 0)
(0.35 0.0375 0)
(0.4 0.0375 0)
(0.25 0.025 0.001)
(0.3 0.025 0.001)
(0.35 0.025 0.001)
(0.4 0.025 0.001)
(0.25 0.02583333333 0.001)
(0.3 0.02583333333 0.001)
(0.35 0.02583333333 0.001)
(0.4 0.02583333333 0.001)
(0.25 0.02666666667 0.001)
(0.3 0.02666666667 0.001)
(0.35 0.02666666667 0.001)
(0.4 0.02666666667 0.001)
(0.25 0.0275 0.001)
(0.3 0.0275 0.001)
(0.35 0.0275 0.001)
(0.4 0.0275 0.001)
(0.25 0.02833333333 0.001)
(0.3 0.02833333333 0.001)
(0.35 0.02833333333 0.001)
(0.4 0.02833333333 0.001)
(0.25 0.02916666667 0.001)
(0.3 0.02916666667 0.001)
(0.35 0.02916666667 0.001)
(0.4 0.02916666667 0.001)
(0.25 0.03 0.001)
(0.3 0.03 0.001)
(0.35 0.03 0.001)
(0.4 0.03 0.001)
(0.25 0.03083333333 0.001)
(0.3 0.03083333333 0.001)
(0.35 0.03083333333 0.001)
(0.4 0.03083333333 0.001)
(0.25 0.03166666667 0.001)
(0.3 0.03166666667 0.001)
(0.35 0.03166666667 0.001)
(0.4 0.03166666667 0.001)
(0.25 0.0325 0.001)
(0.3 0.0325 0.001)
(0.35 0.0325 0.001)
(0.4 0.0325 0.001)
(0.25 0.03333333333 0.001)
(0.3 0.03333333333 0.001)
(0.35 0.03333333333 0.001)
(0.4 0.03333333333 0.001)
(0.25 0.03416666667 0.001)
(0.3 0.03416666667 0.001)
(0.35 0.03416666667 0.001)
(0.4 0.03416666667 0.001)
(0.25 0.035 0.001)
(0.3 0.035 0.001)
(0.35 0.035 0.001)
(0.4 0.035 0.001)
(0.25 0.03583333333 0.001)
(0.3 0.03583333333 0.001)
(0.35 0.03583333333 0.001)
(0.4 0.03583333333 0.001)
(0.25 0.03666666667 0.001)
(0.3 0.03666666667 0.001)
(0.35 0.03666666667 0.001)
(0.4 0.03666666667 0.001)
(0.25 0.0375 0.001)
(0.3 0.0375 0.001)
(0.35 0.0375 0.001)
(0.4 0.0375 0.001)
)


// ************************************************************************* //
