/*--------------------------------*- C++ -*----------------------------------*\
  =========                 |
  \\      /  F ield         | OpenFOAM: The Open Source CFD Toolbox
   \\    /   O peration     | Website:  https://openfoam.org
    \\  /    A nd           | Version:  dev
     \\/     M anipulation  |

   OpenFOAM for Windows 20.09 (v1)
   Built by CFD Support, www.cfdsupport.com (based on Symscape).
\*---------------------------------------------------------------------------*/
FoamFile
{
    version     2.0;
    format      ascii;
    class       volSymmTensorField;
    location    "8";
    object      devReff;
}
// * * * * * * * * * * * * * * * * * * * * * * * * * * * * * * * * * * * * * //

dimensions      [0 2 -2 0 0 0 0];

internalField   nonuniform List<symmTensor> 
960
(
(-3.30793e-08 -0.00106968 0 1.97398e-07 0 -1.64319e-07)
(-1.77713e-07 -0.00106761 0 2.55552e-07 0 -7.78388e-08)
(-9.45224e-08 -0.00107504 0 5.70685e-08 0 3.74539e-08)
(-8.59909e-09 -0.00107473 0 2.08505e-08 0 -1.22514e-08)
(1.26122e-07 -0.000979721 0 -1.59624e-07 0 3.35025e-08)
(-1.30942e-07 -0.000979046 0 1.83079e-07 0 -5.21371e-08)
(-8.32449e-08 -0.000978401 0 6.10697e-08 0 2.21752e-08)
(2.6101e-08 -0.000977276 0 -6.40668e-09 0 -1.96943e-08)
(5.95118e-08 -0.000887688 0 -6.85564e-08 0 9.04463e-09)
(-8.22685e-08 -0.000887224 0 1.08786e-07 0 -2.65171e-08)
(-4.68047e-08 -0.000886139 0 2.0558e-08 0 2.62467e-08)
(6.55504e-08 -0.000885091 0 -4.30312e-08 0 -2.25192e-08)
(4.93062e-08 -0.000801542 0 -8.79032e-08 0 3.8597e-08)
(-5.35041e-08 -0.000801241 0 7.99885e-08 0 -2.64844e-08)
(-9.42904e-09 -0.000799899 0 -1.53722e-08 0 2.48012e-08)
(1.06553e-07 -0.000798968 0 -8.47647e-08 0 -2.17879e-08)
(4.23665e-08 -0.000721259 0 -1.06793e-07 0 6.44267e-08)
(-2.91863e-08 -0.000720991 0 5.75431e-08 0 -2.83568e-08)
(2.79324e-08 -0.000719612 0 -5.3173e-08 0 2.52405e-08)
(1.4164e-07 -0.000718909 0 -1.19945e-07 0 -2.16952e-08)
(-5.438e-08 -0.000646753 0 6.23135e-08 0 -7.9336e-09)
(-1.42594e-09 -0.000646546 0 3.09038e-08 0 -2.94778e-08)
(6.0522e-08 -0.000645163 0 -8.57657e-08 0 2.52438e-08)
(1.69357e-07 -0.000644692 0 -1.47634e-07 0 -2.17234e-08)
(2.62528e-09 -0.000577832 0 -7.26317e-08 0 7.00064e-08)
(2.29725e-08 -0.000577713 0 6.43343e-09 0 -2.94059e-08)
(8.89734e-08 -0.000576383 0 -1.13477e-07 0 2.45033e-08)
(1.89435e-07 -0.000576132 0 -1.68018e-07 0 -2.14173e-08)
(-7.51995e-08 -0.000514474 0 6.88646e-08 0 6.3349e-09)
(4.76889e-08 -0.000514443 0 -1.88296e-08 0 -2.88593e-08)
(1.13739e-07 -0.000513084 0 -1.39474e-07 0 2.57348e-08)
(2.00067e-07 -0.000512985 0 -1.78456e-07 0 -2.16112e-08)
(-4.52075e-08 -0.000456401 0 -5.24897e-09 0 5.04564e-08)
(6.91691e-08 -0.000456456 0 -3.9449e-08 0 -2.97201e-08)
(1.36841e-07 -0.000455062 0 -1.60659e-07 0 2.38175e-08)
(2.03183e-07 -0.00045507 0 -1.81809e-07 0 -2.13739e-08)
(-8.16812e-08 -0.000403432 0 5.90714e-08 0 2.26098e-08)
(9.16707e-08 -0.000403593 0 -6.20128e-08 0 -2.96579e-08)
(1.62605e-07 -0.000402096 0 -1.91072e-07 0 2.8467e-08)
(1.97944e-07 -0.000402117 0 -1.75725e-07 0 -2.22186e-08)
(-7.66459e-08 -0.000355264 0 3.6496e-08 0 4.01499e-08)
(1.14286e-07 -0.000355543 0 -8.49946e-08 0 -2.92917e-08)
(1.82037e-07 -0.000353975 0 -2.02003e-07 0 1.99659e-08)
(1.89477e-07 -0.00035399 0 -1.68655e-07 0 -2.08219e-08)
(-9.499e-08 -0.000311608 0 6.56865e-08 0 2.93035e-08)
(1.32354e-07 -0.000312048 0 -1.00269e-07 0 -3.20847e-08)
(2.16348e-07 -0.000310413 0 -2.46964e-07 0 3.06158e-08)
(1.74112e-07 -0.000310335 0 -1.5014e-07 0 -2.39724e-08)
(-1.00895e-07 -0.000272216 0 6.60738e-08 0 3.48209e-08)
(1.49967e-07 -0.000272944 0 -1.1643e-07 0 -3.35367e-08)
(2.43832e-07 -0.000271174 0 -2.68738e-07 0 2.49058e-08)
(1.61177e-07 -0.000270902 0 -1.38327e-07 0 -2.28491e-08)
(-1.10889e-07 -0.00023683 0 7.66037e-08 0 3.42851e-08)
(1.75129e-07 -0.000238037 0 -1.51029e-07 0 -2.40997e-08)
(2.71144e-07 -0.000236024 0 -2.88851e-07 0 1.77072e-08)
(1.57822e-07 -0.000235383 0 -1.41588e-07 0 -1.62334e-08)
(-1.33929e-07 -0.000205048 0 1.04037e-07 0 2.98913e-08)
(1.8236e-07 -0.000206854 0 -1.54329e-07 0 -2.80308e-08)
(3.46379e-07 -0.000204744 0 -3.85793e-07 0 3.94146e-08)
(1.46495e-07 -0.000203731 0 -1.239e-07 0 -2.25941e-08)
(-1.51125e-07 -0.00017741 0 1.20222e-07 0 3.09032e-08)
(1.80993e-07 -0.000178818 0 -1.52623e-07 0 -2.83696e-08)
(3.81188e-07 -0.000176817 0 -4.0541e-07 0 2.42222e-08)
(1.55124e-07 -0.000175866 0 -1.32233e-07 0 -2.28906e-08)
(-1.75266e-07 -0.000153115 0 1.52483e-07 0 2.2783e-08)
(2.05681e-07 -0.00015372 0 -1.81235e-07 0 -2.4446e-08)
(4.34278e-07 -0.000151988 0 -4.63912e-07 0 2.96346e-08)
(1.4673e-07 -0.00015146 0 -1.2502e-07 0 -2.17105e-08)
(-1.80017e-07 -0.0001312 0 1.55091e-07 0 2.49258e-08)
(2.14148e-07 -0.000131677 0 -1.8141e-07 0 -3.27375e-08)
(4.63676e-07 -0.00013021 0 -4.95902e-07 0 3.22264e-08)
(1.26282e-07 -0.00013002 0 -1.01455e-07 0 -2.48272e-08)
(-1.94422e-07 -0.000112011 0 1.74891e-07 0 1.95312e-08)
(2.32898e-07 -0.00011242 0 -2.02754e-07 0 -3.01448e-08)
(4.7981e-07 -0.00011117 0 -5.00844e-07 0 2.10339e-08)
(1.04102e-07 -0.000111228 0 -8.35935e-08 0 -2.05083e-08)
(-1.9056e-07 -9.53199e-05 0 1.65757e-07 0 2.48031e-08)
(2.47569e-07 -9.56654e-05 0 -2.20321e-07 0 -2.72483e-08)
(4.99692e-07 -9.46585e-05 0 -5.29466e-07 0 2.97745e-08)
(7.29934e-08 -9.49835e-05 0 -5.16826e-08 0 -2.13109e-08)
(-1.96911e-07 -8.09131e-05 0 1.7454e-07 0 2.23711e-08)
(2.5644e-07 -8.12245e-05 0 -2.27944e-07 0 -2.84954e-08)
(5.05237e-07 -8.0413e-05 0 -5.30486e-07 0 2.52494e-08)
(3.81248e-08 -8.09154e-05 0 -1.66972e-08 0 -2.14275e-08)
(-1.96076e-07 -6.85687e-05 0 1.74282e-07 0 2.17941e-08)
(2.63973e-07 -6.88318e-05 0 -2.36653e-07 0 -2.732e-08)
(5.05678e-07 -6.82312e-05 0 -5.32862e-07 0 2.71843e-08)
(2.55209e-09 -6.89467e-05 0 1.87843e-08 0 -2.13364e-08)
(-1.95493e-07 -5.80773e-05 0 1.71571e-07 0 2.39217e-08)
(2.68277e-07 -5.82992e-05 0 -2.40616e-07 0 -2.76612e-08)
(4.99544e-07 -5.78943e-05 0 -5.24895e-07 0 2.53512e-08)
(-3.56176e-08 -5.87815e-05 0 5.6861e-08 0 -2.12435e-08)
(-1.94832e-07 -4.92213e-05 0 1.73016e-07 0 2.18162e-08)
(2.69657e-07 -4.94228e-05 0 -2.42218e-07 0 -2.74391e-08)
(4.88026e-07 -4.92444e-05 0 -5.1582e-07 0 2.77937e-08)
(-7.39439e-08 -5.03191e-05 0 9.49711e-08 0 -2.10272e-08)
(-1.94729e-07 -4.18748e-05 0 1.72394e-07 0 2.2335e-08)
(2.64999e-07 -4.20485e-05 0 -2.35191e-07 0 -2.98078e-08)
(4.65429e-07 -4.20908e-05 0 -4.88966e-07 0 2.35361e-08)
(-1.13112e-07 -4.33463e-05 0 1.32934e-07 0 -1.9822e-08)
(-1.9011e-07 -3.58932e-05 0 1.66835e-07 0 2.32755e-08)
(2.63836e-07 -3.60312e-05 0 -2.38194e-07 0 -2.56417e-08)
(4.47977e-07 -3.62837e-05 0 -4.81617e-07 0 3.36392e-08)
(-1.6013e-07 -3.77925e-05 0 1.86074e-07 0 -2.59445e-08)
(-1.89709e-07 -3.12081e-05 0 1.65606e-07 0 2.4103e-08)
(2.5495e-07 -3.12413e-05 0 -2.28596e-07 0 -2.63545e-08)
(3.99734e-07 -3.16897e-05 0 -4.19139e-07 0 1.94045e-08)
(-2.02207e-07 -3.34499e-05 0 2.25537e-07 0 -2.33299e-08)
(-1.84263e-07 -2.76291e-05 0 1.61562e-07 0 2.27019e-08)
(2.42978e-07 -2.76e-05 0 -2.13097e-07 0 -2.98812e-08)
(3.66166e-07 -2.82612e-05 0 -3.94686e-07 0 2.85197e-08)
(-2.50076e-07 -3.0315e-05 0 2.74057e-07 0 -2.39814e-08)
(-1.80762e-07 -2.52193e-05 0 1.54618e-07 0 2.61433e-08)
(2.35062e-07 -2.50378e-05 0 -2.10514e-07 0 -2.45478e-08)
(3.14836e-07 -2.5896e-05 0 -3.43077e-07 0 2.82413e-08)
(-2.99153e-07 -2.81941e-05 0 3.20555e-07 0 -2.14015e-08)
(-1.79286e-07 -2.311e-05 0 1.62377e-07 0 1.69088e-08)
(2.19833e-07 -2.35226e-05 0 -1.90087e-07 0 -2.97458e-08)
(2.42382e-07 -2.45586e-05 0 -2.55763e-07 0 1.33815e-08)
(-3.39773e-07 -2.72649e-05 0 3.46812e-07 0 -7.03898e-09)
(-2.01838e-07 -2.24238e-05 0 1.87973e-07 0 1.38655e-08)
(1.8243e-07 -2.322e-05 0 -1.54334e-07 0 -2.80962e-08)
(1.98062e-07 -2.4393e-05 0 -2.3784e-07 0 3.97784e-08)
(-4.2221e-07 -2.71166e-05 0 4.43782e-07 0 -2.15718e-08)
(-2.03132e-07 -2.36442e-05 0 1.86526e-07 0 1.66063e-08)
(1.66419e-07 -2.40918e-05 0 -1.49774e-07 0 -1.66444e-08)
(1.1285e-07 -2.53484e-05 0 -1.30286e-07 0 1.74367e-08)
(-4.76006e-07 -2.75448e-05 0 4.93162e-07 0 -1.71562e-08)
(-2.10057e-07 -2.55153e-05 0 1.90122e-07 0 1.99341e-08)
(1.26524e-07 -2.5968e-05 0 -1.0031e-07 0 -2.62134e-08)
(6.48822e-08 -2.72539e-05 0 -9.04201e-08 0 2.55379e-08)
(-5.2227e-07 -2.89181e-05 0 5.4397e-07 0 -2.16993e-08)
(-2.18227e-07 -2.84488e-05 0 2.00565e-07 0 1.76615e-08)
(1.0278e-07 -2.88465e-05 0 -8.1501e-08 0 -2.12791e-08)
(2.16994e-08 -3.01412e-05 0 -5.02111e-08 0 2.85117e-08)
(-5.5366e-07 -3.12569e-05 0 5.82145e-07 0 -2.84843e-08)
(-2.24544e-07 -3.24265e-05 0 2.02954e-07 0 2.15893e-08)
(7.31037e-08 -3.27938e-05 0 -5.10309e-08 0 -2.20728e-08)
(-2.8789e-08 -3.40781e-05 0 1.25766e-08 0 1.62124e-08)
(-5.55448e-07 -3.46891e-05 0 5.74023e-07 0 -1.85749e-08)
(-2.3694e-07 -3.75428e-05 0 2.18416e-07 0 1.85242e-08)
(4.26401e-08 -3.78328e-05 0 -1.74995e-08 0 -2.51406e-08)
(-4.40118e-08 -3.91394e-05 0 1.40064e-08 0 3.00054e-08)
(-5.54847e-07 -3.9273e-05 0 5.75104e-07 0 -2.02567e-08)
(-2.48043e-07 -4.38904e-05 0 2.30401e-07 0 1.76413e-08)
(1.69416e-08 -4.40726e-05 0 6.78048e-09 0 -2.37221e-08)
(-7.38784e-08 -4.54244e-05 0 5.06639e-08 0 2.32145e-08)
(-5.4338e-07 -4.5157e-05 0 5.64681e-07 0 -2.13012e-08)
(-2.54395e-07 -5.15393e-05 0 2.34725e-07 0 1.96704e-08)
(-8.73361e-09 -5.15828e-05 0 3.27507e-08 0 -2.40171e-08)
(-8.8613e-08 -5.3039e-05 0 6.29463e-08 0 2.56666e-08)
(-5.19391e-07 -5.24439e-05 0 5.40351e-07 0 -2.09597e-08)
(-2.60469e-07 -6.06536e-05 0 2.41234e-07 0 1.9235e-08)
(-3.38015e-08 -6.04877e-05 0 5.68576e-08 0 -2.30561e-08)
(-1.04171e-07 -6.20964e-05 0 7.83971e-08 0 2.57737e-08)
(-4.875e-07 -6.12815e-05 0 5.0834e-07 0 -2.08397e-08)
(-2.63143e-07 -7.13471e-05 0 2.44876e-07 0 1.82665e-08)
(-5.6692e-08 -7.09528e-05 0 7.90983e-08 0 -2.24063e-08)
(-1.20813e-07 -7.2743e-05 0 9.67189e-08 0 2.40937e-08)
(-4.50591e-07 -7.18028e-05 0 4.73861e-07 0 -2.32701e-08)
(-2.58815e-07 -8.3837e-05 0 2.39407e-07 0 1.94078e-08)
(-8.308e-08 -8.30894e-05 0 1.07371e-07 0 -2.42914e-08)
(-1.33392e-07 -8.50571e-05 0 1.04319e-07 0 2.90724e-08)
(-4.00803e-07 -8.41334e-05 0 4.19116e-07 0 -1.83134e-08)
(-2.48421e-07 -9.82392e-05 0 2.2904e-07 0 1.93808e-08)
(-1.08141e-07 -9.71617e-05 0 1.39772e-07 0 -3.16309e-08)
(-1.64465e-07 -9.93605e-05 0 1.45032e-07 0 1.94326e-08)
(-3.58034e-07 -9.84711e-05 0 3.79544e-07 0 -2.15095e-08)
(-2.26343e-07 -0.000114788 0 2.02609e-07 0 2.37338e-08)
(-1.19293e-07 -0.000113129 0 1.40847e-07 0 -2.15534e-08)
(-1.75989e-07 -0.000115584 0 1.4167e-07 0 3.43192e-08)
(-3.07743e-07 -0.000114993 0 3.30057e-07 0 -2.23135e-08)
(-2.04367e-07 -0.000133632 0 1.9022e-07 0 1.41467e-08)
(-1.31873e-07 -0.000131398 0 1.59093e-07 0 -2.722e-08)
(-2.26274e-07 -0.000134147 0 2.02375e-07 0 2.38988e-08)
(-2.61659e-07 -0.000133887 0 2.81111e-07 0 -1.94519e-08)
(-1.58694e-07 -0.000154773 0 1.40934e-07 0 1.77606e-08)
(-1.22556e-07 -0.000151752 0 1.28571e-07 0 -6.01534e-09)
(-2.94652e-07 -0.000154929 0 2.9188e-07 0 2.7719e-09)
(-2.09545e-07 -0.000155192 0 2.249e-07 0 -1.53553e-08)
(-1.06791e-07 -0.000178501 0 1.07337e-07 0 -5.45249e-10)
(-1.07152e-07 -0.00017561 0 1.02835e-07 0 4.31698e-09)
(-3.55368e-07 -0.000178488 0 3.41845e-07 0 1.35232e-08)
(-1.64611e-07 -0.000178725 0 1.64264e-07 0 3.46631e-10)
(-5.85109e-08 -0.000205321 0 5.56774e-08 0 2.83344e-09)
(-1.11654e-07 -0.000203209 0 1.05562e-07 0 6.0921e-09)
(-4.27972e-07 -0.000205516 0 4.50718e-07 0 -2.27465e-08)
(-1.18481e-07 -0.000205146 0 1.1182e-07 0 6.66184e-09)
(-2.31698e-08 -0.000235234 0 2.56216e-08 0 -2.45182e-09)
(-1.15421e-07 -0.000233533 0 1.1117e-07 0 4.25129e-09)
(-4.44872e-07 -0.000235679 0 4.52438e-07 0 -7.56557e-09)
(-8.26155e-08 -0.000234972 0 7.96823e-08 0 2.93322e-09)
(1.47424e-08 -0.000268576 0 -1.88284e-08 0 4.08598e-09)
(-1.27511e-07 -0.00026737 0 1.20698e-07 0 6.81327e-09)
(-4.5979e-07 -0.000269293 0 4.62735e-07 0 -2.94538e-09)
(-3.56051e-08 -0.000268271 0 3.21881e-08 0 3.41705e-09)
(3.24894e-08 -0.000305568 0 -3.10778e-08 0 -1.41162e-09)
(-1.42323e-07 -0.000304712 0 1.39305e-07 0 3.01791e-09)
(-4.8682e-07 -0.000306369 0 5.02812e-07 0 -1.59924e-08)
(1.08698e-08 -0.000305275 0 -1.46182e-08 0 3.74841e-09)
(5.25288e-08 -0.000346476 0 -5.41452e-08 0 1.6164e-09)
(-1.53625e-07 -0.000345996 0 1.44436e-07 0 9.18914e-09)
(-4.82824e-07 -0.000347297 0 4.86754e-07 0 -3.93024e-09)
(5.3523e-08 -0.000346196 0 -5.44653e-08 0 9.42322e-10)
(5.7824e-08 -0.000391441 0 -5.74409e-08 0 -3.83062e-10)
(-1.66476e-07 -0.000391277 0 1.58463e-07 0 8.01256e-09)
(-4.90136e-07 -0.00039228 0 4.99669e-07 0 -9.53382e-09)
(9.8096e-08 -0.000391268 0 -1.00256e-07 0 2.16021e-09)
(6.06278e-08 -0.000440694 0 -6.06136e-08 0 -1.41823e-11)
(-1.8766e-07 -0.000440839 0 1.8273e-07 0 4.92977e-09)
(-4.896e-07 -0.00044159 0 4.97745e-07 0 -8.14495e-09)
(1.38202e-07 -0.000440715 0 -1.39637e-07 0 1.43475e-09)
(5.57237e-08 -0.000494307 0 -5.72292e-08 0 1.50549e-09)
(-1.99477e-07 -0.000494735 0 1.92806e-07 0 6.67144e-09)
(-4.87666e-07 -0.000495408 0 4.96176e-07 0 -8.51015e-09)
(1.80265e-07 -0.000494703 0 -1.82945e-07 0 2.6804e-09)
(4.17413e-08 -0.000552447 0 -4.23383e-08 0 5.96996e-10)
(-2.21058e-07 -0.000553219 0 2.10997e-07 0 1.0061e-08)
(-4.90369e-07 -0.000553894 0 4.97892e-07 0 -7.5222e-09)
(2.16439e-07 -0.000553384 0 -2.16462e-07 0 2.29477e-11)
(1.78232e-08 -0.000615273 0 -1.7036e-08 0 -7.87212e-10)
(-2.56875e-07 -0.000616344 0 2.57579e-07 0 -7.04229e-10)
(-4.94499e-07 -0.000617234 0 5.02102e-07 0 -7.60294e-09)
(2.58106e-07 -0.00061691 0 -2.59817e-07 0 1.71121e-09)
(-1.45805e-08 -0.000682887 0 1.75641e-08 0 -2.98357e-09)
(-3.0099e-07 -0.000684191 0 3.03709e-07 0 -2.71879e-09)
(-5.27763e-07 -0.000685479 0 5.51786e-07 0 -2.40227e-08)
(2.98248e-07 -0.00068541 0 -3.01579e-07 0 3.33097e-09)
(-5.32171e-08 -0.000755136 0 5.9436e-08 0 -6.2189e-09)
(-3.28608e-07 -0.000756498 0 3.12915e-07 0 1.56929e-08)
(-5.25806e-07 -0.000758238 0 5.22285e-07 0 3.52066e-09)
(3.54766e-07 -0.000758651 0 -3.77928e-07 0 2.31622e-08)
(-9.96355e-08 -0.000839676 0 1.15386e-07 0 -1.57507e-08)
(-3.8601e-07 -0.000840494 0 3.68665e-07 0 1.73448e-08)
(-5.692e-07 -0.000841514 0 5.6141e-07 0 7.78919e-09)
(3.83488e-07 -0.000842113 0 -4.11715e-07 0 2.8227e-08)
(-8.42821e-08 -0.00127952 0 3.59595e-08 0 4.83226e-08)
(-3.14964e-07 -0.00127546 0 2.2277e-07 0 9.21938e-08)
(-5.34527e-07 -0.00127019 0 4.8443e-07 0 5.00969e-08)
(3.0052e-07 -0.00127403 0 -2.24913e-07 0 -7.56077e-08)
(1.46162e-08 -0.00107355 0 -2.62613e-08 0 1.16451e-08)
(7.37026e-09 -0.00107445 0 -9.79043e-10 0 -6.39121e-09)
(9.99538e-09 -0.00107256 0 -2.22251e-08 0 1.22297e-08)
(3.23202e-08 -0.00107432 0 1.78202e-08 0 -5.01404e-08)
(1.94114e-08 -0.000975867 0 -3.24764e-08 0 1.3065e-08)
(9.81369e-09 -0.000977213 0 -2.47165e-10 0 -9.56652e-09)
(2.18331e-08 -0.000976103 0 -3.72121e-08 0 1.5379e-08)
(-1.52781e-08 -0.000976618 0 4.41858e-08 0 -2.89077e-08)
(2.01994e-08 -0.000883661 0 -3.53254e-08 0 1.5126e-08)
(-4.01535e-09 -0.000885193 0 1.38892e-08 0 -9.87388e-09)
(3.27524e-08 -0.000884825 0 -4.7994e-08 0 1.52416e-08)
(-6.57378e-08 -0.000884769 0 9.32989e-08 0 -2.75611e-08)
(1.77281e-08 -0.000797638 0 -3.25403e-08 0 1.48122e-08)
(-2.92619e-08 -0.000799115 0 3.90517e-08 0 -9.78974e-09)
(3.67163e-08 -0.000799339 0 -5.28274e-08 0 1.61111e-08)
(-1.09915e-07 -0.00079906 0 1.37981e-07 0 -2.80659e-08)
(1.51853e-08 -0.000717725 0 -3.02137e-08 0 1.50284e-08)
(-6.0508e-08 -0.000719038 0 7.01387e-08 0 -9.63074e-09)
(3.46969e-08 -0.000719655 0 -5.01823e-08 0 1.54855e-08)
(-1.39644e-07 -0.00071928 0 1.67659e-07 0 -2.80154e-08)
(1.35252e-08 -0.000643731 0 -2.84483e-08 0 1.49231e-08)
(-9.3499e-08 -0.00064486 0 1.03152e-07 0 -9.65273e-09)
(2.83702e-08 -0.000645665 0 -4.41744e-08 0 1.58042e-08)
(-1.6361e-07 -0.000645183 0 1.91934e-07 0 -2.83242e-08)
(9.48526e-09 -0.000575457 0 -2.44263e-08 0 1.49411e-08)
(-1.24833e-07 -0.000576375 0 1.34295e-07 0 -9.46242e-09)
(2.4131e-08 -0.000577243 0 -3.98952e-08 0 1.57642e-08)
(-1.76537e-07 -0.000576662 0 2.05214e-07 0 -2.8677e-08)
(5.21765e-09 -0.000512662 0 -1.99273e-08 0 1.47096e-08)
(-1.53373e-07 -0.000513402 0 1.63373e-07 0 -9.99995e-09)
(1.85591e-08 -0.000514235 0 -3.4096e-08 0 1.55369e-08)
(-1.82692e-07 -0.000513592 0 2.10531e-07 0 -2.78393e-08)
(-4.01472e-09 -0.000455095 0 -1.12893e-08 0 1.5304e-08)
(-1.76848e-07 -0.000455704 0 1.85946e-07 0 -9.0983e-09)
(1.79076e-08 -0.000456473 0 -3.38563e-08 0 1.59487e-08)
(-1.85166e-07 -0.000455771 0 2.14635e-07 0 -2.9469e-08)
(-1.58433e-08 -0.000402509 0 1.11706e-09 0 1.47262e-08)
(-1.98955e-07 -0.000403091 0 2.08713e-07 0 -9.75791e-09)
(1.61155e-08 -0.000403748 0 -3.15086e-08 0 1.53931e-08)
(-1.79907e-07 -0.000402955 0 2.0752e-07 0 -2.76132e-08)
(-3.60816e-08 -0.00035462 0 2.04628e-08 0 1.56188e-08)
(-2.18335e-07 -0.000355235 0 2.27759e-07 0 -9.42394e-09)
(1.9744e-08 -0.00035588 0 -3.30628e-08 0 1.33188e-08)
(-1.75204e-07 -0.000354939 0 2.05442e-07 0 -3.02383e-08)
(-5.93727e-08 -0.000311183 0 4.6764e-08 0 1.26087e-08)
(-2.40557e-07 -0.000311966 0 2.50115e-07 0 -9.55804e-09)
(3.02702e-08 -0.000312653 0 -4.9998e-08 0 1.97278e-08)
(-1.58042e-07 -0.000311475 0 1.8456e-07 0 -2.65178e-08)
(-8.86857e-08 -0.000271875 0 7.14352e-08 0 1.72505e-08)
(-2.64397e-07 -0.000272936 0 2.71112e-07 0 -6.71587e-09)
(3.65145e-08 -0.000273863 0 -5.03033e-08 0 1.37887e-08)
(-1.41224e-07 -0.00027231 0 1.72599e-07 0 -3.13752e-08)
(-1.25126e-07 -0.00023645 0 1.10705e-07 0 1.44205e-08)
(-3.06674e-07 -0.000237893 0 3.16366e-07 0 -9.69163e-09)
(4.93517e-08 -0.000239229 0 -6.74197e-08 0 1.8068e-08)
(-1.04586e-07 -0.000237185 0 1.32871e-07 0 -2.82852e-08)
(-1.70634e-07 -0.000204601 0 1.51943e-07 0 1.86906e-08)
(-3.68199e-07 -0.000206455 0 3.86465e-07 0 -1.82659e-08)
(6.49025e-08 -0.000208409 0 -8.36249e-08 0 1.87223e-08)
(-4.72686e-08 -0.000205737 0 6.49911e-08 0 -1.77225e-08)
(-2.03657e-07 -0.000176811 0 1.7737e-07 0 2.6287e-08)
(-4.38052e-07 -0.000178586 0 4.52648e-07 0 -1.45965e-08)
(6.15318e-08 -0.000180017 0 -6.80577e-08 0 6.52591e-09)
(1.24665e-08 -0.000177777 0 1.11451e-08 0 -2.36116e-08)
(-2.58767e-07 -0.000152766 0 2.38042e-07 0 2.07255e-08)
(-4.78538e-07 -0.00015406 0 5.00846e-07 0 -2.23079e-08)
(9.04691e-08 -0.000154374 0 -1.0804e-07 0 1.75706e-08)
(4.87334e-08 -0.000153015 0 -3.9804e-08 0 -8.92938e-09)
(-2.9903e-07 -0.000131494 0 2.8205e-07 0 1.69802e-08)
(-4.91983e-07 -0.000132381 0 5.07679e-07 0 -1.56959e-08)
(9.98722e-08 -0.000132316 0 -1.1024e-07 0 1.03682e-08)
(6.26085e-08 -0.000131177 0 -4.69239e-08 0 -1.56846e-08)
(-3.36413e-07 -0.000112841 0 3.15426e-07 0 2.09873e-08)
(-4.94818e-07 -0.000113359 0 5.06918e-07 0 -1.21002e-08)
(1.23086e-07 -0.000113014 0 -1.33593e-07 0 1.05074e-08)
(7.76146e-08 -0.000112083 0 -6.01644e-08 0 -1.74503e-08)
(-3.69213e-07 -9.65754e-05 0 3.52316e-07 0 1.68969e-08)
(-4.97422e-07 -9.67125e-05 0 5.13856e-07 0 -1.64344e-08)
(1.48378e-07 -9.62225e-05 0 -1.65201e-07 0 1.68224e-08)
(9.9553e-08 -9.54752e-05 0 -8.72398e-08 0 -1.23131e-08)
(-3.9428e-07 -8.24891e-05 0 3.74668e-07 0 1.96125e-08)
(-4.84447e-07 -8.23115e-05 0 4.9918e-07 0 -1.47329e-08)
(1.62552e-07 -8.16942e-05 0 -1.71917e-07 0 9.36494e-09)
(1.07487e-07 -8.11155e-05 0 -8.97471e-08 0 -1.77398e-08)
(-4.1243e-07 -7.04117e-05 0 3.93546e-07 0 1.88834e-08)
(-4.69096e-07 -6.99051e-05 0 4.85098e-07 0 -1.60023e-08)
(1.83274e-07 -6.92147e-05 0 -1.95858e-07 0 1.25841e-08)
(1.23177e-07 -6.87889e-05 0 -1.08442e-07 0 -1.47354e-08)
(-4.26237e-07 -6.01604e-05 0 4.08177e-07 0 1.80605e-08)
(-4.43776e-07 -5.93527e-05 0 4.59281e-07 0 -1.55048e-08)
(2.00556e-07 -5.85659e-05 0 -2.11593e-07 0 1.10369e-08)
(1.31199e-07 -5.82931e-05 0 -1.1569e-07 0 -1.55087e-08)
(-4.28927e-07 -5.15737e-05 0 4.09253e-07 0 1.96734e-08)
(-4.13679e-07 -5.04457e-05 0 4.29105e-07 0 -1.54255e-08)
(2.18484e-07 -4.95884e-05 0 -2.31953e-07 0 1.34684e-08)
(1.38597e-07 -4.94454e-05 0 -1.2312e-07 0 -1.54771e-08)
(-4.25403e-07 -4.44908e-05 0 4.04263e-07 0 2.11397e-08)
(-3.73022e-07 -4.30362e-05 0 3.85761e-07 0 -1.27391e-08)
(2.36188e-07 -4.20901e-05 0 -2.50662e-07 0 1.44743e-08)
(1.43115e-07 -4.20946e-05 0 -1.27464e-07 0 -1.56509e-08)
(-4.21976e-07 -3.88141e-05 0 4.07879e-07 0 1.40976e-08)
(-3.36226e-07 -3.70059e-05 0 3.56157e-07 0 -1.99309e-08)
(2.38353e-07 -3.59564e-05 0 -2.41584e-07 0 3.23144e-09)
(1.41744e-07 -3.6072e-05 0 -1.22484e-07 0 -1.92596e-08)
(-3.9823e-07 -3.4411e-05 0 3.78541e-07 0 1.9689e-08)
(-2.78261e-07 -3.22438e-05 0 2.9352e-07 0 -1.52588e-08)
(2.68072e-07 -3.10735e-05 0 -2.84742e-07 0 1.66704e-08)
(1.56613e-07 -3.13734e-05 0 -1.52651e-07 0 -3.96234e-09)
(-3.73833e-07 -3.11935e-05 0 3.54416e-07 0 1.9417e-08)
(-2.15665e-07 -2.87143e-05 0 2.28399e-07 0 -1.27342e-08)
(2.70815e-07 -2.73874e-05 0 -2.79061e-07 0 8.24644e-09)
(1.38315e-07 -2.77419e-05 0 -1.20464e-07 0 -1.78512e-08)
(-3.50543e-07 -2.90638e-05 0 3.39331e-07 0 1.12127e-08)
(-1.5543e-07 -2.64059e-05 0 1.76893e-07 0 -2.14632e-08)
(2.88246e-07 -2.48679e-05 0 -2.94426e-07 0 6.18003e-09)
(1.32679e-07 -2.52922e-05 0 -1.1325e-07 0 -1.94299e-08)
(-3.05247e-07 -2.82168e-05 0 2.79853e-07 0 2.5394e-08)
(-6.54923e-08 -2.51373e-05 0 7.01086e-08 0 -4.61638e-09)
(3.3126e-07 -2.33379e-05 0 -3.64685e-07 0 3.34248e-08)
(1.36363e-07 -2.31856e-05 0 -1.28693e-07 0 -7.66935e-09)
(-2.73519e-07 -2.81516e-05 0 2.59378e-07 0 1.41412e-08)
(1.65837e-08 -2.48982e-05 0 -2.2964e-09 0 -1.42873e-08)
(3.44289e-07 -2.27923e-05 0 -3.43497e-07 0 -7.92012e-10)
(1.2474e-07 -2.24369e-05 0 -9.02394e-08 0 -3.4501e-08)
(-2.40689e-07 -2.83267e-05 0 2.28013e-07 0 1.2676e-08)
(1.04656e-07 -2.55737e-05 0 -8.93755e-08 0 -1.528e-08)
(3.92683e-07 -2.35284e-05 0 -4.07676e-07 0 1.4993e-08)
(1.51967e-07 -2.35821e-05 0 -1.48083e-07 0 -3.88427e-09)
(-2.02608e-07 -2.92291e-05 0 1.86746e-07 0 1.58616e-08)
(1.85285e-07 -2.70332e-05 0 -1.77655e-07 0 -7.62982e-09)
(4.22648e-07 -2.53463e-05 0 -4.3618e-07 0 1.35321e-08)
(1.41053e-07 -2.53992e-05 0 -1.27187e-07 0 -1.38663e-08)
(-1.77625e-07 -3.1222e-05 0 1.68324e-07 0 9.30118e-09)
(2.39479e-07 -2.9537e-05 0 -2.2757e-07 0 -1.19087e-08)
(4.30406e-07 -2.81011e-05 0 -4.31185e-07 0 7.79213e-10)
(1.34666e-07 -2.82735e-05 0 -1.19603e-07 0 -1.50631e-08)
(-1.44008e-07 -3.43584e-05 0 1.30614e-07 0 1.33936e-08)
(2.88309e-07 -3.31765e-05 0 -2.77792e-07 0 -1.0517e-08)
(4.65872e-07 -3.189e-05 0 -4.83208e-07 0 1.73359e-08)
(1.36116e-07 -3.21148e-05 0 -1.29361e-07 0 -6.75487e-09)
(-1.16955e-07 -3.86996e-05 0 1.01241e-07 0 1.57144e-08)
(3.27987e-07 -3.79419e-05 0 -3.20539e-07 0 -7.44771e-09)
(4.73151e-07 -3.6772e-05 0 -4.84151e-07 0 1.09996e-08)
(1.12903e-07 -3.71503e-05 0 -9.44313e-08 0 -1.84721e-08)
(-9.64673e-08 -4.43499e-05 0 8.38465e-08 0 1.26208e-08)
(3.54908e-07 -4.39361e-05 0 -3.45132e-07 0 -9.77598e-09)
(4.81989e-07 -4.28598e-05 0 -4.92112e-07 0 1.01236e-08)
(1.01937e-07 -4.34153e-05 0 -8.7144e-08 0 -1.47934e-08)
(-7.37758e-08 -5.13928e-05 0 5.96066e-08 0 1.41692e-08)
(3.7698e-07 -5.12235e-05 0 -3.67407e-07 0 -9.57294e-09)
(4.87683e-07 -5.02596e-05 0 -4.99075e-07 0 1.13923e-08)
(8.23163e-08 -5.10587e-05 0 -6.80381e-08 0 -1.42782e-08)
(-5.10939e-08 -5.99853e-05 0 3.78939e-08 0 1.32e-08)
(3.94761e-07 -5.99614e-05 0 -3.85787e-07 0 -8.97392e-09)
(4.84171e-07 -5.90719e-05 0 -4.944e-07 0 1.02289e-08)
(5.95168e-08 -6.01607e-05 0 -4.53627e-08 0 -1.41541e-08)
(-2.82427e-08 -7.02456e-05 0 1.67288e-08 0 1.15139e-08)
(4.05908e-07 -7.02367e-05 0 -3.93708e-07 0 -1.22003e-08)
(4.75627e-07 -6.94379e-05 0 -4.85183e-07 0 9.55523e-09)
(3.27207e-08 -7.08864e-05 0 -2.19432e-08 0 -1.07775e-08)
(7.93951e-09 -8.23661e-05 0 -2.37154e-08 0 1.57759e-08)
(4.25731e-07 -8.2261e-05 0 -4.19877e-07 0 -5.85392e-09)
(4.57362e-07 -8.15039e-05 0 -4.66201e-07 0 8.83912e-09)
(-7.95275e-09 -8.33836e-05 0 2.55987e-08 0 -1.7646e-08)
(4.29985e-08 -9.64861e-05 0 -5.9037e-08 0 1.60385e-08)
(4.40462e-07 -9.61693e-05 0 -4.33316e-07 0 -7.14615e-09)
(4.42326e-07 -9.54821e-05 0 -4.59914e-07 0 1.75874e-08)
(-5.24018e-08 -9.78881e-05 0 7.02298e-08 0 -1.78279e-08)
(8.65473e-08 -0.000112796 0 -9.98607e-08 0 1.33134e-08)
(4.55676e-07 -0.000112244 0 -4.45738e-07 0 -9.93819e-09)
(3.96477e-07 -0.000111575 0 -4.05802e-07 0 9.32535e-09)
(-9.52138e-08 -0.000114488 0 1.07983e-07 0 -1.27692e-08)
(1.39847e-07 -0.000131455 0 -1.56755e-07 0 1.69082e-08)
(4.79301e-07 -0.000130602 0 -4.69903e-07 0 -9.39848e-09)
(3.58085e-07 -0.000130016 0 -3.70423e-07 0 1.23378e-08)
(-1.61192e-07 -0.000133483 0 1.80545e-07 0 -1.93527e-08)
(1.9471e-07 -0.00015266 0 -2.0235e-07 0 7.64025e-09)
(5.11384e-07 -0.000151652 0 -5.08975e-07 0 -2.40924e-09)
(2.92471e-07 -0.000151149 0 -2.98132e-07 0 5.66118e-09)
(-2.01768e-07 -0.000154995 0 2.00472e-07 0 1.29584e-09)
(2.37329e-07 -0.000176469 0 -2.29393e-07 0 -7.93544e-09)
(5.3715e-07 -0.00017563 0 -5.35217e-07 0 -1.93291e-09)
(2.14704e-07 -0.000175364 0 -1.99534e-07 0 -1.51695e-08)
(-2.58687e-07 -0.000178938 0 2.54717e-07 0 3.96993e-09)
(2.96837e-07 -0.000203189 0 -2.99199e-07 0 2.36114e-09)
(5.67494e-07 -0.000202723 0 -5.84571e-07 0 1.7077e-08)
(1.68403e-07 -0.000202611 0 -1.64713e-07 0 -3.69015e-09)
(-3.09818e-07 -0.000205649 0 3.12108e-07 0 -2.29029e-09)
(3.2531e-07 -0.000233154 0 -3.20429e-07 0 -4.8806e-09)
(5.64587e-07 -0.000232981 0 -5.71224e-07 0 6.6371e-09)
(1.20045e-07 -0.000232845 0 -1.12257e-07 0 -7.78861e-09)
(-3.48963e-07 -0.000235569 0 3.45198e-07 0 3.76539e-09)
(3.64874e-07 -0.000266574 0 -3.64901e-07 0 2.78576e-11)
(5.7044e-07 -0.000266568 0 -5.80804e-07 0 1.03646e-08)
(7.38068e-08 -0.000266458 0 -6.62715e-08 0 -7.53533e-09)
(-3.89972e-07 -0.000268886 0 3.93215e-07 0 -3.24319e-09)
(3.90959e-07 -0.000303684 0 -3.91078e-07 0 1.1929e-10)
(5.69246e-07 -0.000303798 0 -5.77522e-07 0 8.27626e-09)
(4.46318e-08 -0.000303714 0 -4.31768e-08 0 -1.45502e-09)
(-4.2233e-07 -0.000305799 0 4.2191e-07 0 4.20019e-10)
(4.14079e-07 -0.000344697 0 -4.10383e-07 0 -3.69666e-09)
(5.65879e-07 -0.000344784 0 -5.73769e-07 0 7.8903e-09)
(-5.79255e-10 -0.000344801 0 1.13639e-08 0 -1.07846e-08)
(-4.45404e-07 -0.000346606 0 4.43052e-07 0 2.35173e-09)
(4.38251e-07 -0.00038982 0 -4.35062e-07 0 -3.18891e-09)
(5.61928e-07 -0.000389796 0 -5.67644e-07 0 5.71597e-09)
(-2.75976e-08 -0.000389938 0 3.61499e-08 0 -8.55227e-09)
(-4.742e-07 -0.000391454 0 4.70741e-07 0 3.45941e-09)
(4.68581e-07 -0.000439206 0 -4.67018e-07 0 -1.56265e-09)
(5.62101e-07 -0.000438988 0 -5.71675e-07 0 9.57351e-09)
(-5.62906e-08 -0.000439326 0 6.32513e-08 0 -6.96063e-09)
(-4.97494e-07 -0.000440606 0 4.98282e-07 0 -7.88007e-10)
(5.00088e-07 -0.000493086 0 -4.98015e-07 0 -2.07325e-09)
(5.58135e-07 -0.000492632 0 -5.65766e-07 0 7.63022e-09)
(-8.54142e-08 -0.000493131 0 9.3605e-08 0 -8.19075e-09)
(-5.20272e-07 -0.000494041 0 5.18603e-07 0 1.66915e-09)
(5.36136e-07 -0.000551596 0 -5.3019e-07 0 -5.94577e-09)
(5.53479e-07 -0.000550808 0 -5.57884e-07 0 4.40494e-09)
(-1.09996e-07 -0.00055153 0 1.19612e-07 0 -9.61684e-09)
(-5.27994e-07 -0.000552044 0 5.21617e-07 0 6.37686e-09)
(5.93955e-07 -0.000614945 0 -5.97183e-07 0 3.22866e-09)
(5.68833e-07 -0.000613782 0 -5.87079e-07 0 1.82463e-08)
(-1.28654e-07 -0.000614745 0 1.34867e-07 0 -6.21361e-09)
(-5.53435e-07 -0.000614658 0 5.5606e-07 0 -2.62473e-09)
(6.51817e-07 -0.000683287 0 -6.54838e-07 0 3.0206e-09)
(5.6692e-07 -0.000681735 0 -5.80464e-07 0 1.35435e-08)
(-1.32801e-07 -0.000683078 0 1.32143e-07 0 6.58296e-10)
(-5.58889e-07 -0.000682121 0 5.67755e-07 0 -8.86623e-09)
(7.23331e-07 -0.000756491 0 -7.31253e-07 0 7.92211e-09)
(5.5542e-07 -0.000754576 0 -5.55847e-07 0 4.26158e-10)
(-1.69269e-07 -0.000756572 0 1.99454e-07 0 -3.01852e-08)
(-5.32157e-07 -0.000754232 0 5.22017e-07 0 1.014e-08)
(7.7707e-07 -0.000840238 0 -7.67645e-07 0 -9.4254e-09)
(5.1666e-07 -0.000839039 0 -4.85395e-07 0 -3.12644e-08)
(-1.33229e-07 -0.000841298 0 1.40837e-07 0 -7.60722e-09)
(-5.05758e-07 -0.00083783 0 5.11685e-07 0 -5.92743e-09)
(6.90511e-07 -0.00127672 0 -5.61578e-07 0 -1.28933e-07)
(4.7009e-07 -0.00128186 0 -4.23372e-07 0 -4.67174e-08)
(-7.8201e-08 -0.00128185 0 5.41872e-08 0 2.40138e-08)
(-4.56428e-07 -0.00127447 0 4.27079e-07 0 2.93492e-08)
(-2.02565e-08 -0.00465016 0 -7.32766e-08 0 9.35331e-08)
(6.70747e-08 -0.00459065 0 -2.28096e-07 0 1.61021e-07)
(-4.89659e-07 -0.00452185 0 4.49067e-07 0 4.05912e-08)
(-9.22626e-08 -0.00456959 0 3.24059e-07 0 -2.31796e-07)
(1.41725e-06 -0.00778717 0 -1.19727e-06 0 -2.19984e-07)
(3.36325e-06 -0.00774448 0 -2.85812e-06 0 -5.05127e-07)
(-1.63737e-07 -0.00769951 0 4.44148e-07 0 -2.80411e-07)
(-3.41779e-06 -0.00774367 0 2.97356e-06 0 4.44232e-07)
(1.23804e-06 -0.00757224 0 -1.20515e-06 0 -3.28902e-08)
(3.06256e-06 -0.00759715 0 -3.29909e-06 0 2.36532e-07)
(-4.07205e-07 -0.00763148 0 3.10298e-07 0 9.69077e-08)
(-3.4341e-06 -0.00762848 0 3.55292e-06 0 -1.1882e-07)
(9.23149e-07 -0.00684789 0 -9.11974e-07 0 -1.11743e-08)
(2.04482e-06 -0.00687054 0 -2.19983e-06 0 1.55008e-07)
(-8.70319e-07 -0.00689793 0 8.12097e-07 0 5.82221e-08)
(-2.74562e-06 -0.00689187 0 2.81586e-06 0 -7.02392e-08)
(5.962e-07 -0.00617066 0 -5.36315e-07 0 -5.98853e-08)
(1.15427e-06 -0.00618985 0 -1.15506e-06 0 7.94667e-10)
(-1.28225e-06 -0.00621017 0 1.34779e-06 0 -6.55402e-08)
(-2.09378e-06 -0.00620277 0 2.07216e-06 0 2.16211e-08)
(4.09275e-07 -0.005541 0 -3.66984e-07 0 -4.22915e-08)
(6.05691e-07 -0.00555733 0 -6.43748e-07 0 3.80569e-08)
(-1.33911e-06 -0.00557197 0 1.31783e-06 0 2.128e-08)
(-1.56125e-06 -0.00556152 0 1.56677e-06 0 -5.51872e-09)
(2.12597e-07 -0.00495777 0 -1.49708e-07 0 -6.28888e-08)
(1.51907e-07 -0.00497127 0 -1.88374e-07 0 3.64671e-08)
(-1.38905e-06 -0.00498154 0 1.42065e-06 0 -3.15969e-08)
(-1.0273e-06 -0.00496942 0 1.02542e-06 0 1.87561e-09)
(1.27059e-07 -0.00441985 0 -8.29141e-08 0 -4.41448e-08)
(-2.05341e-07 -0.00443047 0 1.80262e-07 0 2.50791e-08)
(-1.30067e-06 -0.0044377 0 1.30227e-06 0 -1.59297e-09)
(-6.00417e-07 -0.00442463 0 5.89997e-07 0 1.04203e-08)
(5.25735e-08 -0.00392451 0 9.76025e-10 0 -5.35495e-08)
(-4.45648e-07 -0.00393407 0 4.0611e-07 0 3.95372e-08)
(-1.18517e-06 -0.00393874 0 1.207e-06 0 -2.18249e-08)
(-2.4971e-07 -0.00392465 0 2.52916e-07 0 -3.20532e-09)
(4.9629e-10 -0.00346998 0 5.50343e-08 0 -5.55306e-08)
(-6.6371e-07 -0.00347964 0 6.17082e-07 0 4.66281e-08)
(-9.84131e-07 -0.00348183 0 9.83364e-07 0 7.66873e-10)
(6.39863e-08 -0.0034682 0 -6.84613e-08 0 4.47498e-09)
(-3.25842e-08 -0.00305614 0 7.04158e-08 0 -3.78316e-08)
(-8.63088e-07 -0.00306496 0 8.4075e-07 0 2.2338e-08)
(-8.14216e-07 -0.00306455 0 8.47113e-07 0 -3.28971e-08)
(2.79506e-07 -0.00305342 0 -2.77503e-07 0 -2.00228e-09)
(-6.86513e-08 -0.00268222 0 1.35129e-07 0 -6.64779e-08)
(-9.78038e-07 -0.00268887 0 9.60452e-07 0 1.75868e-08)
(-6.12237e-07 -0.00268547 0 6.2544e-07 0 -1.32025e-08)
(4.04538e-07 -0.00267771 0 -4.09935e-07 0 5.39777e-09)
(2.72466e-08 -0.00234602 0 -8.35895e-09 0 -1.88876e-08)
(-9.53336e-07 -0.00234934 0 9.08465e-07 0 4.4871e-08)
(-4.19915e-07 -0.00234499 0 4.31627e-07 0 -1.17124e-08)
(4.08573e-07 -0.00234094 0 -3.99747e-07 0 -8.82548e-09)
(4.90399e-08 -0.00204407 0 1.61779e-08 0 -6.52178e-08)
(-9.60902e-07 -0.0020442 0 9.56289e-07 0 4.61276e-09)
(-3.50412e-07 -0.00204102 0 3.83481e-07 0 -3.30691e-08)
(4.16181e-07 -0.00203929 0 -4.37094e-07 0 2.09138e-08)
(1.35772e-07 -0.00177392 0 -9.74267e-08 0 -3.83449e-08)
(-8.38386e-07 -0.00177096 0 7.76315e-07 0 6.20709e-08)
(-2.0457e-07 -0.00176923 0 1.66616e-07 0 3.79545e-08)
(4.03355e-07 -0.00176889 0 -4.05131e-07 0 1.77596e-09)
(1.93384e-07 -0.00153342 0 -1.41929e-07 0 -5.14548e-08)
(-7.4569e-07 -0.0015272 0 6.7887e-07 0 6.68201e-08)
(-2.61285e-07 -0.00152709 0 2.76183e-07 0 -1.48988e-08)
(4.09062e-07 -0.00152789 0 -4.25592e-07 0 1.65303e-08)
(2.7655e-07 -0.00132019 0 -2.36179e-07 0 -4.03702e-08)
(-6.8259e-07 -0.00131067 0 6.72627e-07 0 9.96299e-09)
(-2.74564e-07 -0.00131239 0 2.85832e-07 0 -1.12682e-08)
(4.53367e-07 -0.0013148 0 -4.67875e-07 0 1.45079e-08)
(3.17048e-07 -0.00113211 0 -2.40943e-07 0 -7.61051e-08)
(-5.15757e-07 -0.00111982 0 4.76383e-07 0 3.93745e-08)
(-3.78853e-07 -0.00112077 0 3.76458e-07 0 2.39501e-09)
(4.51912e-07 -0.00112597 0 -4.39324e-07 0 -1.25883e-08)
(4.34694e-07 -0.000964044 0 -4.21233e-07 0 -1.34608e-08)
(-2.93021e-07 -0.000951077 0 2.6893e-07 0 2.40908e-08)
(-4.99202e-07 -0.000951819 0 5.32699e-07 0 -3.34966e-08)
(4.60106e-07 -0.000957562 0 -4.60624e-07 0 5.178e-10)
(4.61335e-07 -0.000813617 0 -4.04729e-07 0 -5.66064e-08)
(-1.4921e-07 -0.00080115 0 1.48501e-07 0 7.0929e-10)
(-6.03327e-07 -0.000804926 0 6.12392e-07 0 -9.06429e-09)
(4.1095e-07 -0.000809503 0 -4.1903e-07 0 8.08028e-09)
(5.82317e-07 -0.000683111 0 -5.4694e-07 0 -3.53767e-08)
(1.91865e-08 -0.000670385 0 -6.79205e-08 0 4.87341e-08)
(-7.52869e-07 -0.00067588 0 7.65103e-07 0 -1.22336e-08)
(4.17962e-07 -0.000679272 0 -4.08695e-07 0 -9.26711e-09)
(6.7565e-07 -0.000572044 0 -6.32348e-07 0 -4.33017e-08)
(1.22382e-07 -0.000558157 0 -1.55792e-07 0 3.34099e-08)
(-8.90499e-07 -0.000562868 0 8.94438e-07 0 -3.93868e-09)
(3.6078e-07 -0.000565106 0 -3.71883e-07 0 1.11028e-08)
(8.07167e-07 -0.000473985 0 -7.58419e-07 0 -4.87482e-08)
(3.00296e-07 -0.000461134 0 -3.26429e-07 0 2.6133e-08)
(-9.84198e-07 -0.000463783 0 1.00048e-06 0 -1.62816e-08)
(4.24594e-07 -0.000464824 0 -4.06747e-07 0 -1.78468e-08)
(8.88343e-07 -0.000385222 0 -8.50143e-07 0 -3.82006e-08)
(4.53915e-07 -0.0003761 0 -4.8104e-07 0 2.71254e-08)
(-1.00482e-06 -0.000376688 0 1.00493e-06 0 -1.115e-10)
(3.75669e-07 -0.000376595 0 -4.03176e-07 0 2.75068e-08)
(9.3266e-07 -0.000306857 0 -8.81461e-07 0 -5.11989e-08)
(5.66341e-07 -0.000301049 0 -5.7651e-07 0 1.01683e-08)
(-1.01271e-06 -0.000299819 0 1.04628e-06 0 -3.35734e-08)
(5.06358e-07 -0.000298543 0 -4.84657e-07 0 -2.17011e-08)
(9.35392e-07 -0.000237008 0 -9.03024e-07 0 -3.2368e-08)
(7.03936e-07 -0.000234305 0 -7.49131e-07 0 4.51951e-08)
(-9.01886e-07 -0.00023122 0 8.88501e-07 0 1.33845e-08)
(3.47753e-07 -0.000228872 0 -3.45251e-07 0 -2.50212e-09)
(9.05103e-07 -0.000173958 0 -8.53806e-07 0 -5.12973e-08)
(7.77877e-07 -0.000174172 0 -8.09571e-07 0 3.16941e-08)
(-8.05206e-07 -0.000169212 0 8.18723e-07 0 -1.35168e-08)
(5.02089e-07 -0.000165888 0 -5.02226e-07 0 1.36266e-10)
(8.14198e-07 -0.000115959 0 -7.61832e-07 0 -5.23665e-08)
(8.2971e-07 -0.00011913 0 -8.45849e-07 0 1.61395e-08)
(-6.56088e-07 -0.00011205 0 6.79829e-07 0 -2.37406e-08)
(3.26303e-07 -0.000108047 0 -3.50964e-07 0 2.46609e-08)
(7.67151e-07 -6.1389e-05 0 -7.49288e-07 0 -1.78626e-08)
(9.32268e-07 -6.76002e-05 0 -9.91647e-07 0 5.93793e-08)
(-3.82184e-07 -5.81031e-05 0 3.49322e-07 0 3.28621e-08)
(3.09338e-07 -5.36274e-05 0 -2.58023e-07 0 -5.13147e-08)
(6.00701e-07 -8.60109e-06 0 -5.82748e-07 0 -1.79531e-08)
(9.10969e-07 -1.80994e-05 0 -9.02981e-07 0 -7.98871e-09)
(-1.94756e-07 -9.2572e-06 0 2.30442e-07 0 -3.56859e-08)
(2.19935e-07 -3.81781e-06 0 -2.73823e-07 0 5.38877e-08)
(3.8997e-07 4.39862e-05 0 -3.29017e-07 0 -6.09535e-08)
(8.49859e-07 3.0867e-05 0 -8.53205e-07 0 3.34532e-09)
(5.42346e-08 3.62343e-05 0 -3.97576e-08 0 -1.4477e-08)
(1.65157e-07 4.60061e-05 0 -1.38592e-07 0 -2.65647e-08)
(1.79713e-07 9.79774e-05 0 -1.74619e-07 0 -5.09402e-09)
(7.24827e-07 8.43352e-05 0 -7.94009e-07 0 6.91823e-08)
(3.43891e-07 8.72786e-05 0 -3.34266e-07 0 -9.62471e-09)
(4.25319e-07 9.92214e-05 0 -4.02109e-07 0 -2.32104e-08)
(-3.80588e-08 0.000155079 0 9.00623e-08 0 -5.20035e-08)
(4.84392e-07 0.000144065 0 -4.84354e-07 0 -3.83588e-11)
(5.57741e-07 0.000146258 0 -5.42719e-07 0 -1.50223e-08)
(5.74228e-07 0.000157021 0 -6.12722e-07 0 3.8494e-08)
(-1.96994e-07 0.000216743 0 2.47356e-07 0 -5.03623e-08)
(3.9424e-07 0.000208245 0 -4.32477e-07 0 3.82368e-08)
(7.92614e-07 0.000209904 0 -7.91999e-07 0 -6.14968e-10)
(7.78162e-07 0.000218743 0 -7.2972e-07 0 -4.84417e-08)
(-2.53012e-07 0.000284834 0 2.73532e-07 0 -2.05198e-08)
(2.93229e-07 0.000278761 0 -3.35894e-07 0 4.26646e-08)
(9.30741e-07 0.000280754 0 -9.31147e-07 0 4.06072e-10)
(8.47397e-07 0.000287547 0 -8.84308e-07 0 3.69114e-08)
(-3.4527e-07 0.000360987 0 3.86265e-07 0 -4.09946e-08)
(2.16743e-07 0.000355763 0 -2.19574e-07 0 2.83155e-09)
(1.08767e-06 0.000358323 0 -1.08186e-06 0 -5.81291e-09)
(9.38443e-07 0.000362234 0 -9.23081e-07 0 -1.53622e-08)
(-4.23476e-07 0.000450498 0 4.64226e-07 0 -4.07501e-08)
(1.7674e-07 0.000442292 0 -1.97884e-07 0 2.11439e-08)
(1.1389e-06 0.000443511 0 -1.1247e-06 0 -1.41983e-08)
(7.20062e-07 0.000444714 0 -7.30566e-07 0 1.05038e-08)
(-4.83241e-07 0.00055522 0 5.13417e-07 0 -3.01755e-08)
(-8.02448e-09 0.00054337 0 -9.25809e-09 0 1.72826e-08)
(1.16696e-06 0.000540347 0 -1.15303e-06 0 -1.39279e-08)
(7.25403e-07 0.000541393 0 -7.03271e-07 0 -2.21316e-08)
(-5.26643e-07 0.00066808 0 5.65239e-07 0 -3.85966e-08)
(-3.2005e-07 0.00065458 0 2.93547e-07 0 2.65023e-08)
(1.09035e-06 0.000650274 0 -1.08722e-06 0 -3.12721e-09)
(5.05836e-07 0.000652177 0 -5.1839e-07 0 1.25542e-08)
(-5.55051e-07 0.000791541 0 5.88766e-07 0 -3.37148e-08)
(-6.0339e-07 0.000779894 0 5.81592e-07 0 2.17976e-08)
(1.10217e-06 0.000776872 0 -1.09774e-06 0 -4.42461e-09)
(4.88204e-07 0.000779852 0 -4.75946e-07 0 -1.22579e-08)
(-5.87823e-07 0.000934597 0 6.16614e-07 0 -2.87913e-08)
(-8.1787e-07 0.000923812 0 7.94017e-07 0 2.38527e-08)
(1.09075e-06 0.000921444 0 -1.08408e-06 0 -6.67209e-09)
(4.26195e-07 0.000926179 0 -4.38653e-07 0 1.2458e-08)
(-5.8706e-07 0.00109961 0 6.25473e-07 0 -3.84137e-08)
(-1.03314e-06 0.00109181 0 9.96742e-07 0 3.64028e-08)
(1.16239e-06 0.00109016 0 -1.13442e-06 0 -2.7968e-08)
(5.02559e-07 0.00109406 0 -4.86835e-07 0 -1.57239e-08)
(-5.66764e-07 0.00128872 0 5.86576e-07 0 -1.98121e-08)
(-1.14788e-06 0.00128621 0 1.1334e-06 0 1.44877e-08)
(1.17215e-06 0.00128521 0 -1.16761e-06 0 -4.54324e-09)
(5.04483e-07 0.00128592 0 -5.10956e-07 0 6.47312e-09)
(-3.88517e-07 0.00150557 0 4.41702e-07 0 -5.31851e-08)
(-1.16798e-06 0.00150597 0 1.14412e-06 0 2.38574e-08)
(1.18081e-06 0.0015057 0 -1.17708e-06 0 -3.7366e-09)
(5.18492e-07 0.00150429 0 -5.09618e-07 0 -8.87427e-09)
(-3.81526e-07 0.00175151 0 3.87455e-07 0 -5.92863e-09)
(-1.13228e-06 0.00175463 0 1.10193e-06 0 3.03542e-08)
(1.13137e-06 0.00175489 0 -1.13877e-06 0 7.39926e-09)
(4.8962e-07 0.00175175 0 -4.91533e-07 0 1.91319e-09)
(-2.14198e-07 0.00203068 0 2.69989e-07 0 -5.57904e-08)
(-1.06042e-06 0.00203489 0 1.03759e-06 0 2.28318e-08)
(1.09168e-06 0.00203563 0 -1.09208e-06 0 3.98466e-10)
(4.8788e-07 0.00203098 0 -4.87679e-07 0 -2.00566e-10)
(-2.30295e-07 0.00234415 0 2.38124e-07 0 -7.82964e-09)
(-9.70489e-07 0.00234977 0 9.39694e-07 0 3.07955e-08)
(1.00301e-06 0.0023508 0 -1.01011e-06 0 7.09731e-09)
(4.30178e-07 0.00234483 0 -4.27509e-07 0 -2.66958e-09)
(-6.85066e-08 0.00269578 0 1.15738e-07 0 -4.72313e-08)
(-8.45665e-07 0.00270277 0 8.26594e-07 0 1.90706e-08)
(9.08548e-07 0.00270393 0 -8.88859e-07 0 -1.96884e-08)
(4.03826e-07 0.00269597 0 -3.96062e-07 0 -7.76435e-09)
(-5.80865e-08 0.0030876 0 8.12239e-08 0 -2.31374e-08)
(-7.10225e-07 0.00309447 0 6.88134e-07 0 2.20909e-08)
(7.65279e-07 0.00309558 0 -7.59914e-07 0 -5.36564e-09)
(3.21631e-07 0.00308726 0 -3.27732e-07 0 6.1016e-09)
(7.9538e-08 0.00352249 0 -3.54328e-08 0 -4.41053e-08)
(-5.80333e-07 0.003528 0 5.59692e-07 0 2.06413e-08)
(6.76247e-07 0.00352888 0 -6.63557e-07 0 -1.26899e-08)
(2.90054e-07 0.00352134 0 -2.82016e-07 0 -8.03777e-09)
(5.10818e-08 0.00400305 0 -2.8e-08 0 -2.30818e-08)
(-4.95765e-07 0.00400748 0 4.70418e-07 0 2.53472e-08)
(5.45573e-07 0.00400817 0 -5.41507e-07 0 -4.06606e-09)
(2.51483e-07 0.00400107 0 -2.5292e-07 0 1.43696e-09)
(1.18958e-07 0.00453133 0 -7.90214e-08 0 -3.99362e-08)
(-4.11236e-07 0.00453497 0 3.90683e-07 0 2.05531e-08)
(4.63045e-07 0.00453545 0 -4.50643e-07 0 -1.24019e-08)
(2.49485e-07 0.00452893 0 -2.45042e-07 0 -4.44313e-09)
(6.96886e-08 0.00511035 0 -4.41437e-08 0 -2.55449e-08)
(-3.60681e-07 0.00511325 0 3.36602e-07 0 2.40788e-08)
(3.44487e-07 0.00511356 0 -3.40551e-07 0 -3.93624e-09)
(2.34502e-07 0.00510741 0 -2.33614e-07 0 -8.872e-10)
(8.81247e-08 0.00574151 0 -5.05238e-08 0 -3.76008e-08)
(-3.044e-07 0.00574392 0 2.83338e-07 0 2.10617e-08)
(2.68367e-07 0.00574417 0 -2.55944e-07 0 -1.24232e-08)
(2.40467e-07 0.00573886 0 -2.35952e-07 0 -4.51486e-09)
(3.17524e-08 0.00642779 0 -4.37546e-09 0 -2.7377e-08)
(-2.72345e-07 0.00642994 0 2.47922e-07 0 2.44226e-08)
(1.76288e-07 0.00643024 0 -1.72798e-07 0 -3.48981e-09)
(2.24133e-07 0.00642592 0 -2.23164e-07 0 -9.68668e-10)
(2.24932e-08 0.00717018 0 1.34856e-08 0 -3.59789e-08)
(-2.22874e-07 0.00717245 0 2.0128e-07 0 2.15933e-08)
(1.3586e-07 0.00717289 0 -1.249e-07 0 -1.09597e-08)
(2.17538e-07 0.00717028 0 -2.15393e-07 0 -2.14568e-09)
(-2.48953e-08 0.00797098 0 5.44405e-08 0 -2.95452e-08)
(-1.82991e-07 0.0079737 0 1.59179e-07 0 2.38116e-08)
(1.01666e-07 0.00797384 0 -9.58098e-08 0 -5.85664e-09)
(2.05346e-07 0.00797212 0 -2.02993e-07 0 -2.35252e-09)
(-3.77985e-08 0.00883058 0 7.28751e-08 0 -3.50767e-08)
(-1.26861e-07 0.00883428 0 1.04065e-07 0 2.27962e-08)
(8.13711e-08 0.008834 0 -6.87644e-08 0 -1.26067e-08)
(1.79e-07 0.00883299 0 -1.75875e-07 0 -3.12412e-09)
(-4.75862e-08 0.00975054 0 7.42523e-08 0 -2.66661e-08)
(-7.02051e-08 0.00975545 0 4.74834e-08 0 2.27217e-08)
(5.92474e-08 0.00975435 0 -5.41059e-08 0 -5.14152e-09)
(1.29517e-07 0.00975364 0 -1.26074e-07 0 -3.4436e-09)
(-2.99834e-08 0.0107242 0 5.5281e-08 0 -2.52976e-08)
(-8.1121e-09 0.0107302 0 -6.65427e-09 0 1.47664e-08)
(2.8204e-08 0.0107277 0 -2.24737e-08 0 -5.73034e-09)
(5.5436e-08 0.0107272 0 -5.59141e-08 0 4.78048e-10)
(3.14926e-07 -0.00464905 0 -1.03342e-07 0 -2.11584e-07)
(4.64823e-07 -0.00473736 0 -5.55788e-07 0 9.09651e-08)
(1.89605e-07 -0.00466866 0 -2.61681e-07 0 7.20763e-08)
(-3.53085e-07 -0.00464366 0 2.86725e-07 0 6.63606e-08)
(-4.04361e-06 -0.00780323 0 3.31545e-06 0 7.28155e-07)
(-2.73992e-08 -0.00786704 0 -8.50338e-08 0 1.12433e-07)
(2.79674e-06 -0.00782216 0 -2.57563e-06 0 -2.2111e-07)
(6.31208e-08 -0.00778593 0 7.24019e-09 0 -7.0361e-08)
(-3.8719e-06 -0.00759601 0 4.15927e-06 0 -2.87366e-07)
(-3.78587e-07 -0.0075596 0 4.9637e-07 0 -1.17784e-07)
(2.85695e-06 -0.00759845 0 -2.89619e-06 0 3.92358e-08)
(8.42524e-07 -0.00757597 0 -9.34996e-07 0 9.24714e-08)
(-2.54383e-06 -0.00686209 0 2.61494e-06 0 -7.11121e-08)
(-2.22878e-07 -0.00683052 0 2.2065e-07 0 2.22769e-09)
(2.43388e-06 -0.00685975 0 -2.40083e-06 0 -3.30532e-08)
(1.12094e-06 -0.006852 0 -1.23122e-06 0 1.10272e-07)
(-1.52248e-06 -0.00617676 0 1.51002e-06 0 1.24642e-08)
(-2.25376e-07 -0.00615087 0 2.63908e-07 0 -3.8532e-08)
(2.12906e-06 -0.00617331 0 -2.16255e-06 0 3.34903e-08)
(1.14838e-06 -0.00617528 0 -1.148e-06 0 -3.8389e-10)
(-7.21377e-07 -0.00553959 0 7.05241e-07 0 1.61353e-08)
(-1.18432e-07 -0.0055199 0 1.22584e-07 0 -4.15208e-09)
(1.56704e-06 -0.00553579 0 -1.48775e-06 0 -7.92894e-08)
(1.18348e-06 -0.00554582 0 -1.26459e-06 0 8.11066e-08)
(-1.34146e-07 -0.00495341 0 1.26438e-07 0 7.70801e-09)
(-8.34134e-08 -0.00493894 0 1.02323e-07 0 -1.89092e-08)
(1.21545e-06 -0.00494986 0 -1.20707e-06 0 -8.37531e-09)
(1.04163e-06 -0.00496277 0 -1.10502e-06 0 6.33933e-08)
(3.02615e-07 -0.00441444 0 -3.21285e-07 0 1.86699e-08)
(2.37779e-09 -0.00440237 0 -4.76218e-09 0 2.38438e-09)
(8.11544e-07 -0.00441013 0 -7.79155e-07 0 -3.23885e-08)
(8.84052e-07 -0.0044253 0 -9.26839e-07 0 4.27876e-08)
(6.18797e-07 -0.00391885 0 -6.31727e-07 0 1.29303e-08)
(7.00049e-08 -0.00390861 0 -6.51309e-08 0 -4.87403e-09)
(4.21143e-07 -0.0039156 0 -3.90929e-07 0 -3.02143e-08)
(7.18249e-07 -0.00393054 0 -7.79687e-07 0 6.14381e-08)
(8.16488e-07 -0.00346621 0 -8.09272e-07 0 -7.21598e-09)
(7.78191e-08 -0.0034584 0 -5.12801e-08 0 -2.6539e-08)
(5.744e-08 -0.00346501 0 -9.71356e-09 0 -4.77265e-08)
(6.25462e-07 -0.00347654 0 -7.04456e-07 0 7.89935e-08)
(9.68377e-07 -0.00305458 0 -9.99117e-07 0 3.07399e-08)
(1.05811e-07 -0.00304835 0 -1.00449e-07 0 -5.36209e-09)
(-1.64716e-07 -0.00305518 0 1.67867e-07 0 -3.15067e-09)
(5.275e-07 -0.00306314 0 -5.62254e-07 0 3.47543e-08)
(1.00811e-06 -0.0026816 0 -1.01921e-06 0 1.10976e-08)
(7.6068e-08 -0.00267644 0 -7.16813e-08 0 -4.3867e-09)
(-4.09523e-07 -0.00268401 0 4.23241e-07 0 -1.37185e-08)
(5.37667e-07 -0.00269002 0 -5.59304e-07 0 2.16366e-08)
(1.00123e-06 -0.00234531 0 -1.01818e-06 0 1.69551e-08)
(1.30481e-08 -0.00234081 0 1.26353e-09 0 -1.43117e-08)
(-6.40962e-07 -0.00234736 0 6.59718e-07 0 -1.87563e-08)
(6.1061e-07 -0.00235276 0 -6.6777e-07 0 5.71603e-08)
(1.03194e-06 -0.00204169 0 -1.05916e-06 0 2.72165e-08)
(-9.93655e-09 -0.00203878 0 2.83263e-08 0 -1.83898e-08)
(-8.02524e-07 -0.00204294 0 8.0341e-07 0 -8.86449e-10)
(5.79628e-07 -0.00204798 0 -5.9746e-07 0 1.78329e-08)
(1.02435e-06 -0.0017695 0 -1.04434e-06 0 1.99901e-08)
(1.91327e-08 -0.00176903 0 -5.57598e-08 0 3.66271e-08)
(-1.00531e-06 -0.00177045 0 1.07468e-06 0 -6.93653e-08)
(6.31007e-07 -0.00177482 0 -7.45641e-07 0 1.14634e-07)
(9.7272e-07 -0.00152615 0 -9.42772e-07 0 -2.9948e-08)
(-9.77115e-08 -0.00152815 0 1.68757e-07 0 -7.10454e-08)
(-1.05232e-06 -0.00152752 0 1.10352e-06 0 -5.1202e-08)
(5.59827e-07 -0.00153143 0 -6.73009e-07 0 1.13182e-07)
(1.05179e-06 -0.00131041 0 -1.10543e-06 0 5.36401e-08)
(-2.82458e-08 -0.00131481 0 -9.4914e-09 0 3.77372e-08)
(-1.04891e-06 -0.00131178 0 1.04605e-06 0 2.86098e-09)
(3.38819e-07 -0.00131508 0 -3.57961e-07 0 1.91423e-08)
(1.00026e-06 -0.00112032 0 -9.96832e-07 0 -3.43304e-09)
(-9.38334e-08 -0.00112486 0 1.12279e-07 0 -1.84454e-08)
(-1.06308e-06 -0.00112041 0 1.11056e-06 0 -4.74809e-08)
(2.28314e-07 -0.00112371 0 -2.90609e-07 0 6.22945e-08)
(1.04871e-06 -0.000953834 0 -1.06091e-06 0 1.22039e-08)
(-1.00377e-07 -0.000958919 0 1.29134e-07 0 -2.87569e-08)
(-9.96942e-07 -0.000951899 0 9.74931e-07 0 2.2011e-08)
(-4.80872e-08 -0.000954792 0 2.53176e-08 0 2.27696e-08)
(1.01199e-06 -0.000806057 0 -1.06485e-06 0 5.28539e-08)
(5.08294e-09 -0.000810636 0 -2.37104e-08 0 1.86275e-08)
(-9.11178e-07 -0.000802504 0 9.39539e-07 0 -2.83611e-08)
(-2.18278e-07 -0.000806216 0 1.97151e-07 0 2.11272e-08)
(9.66461e-07 -0.000677634 0 -9.33946e-07 0 -3.25153e-08)
(3.34733e-09 -0.000684026 0 3.75248e-08 0 -4.08721e-08)
(-8.97061e-07 -0.000673111 0 9.18088e-07 0 -2.1027e-08)
(-3.68449e-07 -0.000676407 0 2.94996e-07 0 7.34527e-08)
(8.55414e-07 -0.000562566 0 -9.10547e-07 0 5.51333e-08)
(1.51739e-07 -0.000568664 0 -1.68854e-07 0 1.71152e-08)
(-6.72286e-07 -0.000559773 0 7.119e-07 0 -3.96137e-08)
(-5.31632e-07 -0.000565306 0 4.89991e-07 0 4.16412e-08)
(8.36969e-07 -0.000463983 0 -7.94338e-07 0 -4.26312e-08)
(6.82843e-08 -0.000470834 0 -1.77658e-09 0 -6.65077e-08)
(-7.70531e-07 -0.000462522 0 7.73464e-07 0 -2.93281e-09)
(-7.91829e-07 -0.000467377 0 7.32263e-07 0 5.95664e-08)
(6.88147e-07 -0.00037427 0 -7.77717e-07 0 8.95705e-08)
(2.26937e-07 -0.000375757 0 -2.7328e-07 0 4.63439e-08)
(-5.68352e-07 -0.000372758 0 6.16292e-07 0 -4.79396e-08)
(-9.30228e-07 -0.000379967 0 9.04911e-07 0 2.53168e-08)
(8.64545e-07 -0.00029991 0 -8.23206e-07 0 -4.13384e-08)
(1.48718e-07 -0.000301748 0 -1.14824e-07 0 -3.38942e-08)
(-8.60819e-07 -0.000297625 0 8.1103e-07 0 4.9789e-08)
(-1.20595e-06 -0.000302328 0 1.14506e-06 0 6.0891e-08)
(5.33651e-07 -0.000232151 0 -5.7789e-07 0 4.42393e-08)
(2.23061e-07 -0.000232144 0 -1.92376e-07 0 -3.06851e-08)
(-6.78316e-07 -0.000229329 0 8.14732e-07 0 -1.36416e-07)
(-1.26601e-06 -0.00023354 0 1.26927e-06 0 -3.26407e-09)
(7.68487e-07 -0.000170827 0 -7.42758e-07 0 -2.57283e-08)
(2.88261e-07 -0.000170464 0 -3.02611e-07 0 1.43499e-08)
(-8.81821e-07 -0.000168568 0 8.04716e-07 0 7.7105e-08)
(-1.39199e-06 -0.000171208 0 1.26194e-06 0 1.30054e-07)
(3.98595e-07 -0.000116439 0 -4.63521e-07 0 6.49264e-08)
(2.99899e-07 -0.000114952 0 -2.74106e-07 0 -2.57931e-08)
(-6.59584e-07 -0.000112608 0 7.51282e-07 0 -9.16981e-08)
(-1.44807e-06 -0.000114072 0 1.45524e-06 0 -7.16652e-09)
(4.91658e-07 -6.23304e-05 0 -4.22703e-07 0 -6.89546e-08)
(3.72882e-07 -5.97747e-05 0 -3.47307e-07 0 -2.55752e-08)
(-9.40887e-07 -6.01561e-05 0 9.51194e-07 0 -1.03069e-08)
(-1.56304e-06 -6.02594e-05 0 1.49408e-06 0 6.89582e-08)
(2.35216e-07 -1.44826e-05 0 -3.45588e-07 0 1.10372e-07)
(3.87913e-07 -1.09229e-05 0 -3.81463e-07 0 -6.45032e-09)
(-5.26352e-07 -9.21615e-06 0 4.68275e-07 0 5.80768e-08)
(-1.42759e-06 -8.18401e-06 0 1.37581e-06 0 5.17791e-08)
(3.11494e-07 4.45442e-05 0 -3.03204e-07 0 -8.29004e-09)
(5.63859e-07 4.73911e-05 0 -5.57366e-07 0 -6.49371e-09)
(-8.81151e-07 4.27624e-05 0 9.22882e-07 0 -4.17312e-08)
(-1.6837e-06 4.37709e-05 0 1.75882e-06 0 -7.51142e-08)
(1.58217e-07 9.74317e-05 0 -1.49777e-07 0 -8.43961e-09)
(2.79413e-07 9.76826e-05 0 -2.28143e-07 0 -5.12698e-08)
(-7.45743e-07 9.55832e-05 0 7.86506e-07 0 -4.07632e-08)
(-1.37079e-06 9.7325e-05 0 1.30672e-06 0 6.40659e-08)
(3.01361e-07 0.000157434 0 -3.38646e-07 0 3.72855e-08)
(5.05481e-07 0.000157221 0 -5.0666e-07 0 1.17866e-09)
(-8.19416e-07 0.00015316 0 7.88048e-07 0 3.13681e-08)
(-1.46081e-06 0.00015389 0 1.39715e-06 0 6.36595e-08)
(1.73886e-07 0.000217982 0 -1.79001e-07 0 5.11543e-09)
(1.83597e-07 0.000216752 0 -1.83598e-07 0 1.77303e-13)
(-9.12408e-07 0.000214618 0 1.00945e-06 0 -9.70397e-08)
(-1.37152e-06 0.000215519 0 1.37684e-06 0 -5.31791e-09)
(1.86867e-07 0.000284409 0 -1.80705e-07 0 -6.16193e-09)
(3.28374e-07 0.000281926 0 -2.69492e-07 0 -5.88815e-08)
(-8.65805e-07 0.000281603 0 8.40738e-07 0 2.50665e-08)
(-1.3286e-06 0.000283374 0 1.20889e-06 0 1.19706e-07)
(5.77831e-09 0.000355141 0 -3.49069e-08 0 2.91285e-08)
(1.24356e-07 0.000350158 0 -1.63571e-07 0 3.92151e-08)
(-7.72544e-07 0.000354178 0 7.79232e-07 0 -6.68835e-09)
(-1.26423e-06 0.000360157 0 1.27561e-06 0 -1.13772e-08)
(-1.85459e-07 0.000437173 0 1.56659e-07 0 2.87999e-08)
(2.92594e-07 0.000436283 0 -2.35107e-07 0 -5.74863e-08)
(-5.85677e-07 0.000439416 0 6.15238e-07 0 -2.95608e-08)
(-1.17304e-06 0.000446649 0 1.13085e-06 0 4.21932e-08)
(-3.06404e-07 0.000533714 0 3.0371e-07 0 2.69449e-09)
(1.75904e-07 0.000531348 0 -1.97047e-07 0 2.11426e-08)
(-4.13798e-07 0.00053434 0 4.08877e-07 0 4.92087e-09)
(-8.32492e-07 0.000546429 0 7.87996e-07 0 4.44965e-08)
(-5.25153e-07 0.000642722 0 4.96648e-07 0 2.85048e-08)
(3.18651e-07 0.000641915 0 -2.71594e-07 0 -4.70575e-08)
(-8.24445e-08 0.000645196 0 1.13118e-07 0 -3.06731e-08)
(-4.73796e-07 0.000656537 0 4.35154e-07 0 3.86425e-08)
(-6.47398e-07 0.00077435 0 6.39301e-07 0 8.09712e-09)
(2.40995e-07 0.00077228 0 -2.50054e-07 0 9.05916e-09)
(6.57646e-08 0.000772171 0 -6.12891e-08 0 -4.47553e-09)
(-8.35158e-08 0.000781941 0 5.98216e-08 0 2.36942e-08)
(-7.84645e-07 0.000921849 0 7.59203e-07 0 2.54424e-08)
(2.49555e-07 0.000920502 0 -2.11381e-07 0 -3.8174e-08)
(2.46116e-07 0.000917992 0 -2.20538e-07 0 -2.55775e-08)
(1.82107e-07 0.00092456 0 -2.23958e-07 0 4.18507e-08)
(-8.4626e-07 0.00109257 0 8.44105e-07 0 2.15444e-09)
(9.0732e-08 0.00108986 0 -8.33824e-08 0 -7.34952e-09)
(2.04206e-07 0.00108549 0 -2.01709e-07 0 -2.49676e-09)
(4.87548e-07 0.00109139 0 -5.21913e-07 0 3.43648e-08)
(-9.26369e-07 0.00128536 0 8.99207e-07 0 2.71618e-08)
(1.69402e-08 0.00128285 0 1.28203e-08 0 -2.97605e-08)
(2.95882e-07 0.00127631 0 -2.67975e-07 0 -2.7907e-08)
(6.50471e-07 0.00127976 0 -6.83281e-07 0 3.28099e-08)
(-9.47879e-07 0.00150529 0 9.42161e-07 0 5.71773e-09)
(-1.99259e-07 0.00150054 0 1.89644e-07 0 9.61486e-09)
(1.18576e-07 0.00149589 0 -1.32772e-07 0 1.41959e-08)
(9.07542e-07 0.00150079 0 -9.41743e-07 0 3.42014e-08)
(-1.04583e-06 0.00175362 0 1.01054e-06 0 3.52875e-08)
(-2.93514e-07 0.00175061 0 3.15643e-07 0 -2.21285e-08)
(2.70906e-07 0.00174729 0 -2.09068e-07 0 -6.18385e-08)
(9.76225e-07 0.00174929 0 -1.00613e-06 0 2.99069e-08)
(-9.82628e-07 0.0020339 0 9.71659e-07 0 1.09694e-08)
(-4.20696e-07 0.00203099 0 4.17246e-07 0 3.44987e-09)
(1.01042e-07 0.0020277 0 -1.41359e-07 0 4.03166e-08)
(1.05571e-06 0.00203028 0 -1.09211e-06 0 3.63953e-08)
(-1.05401e-06 0.00234843 0 1.02569e-06 0 2.83216e-08)
(-5.09458e-07 0.00234585 0 5.3652e-07 0 -2.7062e-08)
(2.45219e-07 0.00234338 0 -1.8155e-07 0 -6.36692e-08)
(1.08753e-06 0.00234565 0 -1.12422e-06 0 3.66941e-08)
(-9.56419e-07 0.00270035 0 9.52187e-07 0 4.23171e-09)
(-6.13644e-07 0.0027002 0 6.3083e-07 0 -1.7186e-08)
(8.04953e-08 0.00269621 0 -1.073e-07 0 2.68051e-08)
(1.07901e-06 0.00269714 0 -1.10843e-06 0 2.94119e-08)
(-9.1563e-07 0.00309212 0 8.89223e-07 0 2.64071e-08)
(-6.40848e-07 0.00309342 0 6.57977e-07 0 -1.71292e-08)
(1.626e-07 0.00308973 0 -1.18858e-07 0 -4.37418e-08)
(1.0809e-06 0.00309012 0 -1.12128e-06 0 4.0389e-08)
(-7.49775e-07 0.00352686 0 7.43977e-07 0 5.79821e-09)
(-6.94525e-07 0.00353044 0 7.09928e-07 0 -1.54023e-08)
(-4.52549e-08 0.0035257 0 3.35029e-08 0 1.17519e-08)
(1.01115e-06 0.00352472 0 -1.0403e-06 0 2.91458e-08)
(-6.14656e-07 0.00400681 0 5.90599e-07 0 2.40575e-08)
(-6.82748e-07 0.00401132 0 7.00107e-07 0 -1.73587e-08)
(-2.24464e-08 0.0040074 0 5.98043e-08 0 -3.73579e-08)
(9.72779e-07 0.00400643 0 -1.0091e-06 0 3.63225e-08)
(-4.01397e-07 0.00453498 0 3.8945e-07 0 1.19475e-08)
(-6.74736e-07 0.00454105 0 6.87631e-07 0 -1.2895e-08)
(-2.12849e-07 0.00453682 0 2.04702e-07 0 8.14715e-09)
(8.70759e-07 0.00453434 0 -9.01816e-07 0 3.10567e-08)
(-2.13541e-07 0.00511327 0 1.92906e-07 0 2.0635e-08)
(-6.26283e-07 0.00511922 0 6.46443e-07 0 -2.01598e-08)
(-2.41587e-07 0.00511621 0 2.73694e-07 0 -3.2107e-08)
(7.91552e-07 0.00511425 0 -8.27611e-07 0 3.60587e-08)
(-6.80614e-09 0.00574384 0 -5.59425e-09 0 1.24004e-08)
(-5.78768e-07 0.00574941 0 5.92309e-07 0 -1.35403e-08)
(-3.84244e-07 0.00574717 0 3.81178e-07 0 3.06553e-09)
(6.78109e-07 0.005745 0 -7.1051e-07 0 3.24012e-08)
(1.3527e-07 0.00642946 0 -1.52215e-07 0 1.69443e-08)
(-5.14582e-07 0.00643311 0 5.32602e-07 0 -1.80201e-08)
(-3.83449e-07 0.00643293 0 4.09665e-07 0 -2.62159e-08)
(6.03158e-07 0.00643196 0 -6.38088e-07 0 3.49299e-08)
(2.35255e-07 0.00717235 0 -2.49511e-07 0 1.42556e-08)
(-4.66782e-07 0.00717419 0 4.82973e-07 0 -1.61907e-08)
(-4.2993e-07 0.00717525 0 4.33569e-07 0 -3.63849e-09)
(5.07996e-07 0.00717408 0 -5.40619e-07 0 3.26222e-08)
(2.67507e-07 0.0079727 0 -2.8585e-07 0 1.83432e-08)
(-4.17576e-07 0.0079727 0 4.34513e-07 0 -1.69365e-08)
(-3.83124e-07 0.00797616 0 4.04911e-07 0 -2.17873e-08)
(4.34728e-07 0.00797554 0 -4.69713e-07 0 3.49849e-08)
(2.54134e-07 0.00883175 0 -2.67543e-07 0 1.34082e-08)
(-3.49578e-07 0.00883071 0 3.6333e-07 0 -1.37521e-08)
(-3.36907e-07 0.00883648 0 3.41832e-07 0 -4.92463e-09)
(3.34514e-07 0.00883505 0 -3.65668e-07 0 3.11543e-08)
(1.87094e-07 0.00975053 0 -2.00796e-07 0 1.37028e-08)
(-2.57113e-07 0.0097484 0 2.70712e-07 0 -1.35989e-08)
(-2.32561e-07 0.00975732 0 2.48263e-07 0 -1.57017e-08)
(2.33409e-07 0.0097555 0 -2.63339e-07 0 2.99294e-08)
(8.09377e-08 0.0107221 0 -9.5986e-08 0 1.50483e-08)
(-1.24962e-07 0.01072 0 1.40438e-07 0 -1.54767e-08)
(-1.06434e-07 0.0107326 0 1.17731e-07 0 -1.12964e-08)
(1.05243e-07 0.0107294 0 -1.3308e-07 0 2.78375e-08)
)
;

boundaryField
{
    topWall
    {
        type            calculated;
        value           nonuniform List<symmTensor> 8((-3.03585e-08 0.011223 0 5.60313e-08 0 -2.56728e-08) (-4.20746e-09 0.0112293 0 -1.44635e-08 0 1.8671e-08) (1.809e-08 0.0112258 0 -2.24565e-09 0 -1.58443e-08) (4.69837e-08 0.0112252 0 -3.90095e-08 0 -7.97426e-09) (6.90471e-08 0.0112192 0 -7.22048e-08 0 3.15772e-09) (-9.8247e-08 0.0112173 0 8.70089e-08 0 1.12381e-08) (-8.82053e-08 0.0112323 0 8.12727e-08 0 6.93264e-09) (8.35625e-08 0.0112287 0 -8.97196e-08 0 6.15702e-09));
    }
    botWall
    {
        type            calculated;
        value           nonuniform List<symmTensor> 8((5.27465e-08 -0.00111204 0 2.57466e-08 0 -7.84931e-08) (-1.85385e-07 -0.00110873 0 2.70895e-07 0 -8.55103e-08) (-7.65371e-08 -0.00112402 0 2.1098e-08 0 5.54392e-08) (-1.19589e-08 -0.00112456 0 2.75701e-08 0 -1.56112e-08) (1.45361e-08 -0.00112358 0 -2.61011e-08 0 1.1565e-08) (8.09135e-09 -0.00112421 0 -2.42123e-09 0 -5.67012e-09) (5.41909e-09 -0.00112193 0 -1.30725e-08 0 7.65341e-09) (2.24457e-08 -0.00112448 0 3.75693e-08 0 -6.00149e-08));
    }
    inlet
    {
        type            cyclic;
    }
    outlet
    {
        type            cyclic;
    }
    fixWall
    {
        type            empty;
    }
}


// ************************************************************************* //
