/*--------------------------------*- C++ -*----------------------------------*\
  =========                 |
  \\      /  F ield         | OpenFOAM: The Open Source CFD Toolbox
   \\    /   O peration     | Website:  https://openfoam.org
    \\  /    A nd           | Version:  dev
     \\/     M anipulation  |

   OpenFOAM for Windows 20.09 (v1)
   Built by CFD Support, www.cfdsupport.com (based on Symscape).
\*---------------------------------------------------------------------------*/
FoamFile
{
    version     2.0;
    format      ascii;
    class       volTensorField;
    location    "8";
    object      gradU;
}
// * * * * * * * * * * * * * * * * * * * * * * * * * * * * * * * * * * * * * //

dimensions      [0 0 -1 0 0 0 0];

internalField   nonuniform List<tensor> 
960
(
(-0.000347785 -2.85781e-06 0 5.66928 -0.00095855 0 0 0 0)
(0.000264667 1.53016e-06 0 5.65831 -0.000883485 0 0 0 0)
(0.000349737 3.45851e-06 0 5.69769 -5.19787e-05 0 0 0 0)
(-9.67859e-06 3.67128e-08 0 5.69606 -8.77199e-05 0 0 0 0)
(-0.000245442 -8.86534e-06 0 5.19253 0.000511786 0 0 0 0)
(0.000208834 1.35794e-05 0 5.18893 -0.000623324 0 0 0 0)
(0.000279363 9.80424e-06 0 5.18551 -0.000103071 0 0 0 0)
(-0.000121358 2.5038e-06 0 5.17956 -3.52123e-05 0 0 0 0)
(-0.000133738 -1.00183e-05 0 4.70476 0.000205643 0 0 0 0)
(0.000147741 -8.71745e-06 0 4.7023 -0.000358552 0 0 0 0)
(0.000193586 1.32604e-05 0 4.69652 1.50748e-05 0 0 0 0)
(-0.000233384 3.76597e-06 0 4.69098 5.43568e-05 0 0 0 0)
(-2.83793e-05 -9.50323e-06 0 4.24818 0.000335226 0 0 0 0)
(7.16021e-05 1.04032e-05 0 4.24657 -0.000282153 0 0 0 0)
(9.07103e-05 1.66861e-05 0 4.23945 0.00010646 0 0 0 0)
(-0.000340102 4.48082e-06 0 4.23452 0.000166889 0 0 0 0)
(5.84595e-05 -7.38708e-06 0 3.82268 0.000453733 0 0 0 0)
(2.19805e-06 -1.25302e-05 0 3.82127 -0.000227635 0 0 0 0)
(-7.13365e-06 2.07444e-05 0 3.81392 0.000207796 0 0 0 0)
(-0.000432838 4.08304e-06 0 3.81021 0.000260362 0 0 0 0)
(0.000123083 -4.65484e-06 0 3.4278 -0.000186155 0 0 0 0)
(-7.43375e-05 6.30427e-06 0 3.42669 -0.000160011 0 0 0 0)
(-9.34872e-05 2.48193e-05 0 3.41934 0.000294175 0 0 0 0)
(-0.000506363 3.01576e-06 0 3.41686 0.000333662 0 0 0 0)
(0.00017856 -3.25852e-07 0 3.06251 0.000377991 0 0 0 0)
(-0.000138803 -4.52471e-06 0 3.06188 -9.49742e-05 0 0 0 0)
(-0.000170846 2.89723e-05 0 3.0548 0.000365647 0 0 0 0)
(-0.000558758 1.0957e-06 0 3.0535 0.000388491 0 0 0 0)
(0.000216066 4.09245e-06 0 2.72671 -0.000165704 0 0 0 0)
(-0.000202853 6.09853e-06 0 2.72654 -2.65787e-05 0 0 0 0)
(-0.000233211 3.28771e-05 0 2.71931 0.000437802 0 0 0 0)
(-0.000587447 -1.33964e-06 0 2.71882 0.000415638 0 0 0 0)
(0.000253509 9.75921e-06 0 2.41891 0.000147619 0 0 0 0)
(-0.000262056 5.53372e-06 0 2.41921 2.57814e-05 0 0 0 0)
(-0.000299513 3.63426e-05 0 2.41179 0.000488862 0 0 0 0)
(-0.000595076 -4.67121e-06 0 2.41188 0.000425154 0 0 0 0)
(0.000276371 1.53034e-05 0 2.13818 -9.66231e-05 0 0 0 0)
(-0.000321521 1.17859e-05 0 2.13903 8.57405e-05 0 0 0 0)
(-0.000355466 3.95333e-05 0 2.13107 0.000581779 0 0 0 0)
(-0.00058343 -8.3128e-06 0 2.13123 0.000406792 0 0 0 0)
(0.000309509 2.15733e-05 0 1.88288 9.68281e-06 0 0 0 0)
(-0.000380482 1.68404e-05 0 1.88436 0.000147613 0 0 0 0)
(-0.000429488 4.16934e-05 0 1.87602 0.000588217 0 0 0 0)
(-0.000557292 -1.37665e-05 0 1.87616 0.000391758 0 0 0 0)
(0.000329378 2.81728e-05 0 1.6515 -9.64148e-05 0 0 0 0)
(-0.000435763 2.14282e-05 0 1.65383 0.000180689 0 0 0 0)
(-0.000492191 4.36024e-05 0 1.64515 0.000735587 0 0 0 0)
(-0.000524924 -1.83304e-05 0 1.64479 0.000334344 0 0 0 0)
(0.000359646 3.39074e-05 0 1.44271 -8.28202e-05 0 0 0 0)
(-0.000486285 3.07071e-05 0 1.44657 0.000219668 0 0 0 0)
(-0.000580154 4.42543e-05 0 1.43718 0.000778155 0 0 0 0)
(-0.000487668 -2.75348e-05 0 1.43581 0.000306018 0 0 0 0)
(0.000384711 4.08428e-05 0 1.25516 -0.000112144 0 0 0 0)
(-0.000527955 3.57777e-05 0 1.26156 0.000336362 0 0 0 0)
(-0.000671607 4.50416e-05 0 1.25088 0.000812379 0 0 0 0)
(-0.000461247 -3.36928e-05 0 1.24756 0.000332191 0 0 0 0)
(0.000434122 4.66311e-05 0 1.08671 -0.000196487 0 0 0 0)
(-0.000557535 4.61158e-05 0 1.09628 0.00033469 0 0 0 0)
(-0.000813454 4.41848e-05 0 1.0851 0.0011268 0 0 0 0)
(-0.000448085 -4.5327e-05 0 1.07982 0.000268462 0 0 0 0)
(0.000482375 5.00742e-05 0 0.940225 -0.000236694 0 0 0 0)
(-0.000554811 5.78325e-05 0 0.947679 0.000329273 0 0 0 0)
(-0.000945959 4.39377e-05 0 0.937087 0.00113853 0 0 0 0)
(-0.000471738 -5.83581e-05 0 0.932148 0.000289758 0 0 0 0)
(0.000524829 5.36541e-05 0 0.811457 -0.000343704 0 0 0 0)
(-0.000609836 6.90362e-05 0 0.81465 0.00041549 0 0 0 0)
(-0.0010723 4.35262e-05 0 0.805491 0.0013079 0 0 0 0)
(-0.000446368 -7.09752e-05 0 0.802807 0.000273769 0 0 0 0)
(0.000543099 5.56354e-05 0 0.695304 -0.000344939 0 0 0 0)
(-0.000654246 8.53593e-05 0 0.697801 0.000393983 0 0 0 0)
(-0.00114334 4.15757e-05 0 0.69007 0.00139954 0 0 0 0)
(-0.000400439 -8.97546e-05 0 0.689194 0.000203063 0 0 0 0)
(0.000566977 5.88407e-05 0 0.593601 -0.000411704 0 0 0 0)
(-0.000697065 9.81108e-05 0 0.59573 0.000457413 0 0 0 0)
(-0.00121576 4.03442e-05 0 0.58916 0.00138298 0 0 0 0)
(-0.000330216 -0.000106008 0 0.589614 0.000167176 0 0 0 0)
(0.000570713 6.13724e-05 0 0.505134 -0.000373528 0 0 0 0)
(-0.000728265 0.000115271 0 0.506911 0.000511641 0 0 0 0)
(-0.00124528 3.67384e-05 0 0.501653 0.00148199 0 0 0 0)
(-0.000249906 -0.000125809 0 0.503538 8.0485e-05 0 0 0 0)
(0.000581098 6.40588e-05 0 0.428775 -0.000403248 0 0 0 0)
(-0.000755078 0.000129036 0 0.430361 0.000528539 0 0 0 0)
(-0.00127197 3.31583e-05 0 0.426156 0.0014727 0 0 0 0)
(-0.000157814 -0.000145522 0 0.428997 -1.25353e-05 0 0 0 0)
(0.000577357 6.70011e-05 0 0.363347 -0.000404094 0 0 0 0)
(-0.000771926 0.000146536 0 0.364662 0.000554732 0 0 0 0)
(-0.00126801 2.77205e-05 0 0.361598 0.00148412 0 0 0 0)
(-6.33045e-05 -0.000166035 0 0.365583 -0.00010632 0 0 0 0)
(0.000581448 6.91657e-05 0 0.307741 -0.000391271 0 0 0 0)
(-0.000784236 0.000160506 0 0.308825 0.000564329 0 0 0 0)
(-0.00125661 2.21408e-05 0 0.306818 0.00145815 0 0 0 0)
(3.80913e-05 -0.000186805 0 0.311729 -0.000206977 0 0 0 0)
(0.000574118 7.19819e-05 0 0.260801 -0.000400679 0 0 0 0)
(-0.000787306 0.00017736 0 0.261763 0.000569164 0 0 0 0)
(-0.00121962 1.48654e-05 0 0.260981 0.00144058 0 0 0 0)
(0.000140229 -0.000207568 0 0.266899 -0.000307395 0 0 0 0)
(0.00057522 7.38975e-05 0 0.221863 -0.000397657 0 0 0 0)
(-0.000781238 0.000191194 0 0.222666 0.000544266 0 0 0 0)
(-0.00117102 7.53143e-06 0 0.223074 0.00135813 0 0 0 0)
(0.000247218 -0.000228021 0 0.229963 -0.000404803 0 0 0 0)
(0.000565473 7.61145e-05 0 0.190158 -0.000380432 0 0 0 0)
(-0.000767116 0.000206623 0 0.190759 0.000563265 0 0 0 0)
(-0.001098 -9.52384e-07 0 0.192305 0.00136543 0 0 0 0)
(0.000355592 -0.000247125 0 0.200547 -0.00056185 0 0 0 0)
(0.000566601 7.87262e-05 0 0.165324 -0.000374982 0 0 0 0)
(-0.000745457 0.000220292 0 0.165359 0.000535939 0 0 0 0)
(-0.00100787 -1.12205e-05 0 0.167967 0.00116214 0 0 0 0)
(0.000474025 -0.00026817 0 0.177553 -0.000659497 0 0 0 0)
(0.000548458 7.84798e-05 0 0.146356 -0.000367978 0 0 0 0)
(-0.000723076 0.000232242 0 0.146048 0.000485521 0 0 0 0)
(-0.000894764 -2.08763e-05 0 0.149805 0.0011215 0 0 0 0)
(0.00059915 -0.000282343 0 0.160952 -0.000789802 0 0 0 0)
(0.000548298 8.22862e-05 0 0.13358 -0.000340459 0 0 0 0)
(-0.000687965 0.000245116 0 0.132455 0.00049281 0 0 0 0)
(-0.000759476 -3.24759e-05 0 0.137281 0.000983994 0 0 0 0)
(0.000736043 -0.000301658 0 0.14973 -0.000906185 0 0 0 0)
(0.000519915 8.25496e-05 0 0.1224 -0.00038549 0 0 0 0)
(-0.000661383 0.000254316 0 0.124416 0.000424904 0 0 0 0)
(-0.00060685 -4.41929e-05 0 0.130205 0.000713233 0 0 0 0)
(0.000881746 -0.000313235 0 0.144817 -0.000937706 0 0 0 0)
(0.000571615 8.40227e-05 0 0.118762 -0.000461384 0 0 0 0)
(-0.000557895 0.000263428 0 0.122802 0.00033453 0 0 0 0)
(-0.000419451 -5.5186e-05 0 0.129338 0.00073569 0 0 0 0)
(0.00106169 -0.000324784 0 0.144043 -0.00123319 0 0 0 0)
(0.000582308 8.56633e-05 0 0.125228 -0.000450287 0 0 0 0)
(-0.000485117 0.000274267 0 0.127412 0.000352794 0 0 0 0)
(-0.000252845 -7.03215e-05 0 0.134417 0.000391466 0 0 0 0)
(0.00121595 -0.000336327 0 0.146324 -0.00135234 0 0 0 0)
(0.000609475 8.35338e-05 0 0.135148 -0.000450999 0 0 0 0)
(-0.000404753 0.000277457 0 0.137353 0.000196356 0 0 0 0)
(-0.000104262 -8.3605e-05 0 0.144529 0.000307289 0 0 0 0)
(0.00132651 -0.000340819 0 0.153607 -0.00149902 0 0 0 0)
(0.000625104 8.39309e-05 0 0.150695 -0.000484695 0 0 0 0)
(-0.000328757 0.000286905 0 0.152599 0.000159588 0 0 0 0)
(1.80527e-05 -9.85778e-05 0 0.159847 0.000208615 0 0 0 0)
(0.00139172 -0.000348996 0 0.16601 -0.00161817 0 0 0 0)
(0.000652252 8.15764e-05 0 0.171779 -0.000480617 0 0 0 0)
(-0.000252218 0.000289013 0 0.173518 7.6739e-05 0 0 0 0)
(0.000119254 -0.000113234 0 0.180727 9.635e-06 0 0 0 0)
(0.00142271 -0.000351319 0 0.184203 -0.00157038 0 0 0 0)
(0.000676981 7.97948e-05 0 0.198897 -0.000529713 0 0 0 0)
(-0.000179619 0.000295076 0 0.200219 -2.02488e-05 0 0 0 0)
(0.000196146 -0.00012603 0 0.207565 4.23973e-05 0 0 0 0)
(0.00141666 -0.000354334 0 0.208501 -0.00157771 0 0 0 0)
(0.000704063 7.78841e-05 0 0.232541 -0.000563814 0 0 0 0)
(-0.000107759 0.000298548 0 0.233286 -8.08317e-05 0 0 0 0)
(0.000257296 -0.000139192 0 0.240888 -7.27411e-05 0 0 0 0)
(0.00138351 -0.000355803 0 0.239688 -0.00155285 0 0 0 0)
(0.000726274 7.52521e-05 0 0.273083 -0.000569895 0 0 0 0)
(-4.05011e-05 0.000303261 0 0.273085 -0.000150434 0 0 0 0)
(0.000302841 -0.000150564 0 0.281257 -9.87912e-05 0 0 0 0)
(0.00132084 -0.000356268 0 0.278309 -0.00148747 0 0 0 0)
(0.000741214 7.30024e-05 0 0.321391 -0.000588296 0 0 0 0)
(2.84751e-05 0.0003064 0 0.320279 -0.000211771 0 0 0 0)
(0.000344353 -0.000161476 0 0.329272 -0.000139452 0 0 0 0)
(0.00123665 -0.000356164 0 0.325148 -0.00140233 0 0 0 0)
(0.000745734 7.03442e-05 0 0.378069 -0.000600515 0 0 0 0)
(9.08571e-05 0.000310742 0 0.375739 -0.000268987 0 0 0 0)
(0.000384002 -0.000170406 0 0.385708 -0.000192457 0 0 0 0)
(0.0011324 -0.000355034 0 0.38091 -0.0013174 0 0 0 0)
(0.00073729 6.80262e-05 0 0.444268 -0.000582998 0 0 0 0)
(0.00015579 0.000313201 0 0.440061 -0.000348907 0 0 0 0)
(0.00043053 -0.000178949 0 0.450982 -0.000199405 0 0 0 0)
(0.0010136 -0.000353186 0 0.44626 -0.00115919 0 0 0 0)
(0.000709674 6.64391e-05 0 0.520601 -0.000555597 0 0 0 0)
(0.000202751 0.000317135 0 0.51464 -0.000454217 0 0 0 0)
(0.000487328 -0.000183911 0 0.526795 -0.000332839 0 0 0 0)
(0.000891791 -0.000349966 0 0.522247 -0.00106279 0 0 0 0)
(0.000662703 6.43451e-05 0 0.608312 -0.00047402 0 0 0 0)
(0.00025901 0.000316913 0 0.599269 -0.00043036 0 0 0 0)
(0.000557317 -0.000189092 0 0.612786 -0.00028448 0 0 0 0)
(0.000756389 -0.000344323 0 0.609807 -0.000933782 0 0 0 0)
(0.00057906 6.45996e-05 0 0.708183 -0.000466594 0 0 0 0)
(0.000277331 0.000320294 0 0.696088 -0.000493731 0 0 0 0)
(0.000662958 -0.000192301 0 0.711172 -0.000472963 0 0 0 0)
(0.000641848 -0.000340227 0 0.709939 -0.000796491 0 0 0 0)
(0.000467606 6.49451e-05 0 0.820234 -0.000326409 0 0 0 0)
(0.000308832 0.000316807 0 0.803969 -0.000356654 0 0 0 0)
(0.000788173 -0.000194138 0 0.821318 -0.000766136 0 0 0 0)
(0.000514603 -0.00032877 0 0.822845 -0.000636677 0 0 0 0)
(0.000281552 6.74523e-05 0 0.945989 -0.000285887 0 0 0 0)
(0.000295392 0.000312965 0 0.93042 -0.000261072 0 0 0 0)
(0.000977561 -0.000196968 0 0.946181 -0.000870052 0 0 0 0)
(0.000437138 -0.000318183 0 0.947561 -0.000434382 0 0 0 0)
(0.000162562 7.16685e-05 0 1.08813 -0.000140037 0 0 0 0)
(0.000312028 0.000307071 0 1.0767 -0.000263595 0 0 0 0)
(0.00107385 -0.000197027 0 1.08943 -0.00125468 0 0 0 0)
(0.00033163 -0.000304488 0 1.08758 -0.000278668 0 0 0 0)
(5.49027e-05 7.6945e-05 0 1.24666 -7.43947e-05 0 0 0 0)
(0.000317132 0.000294388 0 1.23743 -0.000283334 0 0 0 0)
(0.00115886 -0.000197219 0 1.2493 -0.00121901 0 0 0 0)
(0.000226704 -0.000283953 0 1.24564 -0.000203385 0 0 0 0)
(-2.82395e-05 8.20262e-05 0 1.42337 6.07231e-05 0 0 0 0)
(0.000355959 0.000287994 0 1.41677 -0.000301793 0 0 0 0)
(0.00121064 -0.000195694 0 1.42745 -0.00123405 0 0 0 0)
(0.000103409 -0.000270235 0 1.4221 -7.62433e-05 0 0 0 0)
(-8.98377e-05 8.94254e-05 0 1.61942 7.86153e-05 0 0 0 0)
(0.000385154 0.000272808 0 1.6147 -0.000361162 0 0 0 0)
(0.00124769 -0.00019346 0 1.62395 -0.00137483 0 0 0 0)
(-1.88717e-05 -0.000247268 0 1.6182 4.86716e-05 0 0 0 0)
(-0.000134918 9.46227e-05 0 1.83623 0.000147768 0 0 0 0)
(0.000431458 0.00026377 0 1.83351 -0.000358404 0 0 0 0)
(0.00126907 -0.000188864 0 1.84086 -0.00130031 0 0 0 0)
(-0.000139339 -0.000230043 0 1.83507 0.00014683 0 0 0 0)
(-0.000154249 0.000102916 0 2.07454 0.000151203 0 0 0 0)
(0.000462394 0.000248673 0 2.07352 -0.000398694 0 0 0 0)
(0.00127359 -0.00018504 0 2.07927 -0.00134939 0 0 0 0)
(-0.00025423 -0.000207634 0 2.07393 0.000271403 0 0 0 0)
(-0.000160701 0.000108616 0 2.33557 0.000160588 0 0 0 0)
(0.000510362 0.00023876 0 2.33621 -0.00047117 0 0 0 0)
(0.00127586 -0.000177695 0 2.3406 -0.00134061 0 0 0 0)
(-0.000362434 -0.000188479 0 2.33598 0.00037384 0 0 0 0)
(-0.000143678 0.000117106 0 2.61971 0.000155647 0 0 0 0)
(0.000546295 0.000223653 0 2.62187 -0.000493257 0 0 0 0)
(0.00126976 -0.000170956 0 2.62584 -0.00133742 0 0 0 0)
(-0.000470599 -0.000164733 0 2.62209 0.000491909 0 0 0 0)
(-0.000109033 0.000123226 0 2.92785 0.000113779 0 0 0 0)
(0.000612465 0.000213876 0 2.93185 -0.00053248 0 0 0 0)
(0.00127955 -0.000161276 0 2.9358 -0.00133935 0 0 0 0)
(-0.000573502 -0.000144284 0 2.93308 0.000573684 0 0 0 0)
(-4.93176e-05 0.000130987 0 3.26081 4.30593e-05 0 0 0 0)
(0.000678853 0.000199435 0 3.26642 -0.000684452 0 0 0 0)
(0.00129027 -0.00015252 0 3.27149 -0.00135072 0 0 0 0)
(-0.000679446 -0.000119256 0 3.26974 0.000693051 0 0 0 0)
(3.07319e-05 0.000136494 0 3.61916 -5.44512e-05 0 0 0 0)
(0.000790419 0.000190646 0 3.62602 -0.000812033 0 0 0 0)
(0.00133491 -0.000138318 0 3.63318 -0.00152589 0 0 0 0)
(-0.00078153 -9.52543e-05 0 3.63277 0.000808011 0 0 0 0)
(0.000124545 0.000142921 0 4.00208 -0.000173985 0 0 0 0)
(0.000912397 0.000174911 0 4.00927 -0.000787638 0 0 0 0)
(0.00140272 -0.000125519 0 4.01879 -0.00137473 0 0 0 0)
(-0.000878749 -6.47691e-05 0 4.02091 0.00106289 0 0 0 0)
(0.000222294 0.000145975 0 4.45014 -0.000347513 0 0 0 0)
(0.00106889 0.000170634 0 4.45445 -0.000930999 0 0 0 0)
(0.00152902 -0.000107476 0 4.46013 -0.0014671 0 0 0 0)
(-0.000941442 -3.96953e-05 0 4.46324 0.00116585 0 0 0 0)
(0.000351403 0.000150266 0 6.78128 3.27621e-05 0 0 0 0)
(0.00107897 0.000156251 0 6.75978 -0.000346027 0 0 0 0)
(0.00154925 -9.0572e-05 0 6.73209 -0.00115098 0 0 0 0)
(-0.000996739 -6.82946e-06 0 6.75235 0.000395658 0 0 0 0)
(-7.87352e-06 4.4092e-07 0 5.68983 0.000100452 0 0 0 0)
(-3.64679e-05 -1.87049e-07 0 5.69457 -1.43423e-05 0 0 0 0)
(5.92095e-06 -1.04162e-06 0 5.68456 9.13052e-05 0 0 0 0)
(-0.000218521 -1.37983e-06 0 5.6939 -0.000180096 0 0 0 0)
(-1.6818e-05 7.82041e-07 0 5.17209 0.000120685 0 0 0 0)
(-5.13576e-05 3.46007e-08 0 5.17923 -2.46963e-05 0 0 0 0)
(-1.71035e-05 -1.72094e-06 0 5.17335 0.000139366 0 0 0 0)
(-3.61183e-05 -1.61178e-05 0 5.17609 -0.000193698 0 0 0 0)
(-1.34446e-05 6.16187e-07 0 4.6834 0.000133696 0 0 0 0)
(-1.55251e-05 1.2431e-07 0 4.69152 -6.29722e-05 0 0 0 0)
(-4.64035e-05 -3.85831e-06 0 4.68958 0.000167575 0 0 0 0)
(0.000101168 4.82717e-06 0 4.68927 -0.000320279 0 0 0 0)
(-7.72719e-06 -1.17344e-06 0 4.22748 0.000125484 0 0 0 0)
(5.16013e-05 5.9924e-07 0 4.23531 -0.00012943 0 0 0 0)
(-5.46038e-05 -6.00938e-06 0 4.2365 0.000182687 0 0 0 0)
(0.000216899 -1.54833e-05 0 4.23504 -0.000440023 0 0 0 0)
(-4.1573e-07 -4.32245e-06 0 3.80395 0.000119892 0 0 0 0)
(0.000134825 1.07769e-06 0 3.8109 -0.000211389 0 0 0 0)
(-5.09102e-05 -9.03486e-06 0 3.81418 0.00017402 0 0 0 0)
(0.000295816 7.36948e-06 0 3.81218 -0.000518538 0 0 0 0)
(3.70429e-06 -9.03596e-06 0 3.41178 0.000114934 0 0 0 0)
(0.000222193 1.50137e-06 0 3.41776 -0.000298932 0 0 0 0)
(-3.32999e-05 -1.11285e-05 0 3.42204 0.000158943 0 0 0 0)
(0.000358508 -1.08214e-05 0 3.41948 -0.000583685 0 0 0 0)
(1.44579e-05 -1.48657e-05 0 3.04993 0.000104324 0 0 0 0)
(0.000305732 1.81118e-06 0 3.05479 -0.000380958 0 0 0 0)
(-2.21721e-05 -1.37808e-05 0 3.0594 0.000147497 0 0 0 0)
(0.000391829 1.61784e-06 0 3.0563 -0.000619811 0 0 0 0)
(2.51537e-05 -2.18601e-05 0 2.71713 9.17877e-05 0 0 0 0)
(0.00037994 2.22093e-06 0 2.72103 -0.000459439 0 0 0 0)
(-8.00906e-06 -1.51094e-05 0 2.72546 0.000131527 0 0 0 0)
(0.00041036 -6.97983e-06 0 2.72205 -0.000631682 0 0 0 0)
(5.11946e-05 -2.94503e-05 0 2.41204 7.04722e-05 0 0 0 0)
(0.000444536 2.4735e-06 0 2.41523 -0.000516868 0 0 0 0)
(-5.19109e-06 -1.66515e-05 0 2.41932 0.000131983 0 0 0 0)
(0.000412596 -3.33601e-06 0 2.41559 -0.000646875 0 0 0 0)
(8.10093e-05 -3.75605e-05 0 2.13334 3.60643e-05 0 0 0 0)
(0.000501373 3.24612e-06 0 2.13638 -0.000578948 0 0 0 0)
(-1.91442e-06 -1.72762e-05 0 2.13988 0.00012429 0 0 0 0)
(0.000403578 -6.71923e-06 0 2.13567 -0.000623103 0 0 0 0)
(0.000137006 -4.58793e-05 0 1.87953 -1.28367e-05 0 0 0 0)
(0.000553615 3.94392e-06 0 1.88274 -0.000628535 0 0 0 0)
(-1.70268e-05 -1.73874e-05 0 1.88618 0.000122911 0 0 0 0)
(0.000384159 -7.01788e-06 0 1.88118 -0.000624554 0 0 0 0)
(0.000190751 -5.45654e-05 0 1.64932 -9.05115e-05 0 0 0 0)
(0.000612147 5.50858e-06 0 1.65342 -0.000688134 0 0 0 0)
(-2.79374e-05 -1.72098e-05 0 1.65708 0.000184773 0 0 0 0)
(0.00034854 -8.60637e-06 0 1.65082 -0.000559356 0 0 0 0)
(0.000280731 -6.29206e-05 0 1.441 -0.00014359 0 0 0 0)
(0.000682854 8.532e-06 0 1.44655 -0.000736245 0 0 0 0)
(-6.02233e-05 -1.52411e-05 0 1.45149 0.000169844 0 0 0 0)
(0.000291099 -1.17044e-05 0 1.44325 -0.000540531 0 0 0 0)
(0.000369797 -7.19364e-05 0 1.25326 -0.000255154 0 0 0 0)
(0.000787004 1.07325e-05 0 1.26082 -0.000864053 0 0 0 0)
(-8.29018e-05 -1.3948e-05 0 1.26793 0.000226543 0 0 0 0)
(0.000202197 -1.28174e-05 0 1.25709 -0.000427064 0 0 0 0)
(0.000501709 -8.2858e-05 0 1.08447 -0.000353119 0 0 0 0)
(0.000927323 1.65603e-05 0 1.09419 -0.00107254 0 0 0 0)
(-0.000122377 -7.95795e-06 0 1.10458 0.00027122 0 0 0 0)
(7.82971e-05 -1.73491e-05 0 1.09042 -0.000219191 0 0 0 0)
(0.00060935 -9.42864e-05 0 0.93719 -0.000400369 0 0 0 0)
(0.00112216 2.11381e-05 0 0.946485 -0.0012382 0 0 0 0)
(-0.000145766 2.74467e-07 0 0.954091 0.000197647 0 0 0 0)
(-9.56071e-05 -2.06126e-05 0 0.942237 -9.21054e-05 0 0 0 0)
(0.000740656 -0.000108324 0 0.809769 -0.000575888 0 0 0 0)
(0.00120901 2.65272e-05 0 0.816491 -0.00138636 0 0 0 0)
(-0.000193181 1.11436e-05 0 0.818169 0.000332867 0 0 0 0)
(-0.000152806 -2.45881e-05 0 0.811006 8.18179e-05 0 0 0 0)
(0.000837428 -0.000121955 0 0.697039 -0.000702435 0 0 0 0)
(0.00126216 3.6284e-05 0 0.701582 -0.00138694 0 0 0 0)
(-0.000237185 2.47441e-05 0 0.701251 0.000319613 0 0 0 0)
(-0.000207477 -3.18887e-05 0 0.695272 8.27844e-05 0 0 0 0)
(0.000947111 -0.000134824 0 0.598192 -0.000780262 0 0 0 0)
(0.0012792 4.35613e-05 0 0.600759 -0.0013754 0 0 0 0)
(-0.000298332 3.56391e-05 0 0.598939 0.000381866 0 0 0 0)
(-0.000251922 -3.5664e-05 0 0.594073 0.000113192 0 0 0 0)
(0.00102319 -0.000147665 0 0.511997 -0.00088886 0 0 0 0)
(0.00127462 5.56529e-05 0 0.512521 -0.00140527 0 0 0 0)
(-0.000348624 4.95539e-05 0 0.50993 0.000482362 0 0 0 0)
(-0.000296445 -4.51149e-05 0 0.506064 0.000198556 0 0 0 0)
(0.00109682 -0.000159587 0 0.437352 -0.000940896 0 0 0 0)
(0.00124474 6.6415e-05 0 0.436185 -0.00136187 0 0 0 0)
(-0.000405947 6.23695e-05 0 0.432917 0.000480398 0 0 0 0)
(-0.000331851 -4.99288e-05 0 0.429962 0.000190819 0 0 0 0)
(0.00114298 -0.000170154 0 0.373352 -0.000992857 0 0 0 0)
(0.0012007 7.93411e-05 0 0.370418 -0.00132792 0 0 0 0)
(-0.000452329 7.54321e-05 0 0.366763 0.000552373 0 0 0 0)
(-0.000365468 -5.98423e-05 0 0.364641 0.000248321 0 0 0 0)
(0.00117739 -0.000179947 0 0.31903 -0.00103381 0 0 0 0)
(0.00113492 9.21689e-05 0 0.314477 -0.00125818 0 0 0 0)
(-0.000502227 8.86402e-05 0 0.31031 0.00058997 0 0 0 0)
(-0.000388776 -6.58699e-05 0 0.309019 0.000265481 0 0 0 0)
(0.00118879 -0.000187674 0 0.273528 -0.00103239 0 0 0 0)
(0.00105537 0.000106404 0 0.267256 -0.001178 0 0 0 0)
(-0.000543292 0.000100826 0 0.262718 0.000650366 0 0 0 0)
(-0.000408296 -7.61963e-05 0 0.262137 0.000285253 0 0 0 0)
(0.00118334 -0.000194457 0 0.235996 -0.00101528 0 0 0 0)
(0.00095475 0.000120215 0 0.227972 -0.00105603 0 0 0 0)
(-0.00058754 0.000113028 0 0.222964 0.000702611 0 0 0 0)
(-0.000420729 -8.33874e-05 0 0.223185 0.000296305 0 0 0 0)
(0.0011556 -0.000198527 0 0.205913 -0.00104352 0 0 0 0)
(0.000838183 0.000135036 0 0.195996 -0.000996634 0 0 0 0)
(-0.000623072 0.000123365 0 0.190445 0.000648762 0 0 0 0)
(-0.000426659 -9.45341e-05 0 0.191276 0.000273545 0 0 0 0)
(0.00110749 -0.000201703 0 0.18258 -0.000950959 0 0 0 0)
(0.000696957 0.000148419 0 0.170744 -0.000818264 0 0 0 0)
(-0.000666214 0.000134197 0 0.164555 0.000798743 0 0 0 0)
(-0.000425524 -0.000100541 0 0.16638 0.000394024 0 0 0 0)
(0.00104211 -0.000201174 0 0.165527 -0.000887747 0 0 0 0)
(0.000537766 0.000164197 0 0.152022 -0.000639003 0 0 0 0)
(-0.000695806 0.00014357 0 0.14501 0.000761365 0 0 0 0)
(-0.00041384 -0.000114096 0 0.147146 0.000271923 0 0 0 0)
(0.000958654 -0.00019919 0 0.154237 -0.000869513 0 0 0 0)
(0.000355012 0.000175905 0 0.139775 -0.000525644 0 0 0 0)
(-0.000747475 0.00014938 0 0.131651 0.000796607 0 0 0 0)
(-0.00040309 -0.000119363 0 0.134168 0.000248622 0 0 0 0)
(0.000876198 -0.000194831 0 0.149744 -0.000674315 0 0 0 0)
(0.000161321 0.000191966 0 0.133036 -0.000198021 0 0 0 0)
(-0.000789263 0.000156475 0 0.123534 0.00105499 0 0 0 0)
(-0.000381685 -0.000133047 0 0.123016 0.000320713 0 0 0 0)
(0.000762299 -0.000186862 0 0.14939 -0.000649877 0 0 0 0)
(-8.1808e-05 0.000204726 0 0.131756 -3.17758e-05 0 0 0 0)
(-0.000914464 0.000158025 0 0.120641 0.000908167 0 0 0 0)
(-0.00042199 -0.000143371 0 0.119059 0.000147707 0 0 0 0)
(0.000671416 -0.000174808 0 0.150306 -0.000570642 0 0 0 0)
(-0.000317829 0.000217933 0 0.135323 0.000196353 0 0 0 0)
(-0.00100088 0.000159466 0 0.124541 0.00112007 0 0 0 0)
(-0.000413006 -0.000155873 0 0.125141 0.000382126 0 0 0 0)
(0.000578944 -0.00016105 0 0.155075 -0.000452844 0 0 0 0)
(-0.000511224 0.000232905 0 0.143043 0.000450567 0 0 0 0)
(-0.00108416 0.000161121 0 0.134174 0.00119174 0 0 0 0)
(-0.000410536 -0.000169544 0 0.134785 0.000300299 0 0 0 0)
(0.000495354 -0.000142315 0 0.165619 -0.00042141 0 0 0 0)
(-0.000666177 0.000245343 0 0.156301 0.000571503 0 0 0 0)
(-0.00113851 0.000156961 0 0.148779 0.0011447 0 0 0 0)
(-0.000396783 -0.000183252 0 0.150033 0.000277031 0 0 0 0)
(0.000417114 -0.000124556 0 0.182224 -0.000310635 0 0 0 0)
(-0.000791888 0.000259007 0 0.175577 0.000708278 0 0 0 0)
(-0.00118862 0.000156213 0 0.168861 0.00132644 0 0 0 0)
(-0.000378608 -0.0001967 0 0.170405 0.000324907 0 0 0 0)
(0.000351575 -0.000104337 0 0.205212 -0.000226645 0 0 0 0)
(-0.000888901 0.000272628 0 0.200819 0.000829692 0 0 0 0)
(-0.0012247 0.000150572 0 0.194741 0.00131215 0 0 0 0)
(-0.000348145 -0.00021337 0 0.19711 0.000201292 0 0 0 0)
(0.000289084 -8.44323e-05 0 0.235139 -0.000188748 0 0 0 0)
(-0.000966413 0.000284653 0 0.232577 0.000888694 0 0 0 0)
(-0.00125044 0.00014574 0 0.227011 0.00133093 0 0 0 0)
(-0.000309337 -0.000227398 0 0.230329 0.000191729 0 0 0 0)
(0.000233054 -6.36444e-05 0 0.272446 -0.000120409 0 0 0 0)
(-0.00102437 0.000297955 0 0.271186 0.000948261 0 0 0 0)
(-0.00126217 0.000138956 0 0.266237 0.00135274 0 0 0 0)
(-0.000255975 -0.000244949 0 0.270856 0.000142464 0 0 0 0)
(0.000170379 -4.38368e-05 0 0.317966 -6.54389e-05 0 0 0 0)
(-0.0010699 0.000309206 0 0.317486 0.000998555 0 0 0 0)
(-0.00125595 0.00013231 0 0.312949 0.00133727 0 0 0 0)
(-0.000195228 -0.000259442 0 0.319111 8.27028e-05 0 0 0 0)
(0.000105355 -2.36297e-05 0 0.372325 -1.38193e-05 0 0 0 0)
(-0.00110799 0.000321334 0 0.371933 0.00101099 0 0 0 0)
(-0.00123509 0.000123692 0 0.367897 0.00131106 0 0 0 0)
(-0.00011527 -0.000277041 0 0.375975 2.95891e-05 0 0 0 0)
(2.07665e-05 -5.03024e-06 0 0.436545 0.000104652 0 0 0 0)
(-0.0011437 0.000331287 0 0.435652 0.00109716 0 0 0 0)
(-0.00118859 0.000115953 0 0.431855 0.00125886 0 0 0 0)
(-2.56871e-05 -0.000291301 0 0.442224 -0.000114599 0 0 0 0)
(-7.14438e-05 1.39761e-05 0 0.511362 0.00019895 0 0 0 0)
(-0.00118616 0.000340571 0 0.509357 0.00112935 0 0 0 0)
(-0.00112556 0.000103496 0 0.505951 0.00126538 0 0 0 0)
(9.16208e-05 -0.000307739 0 0.519115 -0.000233353 0 0 0 0)
(-0.00019407 3.15055e-05 0 0.59779 0.000299911 0 0 0 0)
(-0.00123388 0.000349061 0 0.594547 0.00115487 0 0 0 0)
(-0.00102595 9.32417e-05 0 0.591256 0.00110009 0 0 0 0)
(0.000218478 -0.000321651 0 0.607106 -0.000319993 0 0 0 0)
(-0.000325787 4.87869e-05 0 0.696665 0.000460207 0 0 0 0)
(-0.00129505 0.000353907 0 0.691839 0.00122034 0 0 0 0)
(-0.000916231 7.89146e-05 0 0.689005 0.00101432 0 0 0 0)
(0.000375875 -0.000333974 0 0.707793 -0.000529729 0 0 0 0)
(-0.000495734 6.51192e-05 0 0.809035 0.000556474 0 0 0 0)
(-0.00136155 0.000358296 0 0.803395 0.0013424 0 0 0 0)
(-0.000760045 6.40739e-05 0 0.801024 0.000805051 0 0 0 0)
(0.000538118 -0.000346333 0 0.821819 -0.000527816 0 0 0 0)
(-0.00064995 8.17715e-05 0 0.935202 0.000586863 0 0 0 0)
(-0.00142857 0.00035805 0 0.930483 0.0014132 0 0 0 0)
(-0.000609164 4.77444e-05 0 0.929379 0.000488566 0 0 0 0)
(0.00069604 -0.000352832 0 0.948723 -0.000664479 0 0 0 0)
(-0.000780362 9.59123e-05 0 1.07681 0.000799133 0 0 0 0)
(-0.00145861 0.000356658 0 1.07408 0.00159437 0 0 0 0)
(-0.000456047 2.94459e-05 0 1.07381 0.00042671 0 0 0 0)
(0.000814948 -0.00035924 0 1.0903 -0.000833156 0 0 0 0)
(-0.000875005 0.000112989 0 1.2356 0.000836204 0 0 0 0)
(-0.00147857 0.000351843 0 1.23445 0.00153133 0 0 0 0)
(-0.00033876 7.28566e-06 0 1.23407 0.000276841 0 0 0 0)
(0.000934731 -0.000362278 0 1.24888 -0.000904796 0 0 0 0)
(-0.000966841 0.000124824 0 1.41272 0.000967063 0 0 0 0)
(-0.0014842 0.000347335 0 1.41246 0.0015666 0 0 0 0)
(-0.000215557 -1.11563e-05 0 1.41224 0.000155651 0 0 0 0)
(0.00102483 -0.000365094 0 1.42546 -0.00105061 0 0 0 0)
(-0.00103572 0.000140369 0 1.60939 0.00103667 0 0 0 0)
(-0.00148657 0.000338319 0 1.60979 0.00155237 0 0 0 0)
(-0.00012213 -3.63346e-05 0 1.60972 0.000110563 0 0 0 0)
(0.00112029 -0.00036386 0 1.6211 -0.00111695 0 0 0 0)
(-0.00110711 0.000149886 0 1.82674 0.00107772 0 0 0 0)
(-0.00147867 0.0003319 0 1.82702 0.0015414 0 0 0 0)
(-2.70442e-05 -5.56448e-05 0 1.8275 -5.86934e-05 0 0 0 0)
(0.00118655 -0.000365627 0 1.83738 -0.00116786 0 0 0 0)
(-0.00116982 0.000163612 0 2.06588 0.00114446 0 0 0 0)
(-0.00147396 0.000319379 0 2.0656 0.0015194 0 0 0 0)
(5.04701e-05 -8.14888e-05 0 2.06675 -0.000118461 0 0 0 0)
(0.0012658 -0.000360419 0 2.07507 -0.0012383 0 0 0 0)
(-0.00124588 0.000170686 0 2.32762 0.00123346 0 0 0 0)
(-0.0014642 0.000310851 0 2.32632 0.00154031 0 0 0 0)
(0.000130724 -0.000101606 0 2.32853 -0.000186062 0 0 0 0)
(0.00131627 -0.000361132 0 2.33557 -0.00132254 0 0 0 0)
(-0.00133073 0.000183053 0 2.61317 0.00131424 0 0 0 0)
(-0.00145884 0.00029572 0 2.61065 0.0015195 0 0 0 0)
(0.000204642 -0.000129203 0 2.61372 -0.000269759 0 0 0 0)
(0.00138314 -0.000354641 0 2.61877 -0.00136987 0 0 0 0)
(-0.00143652 0.000187812 0 2.92327 0.00138925 0 0 0 0)
(-0.00145505 0.000284451 0 2.919 0.00149006 0 0 0 0)
(0.000266004 -0.000149763 0 2.92326 -0.000342458 0 0 0 0)
(0.00141608 -0.000354042 0 2.92619 -0.00136539 0 0 0 0)
(-0.00156542 0.000198326 0 3.25901 0.00159109 0 0 0 0)
(-0.00145905 0.000266859 0 3.25278 0.00160411 0 0 0 0)
(0.000324467 -0.000176794 0 3.25833 -0.000373865 0 0 0 0)
(0.00145965 -0.000347037 0 3.25804 -0.00148051 0 0 0 0)
(-0.00171931 0.000202997 0 3.62122 0.00174333 0 0 0 0)
(-0.00146645 0.000251702 0 3.61294 0.00157412 0 0 0 0)
(0.000353668 -0.000201173 0 3.62052 -0.000348434 0 0 0 0)
(0.00145756 -0.000347094 0 3.61559 -0.00152805 0 0 0 0)
(-0.00189583 0.000211095 0 4.00919 0.00195881 0 0 0 0)
(-0.00147073 0.000231996 0 3.99902 0.00147412 0 0 0 0)
(0.000368572 -0.000228496 0 4.01006 -0.000608545 0 0 0 0)
(0.00143709 -0.000342138 0 3.99777 -0.00135647 0 0 0 0)
(-0.00208421 0.000209851 0 4.45305 0.00200928 0 0 0 0)
(-0.001452 0.000208913 0 4.4467 0.00120345 0 0 0 0)
(0.000332899 -0.00024835 0 4.45913 -0.000393376 0 0 0 0)
(0.00132455 -0.000339851 0 4.44084 -0.00137167 0 0 0 0)
(-0.00217153 0.000211722 0 6.76639 0.00114651 0 0 0 0)
(-0.00136954 0.000191952 0 6.79368 0.000998135 0 0 0 0)
(0.000270869 -0.000271415 0 6.79406 -7.99594e-05 0 0 0 0)
(0.00128731 -0.000341373 0 6.75502 -0.00105398 0 0 0 0)
(0.000301542 0.000157774 0 24.6457 0.000442046 0 0 0 0)
(0.000248957 0.000150905 0 24.3303 0.00103116 0 0 0 0)
(0.00140516 -9.51141e-05 0 23.9659 -0.00108246 0 0 0 0)
(-0.000369764 -1.40372e-06 0 24.2188 -0.00147302 0 0 0 0)
(-0.00433868 0.000177184 0 41.2718 0.0025898 0 0 0 0)
(-0.0102512 0.000130842 0 41.0456 0.00623543 0 0 0 0)
(-0.000309185 -0.000132308 0 40.8076 -0.00192008 0 0 0 0)
(0.0102344 6.43087e-06 0 41.0415 -0.00670272 0 0 0 0)
(-0.00336797 0.000265125 0 40.1326 0.00310649 0 0 0 0)
(-0.00748897 7.57398e-05 0 40.2648 0.0093694 0 0 0 0)
(0.0013359 -0.00031075 0 40.4472 -0.000565483 0 0 0 0)
(0.00878549 -8.36747e-05 0 40.431 -0.0097301 0 0 0 0)
(-0.00247596 0.000287961 0 36.2935 0.00238712 0 0 0 0)
(-0.00500801 6.96429e-05 0 36.4138 0.00624032 0 0 0 0)
(0.00246063 -0.000450633 0 36.5595 -0.00199777 0 0 0 0)
(0.00708975 -0.000180537 0 36.5271 -0.00764816 0 0 0 0)
(-0.00173863 0.000309881 0 32.7042 0.00126254 0 0 0 0)
(-0.00305671 2.65833e-06 0 32.8062 0.00306302 0 0 0 0)
(0.00322427 -0.000542225 0 32.9144 -0.00374532 0 0 0 0)
(0.0056058 -0.000169013 0 32.8749 -0.00543392 0 0 0 0)
(-0.00119665 0.000288325 0 29.367 0.000860435 0 0 0 0)
(-0.00150423 -1.38214e-05 0 29.4539 0.00180678 0 0 0 0)
(0.00360502 -0.000592249 0 29.532 -0.00343585 0 0 0 0)
(0.00412268 -0.000184257 0 29.4763 -0.00416656 0 0 0 0)
(-0.000730037 0.00028056 0 26.2759 0.000230071 0 0 0 0)
(-0.000305916 -6.89464e-05 0 26.3478 0.00059583 0 0 0 0)
(0.00359726 -0.00064178 0 26.4028 -0.00384846 0 0 0 0)
(0.00272731 -0.000142184 0 26.338 -0.0027124 0 0 0 0)
(-0.00045369 0.000246651 0 23.4249 0.000102739 0 0 0 0)
(0.000610614 -8.17968e-05 0 23.4816 -0.000411236 0 0 0 0)
(0.00344257 -0.000647386 0 23.5204 -0.00345523 0 0 0 0)
(0.00161872 -0.00012536 0 23.4507 -0.00153588 0 0 0 0)
(-0.000281226 0.00023088 0 20.7997 -0.000144493 0 0 0 0)
(0.00128574 -0.000128246 0 20.8507 -0.000971419 0 0 0 0)
(0.00308287 -0.000660524 0 20.876 -0.00325638 0 0 0 0)
(0.000653238 -6.95822e-05 0 20.8007 -0.00067872 0 0 0 0)
(-0.000148471 0.00019331 0 18.3907 -0.000292997 0 0 0 0)
(0.0018824 -0.000133662 0 18.4423 -0.0015117 0 0 0 0)
(0.00260998 -0.000642508 0 18.4543 -0.00260388 0 0 0 0)
(-0.000157705 -4.2615e-05 0 18.3815 0.000193281 0 0 0 0)
(-1.39054e-05 0.000171083 0 16.1974 -0.000286856 0 0 0 0)
(0.00234638 -0.000166761 0 16.2445 -0.00216879 0 0 0 0)
(0.00207049 -0.000632108 0 16.2427 -0.00233203 0 0 0 0)
(-0.000745996 9.24002e-06 0 16.1831 0.000730078 0 0 0 0)
(5.75934e-06 0.000130796 0 14.2156 -0.000534259 0 0 0 0)
(0.00263841 -0.000167748 0 14.2512 -0.00249859 0 0 0 0)
(0.00158744 -0.000594193 0 14.2336 -0.0016924 0 0 0 0)
(-0.00105772 4.17374e-05 0 14.1918 0.00110063 0 0 0 0)
(-0.000122256 0.000103782 0 12.4338 -2.7901e-05 0 0 0 0)
(0.00264525 -0.000186063 0 12.4517 -0.00228853 0 0 0 0)
(0.00108174 -0.000572121 0 12.429 -0.00117485 0 0 0 0)
(-0.00110611 8.29519e-05 0 12.4069 0.00103594 0 0 0 0)
(-0.000302783 6.06362e-05 0 10.8335 -0.000215699 0 0 0 0)
(0.00255861 -0.000186864 0 10.8345 -0.00252194 0 0 0 0)
(0.000840958 -0.000538785 0 10.818 -0.00110386 0 0 0 0)
(-0.00104746 0.000107037 0 10.8081 0.00121372 0 0 0 0)
(-0.000461409 3.45738e-05 0 9.40175 0.000156567 0 0 0 0)
(0.00238621 -0.000200866 0 9.38626 -0.00189275 0 0 0 0)
(0.00064269 -0.00050986 0 9.37742 -0.000340952 0 0 0 0)
(-0.00106418 0.000149331 0 9.37498 0.0010783 0 0 0 0)
(-0.000648823 -8.90505e-06 0 8.12711 0.000239758 0 0 0 0)
(0.00215315 -0.000195156 0 8.09438 -0.00162193 0 0 0 0)
(0.000652922 -0.000489268 0 8.09405 -0.000771368 0 0 0 0)
(-0.00104021 0.000159727 0 8.09768 0.00117162 0 0 0 0)
(-0.000839837 -2.71819e-05 0 6.99704 0.000518894 0 0 0 0)
(0.00183526 -0.000217718 0 6.94677 -0.00175606 0 0 0 0)
(0.000697733 -0.0004633 0 6.95612 -0.000787316 0 0 0 0)
(-0.00116298 0.000202503 0 6.96821 0.00127831 0 0 0 0)
(-0.00104186 -5.48281e-05 0 6.00024 0.000436821 0 0 0 0)
(0.0014711 -0.000216926 0 5.93524 -0.00115807 0 0 0 0)
(0.00101031 -0.000438695 0 5.94054 -0.000991267 0 0 0 0)
(-0.00123093 0.000224041 0 5.96742 0.00113085 0 0 0 0)
(-0.00118761 -6.20696e-05 0 5.10949 0.0010806 0 0 0 0)
(0.000840345 -0.000241519 0 5.04095 -0.000648823 0 0 0 0)
(0.00123412 -0.000425152 0 5.04507 -0.00150042 0 0 0 0)
(-0.00121791 0.0002629 0 5.07482 0.00122203 0 0 0 0)
(-0.00137254 -6.55293e-05 0 4.31224 0.000922524 0 0 0 0)
(0.000397287 -0.000259943 0 4.24636 -0.000391648 0 0 0 0)
(0.0015748 -0.000407514 0 4.26651 -0.00164686 0 0 0 0)
(-0.0010676 0.000296444 0 4.29007 0.00113184 0 0 0 0)
(-0.00163689 -6.08227e-05 0 3.62055 0.00135564 0 0 0 0)
(7.83012e-05 -0.000284342 0 3.55333 0.000309135 0 0 0 0)
(0.00196268 -0.00039976 0 3.58257 -0.00205994 0 0 0 0)
(-0.00113216 0.000339712 0 3.5998 0.00105848 0 0 0 0)
(-0.00190522 -5.05922e-05 0 3.03188 0.00156097 0 0 0 0)
(-0.000235776 -0.000316869 0 2.95855 0.000501385 0 0 0 0)
(0.00234939 -0.000395025 0 2.98359 -0.0023807 0 0 0 0)
(-0.000926644 0.00037059 0 2.99469 0.00101491 0 0 0 0)
(-0.00226818 -3.26642e-05 0 2.51215 0.00188063 0 0 0 0)
(-0.000726531 -0.000350037 0 2.44436 0.000934288 0 0 0 0)
(0.00256498 -0.000391202 0 2.45844 -0.00269442 0 0 0 0)
(-0.00117247 0.000422042 0 2.46315 0.00103059 0 0 0 0)
(-0.00245534 -5.31e-06 0 2.04168 0.00215165 0 0 0 0)
(-0.00113099 -0.00039312 0 1.99372 0.00134664 0 0 0 0)
(0.00266248 -0.00039342 0 1.99684 -0.00266336 0 0 0 0)
(-0.000922631 0.000448697 0 1.99551 0.00114131 0 0 0 0)
(-0.00260723 2.86286e-05 0 1.62632 0.0022002 0 0 0 0)
(-0.00147386 -0.000430287 0 1.59599 0.0015547 0 0 0 0)
(0.00259471 -0.000394624 0 1.58944 -0.00286161 0 0 0 0)
(-0.00139936 0.000504736 0 1.58177 0.00122683 0 0 0 0)
(-0.00256456 6.84859e-05 0 1.25608 0.00230724 0 0 0 0)
(-0.00174566 -0.000477483 0 1.2423 0.00210496 0 0 0 0)
(0.00242547 -0.000398885 0 1.22586 -0.00231906 0 0 0 0)
(-0.000928175 0.000530923 0 1.21249 0.000908283 0 0 0 0)
(-0.00253446 0.000119915 0 0.921856 0.00212665 0 0 0 0)
(-0.00197739 -0.000507392 0 0.923618 0.00222935 0 0 0 0)
(0.00209798 -0.000414568 0 0.897238 -0.00220544 0 0 0 0)
(-0.00133018 0.000570864 0 0.878633 0.00133126 0 0 0 0)
(-0.0022964 0.000155633 0 0.614426 0.00188008 0 0 0 0)
(-0.00215596 -0.000549685 0 0.631937 0.00228427 0 0 0 0)
(0.00167572 -0.000413853 0 0.594279 -0.00186446 0 0 0 0)
(-0.000799351 0.000599349 0 0.572051 0.000995405 0 0 0 0)
(-0.00208029 0.000222576 0 0.325139 0.00193828 0 0 0 0)
(-0.00231315 -0.000569801 0 0.358851 0.00278522 0 0 0 0)
(0.00109987 -0.000436049 0 0.308383 -0.000838618 0 0 0 0)
(-0.000955729 0.000625279 0 0.2836 0.000547776 0 0 0 0)
(-0.00163943 0.000264997 0 0.0453208 0.00149671 0 0 0 0)
(-0.00243524 -0.000595966 0 0.0965229 0.00237173 0 0 0 0)
(0.000421535 -0.000451143 0 0.0495143 -0.000705239 0 0 0 0)
(-0.000440025 0.00062895 0 0.0196055 0.000868433 0 0 0 0)
(-0.00119495 0.000320582 0 -0.233448 0.000710368 0 0 0 0)
(-0.00224326 -0.0006065 0 -0.162989 0.00226986 0 0 0 0)
(-0.000182086 -0.000461104 0 -0.191581 6.69937e-05 0 0 0 0)
(-0.000508061 0.000657171 0 -0.24449 0.000296872 0 0 0 0)
(-0.00048974 0.000383826 0 -0.519664 0.000449242 0 0 0 0)
(-0.00173746 -0.000606689 0 -0.44637 0.00228746 0 0 0 0)
(-0.000936817 -0.000484027 0 -0.462093 0.0008603 0 0 0 0)
(-0.0011886 0.000640859 0 -0.526514 0.00100408 0 0 0 0)
(-3.69536e-05 0.000413591 0 -0.82233 -0.000376475 0 0 0 0)
(-0.00128374 -0.000599649 0 -0.762944 0.00128344 0 0 0 0)
(-0.00151782 -0.000482494 0 -0.774687 0.0013984 0 0 0 0)
(-0.0014197 0.000649075 0 -0.832859 0.00172572 0 0 0 0)
(0.000388574 0.000464113 0 -1.1492 -0.000788954 0 0 0 0)
(-0.000943409 -0.000577108 0 -1.10312 0.00124739 0 0 0 0)
(-0.00210206 -0.000476655 0 -1.11202 0.00209717 0 0 0 0)
(-0.0021905 0.000634156 0 -1.15997 0.00180539 0 0 0 0)
(0.000616105 0.000495426 0 -1.51012 -0.000779238 0 0 0 0)
(-0.000663997 -0.000551547 0 -1.47688 0.00100318 0 0 0 0)
(-0.00246539 -0.000473194 0 -1.48752 0.00246862 0 0 0 0)
(-0.00214779 0.000622254 0 -1.52462 0.00244123 0 0 0 0)
(0.000806331 0.000528938 0 -1.91376 -0.00113224 0 0 0 0)
(-0.000566865 -0.000522977 0 -1.88502 0.000589376 0 0 0 0)
(-0.00289773 -0.000452688 0 -1.89866 0.00285151 0 0 0 0)
(-0.00252758 0.000600722 0 -1.92044 0.00240546 0 0 0 0)
(0.00101422 0.000562091 0 -2.3882 -0.00133819 0 0 0 0)
(-0.000412331 -0.000485151 0 -2.34366 0.000580425 0 0 0 0)
(-0.00305572 -0.000442926 0 -2.35016 0.00294284 0 0 0 0)
(-0.00188033 0.000577557 0 -2.35756 0.00196384 0 0 0 0)
(0.00120062 0.000586694 0 -2.94325 -0.00144052 0 0 0 0)
(6.70637e-05 -0.000451627 0 -2.87941 7.03328e-05 0 0 0 0)
(-0.00312934 -0.000429631 0 -2.86341 0.00301862 0 0 0 0)
(-0.00198097 0.000546027 0 -2.86993 0.00180502 0 0 0 0)
(0.00129332 0.000596101 0 -3.54142 -0.00160017 0 0 0 0)
(0.000918363 -0.000410832 0 -3.46886 -0.000707669 0 0 0 0)
(-0.00289771 -0.000414015 0 -3.44604 0.00287285 0 0 0 0)
(-0.0013072 0.000513952 0 -3.45705 0.001407 0 0 0 0)
(0.00138154 0.000592412 0 -4.19576 -0.00164957 0 0 0 0)
(0.00165675 -0.000377076 0 -4.13306 -0.00148346 0 0 0 0)
(-0.00293247 -0.000394386 0 -4.11703 0.00289729 0 0 0 0)
(-0.00132622 0.00047747 0 -4.13369 0.00122877 0 0 0 0)
(0.00148143 0.000572972 0 -4.95394 -0.00171033 0 0 0 0)
(0.00223057 -0.000335051 0 -4.89587 -0.00204094 0 0 0 0)
(-0.00290818 -0.000368811 0 -4.88329 0.00285514 0 0 0 0)
(-0.0010964 0.000437785 0 -4.90919 0.00119544 0 0 0 0)
(0.00145391 0.000546657 0 -5.8285 -0.0017593 0 0 0 0)
(0.0028343 -0.000300985 0 -5.78632 -0.0025449 0 0 0 0)
(-0.00315445 -0.000340447 0 -5.77751 0.0029321 0 0 0 0)
(-0.00137345 0.000397477 0 -5.79892 0.00124844 0 0 0 0)
(0.00144942 0.000505988 0 -6.83073 -0.00160693 0 0 0 0)
(0.00308029 -0.000256861 0 -6.81665 -0.00296511 0 0 0 0)
(-0.00311824 -0.000305588 0 -6.81129 0.00308212 0 0 0 0)
(-0.00131973 0.000351731 0 -6.81572 0.00137119 0 0 0 0)
(0.000888629 0.000465611 0 -7.97999 -0.00131145 0 0 0 0)
(0.00315836 -0.000222835 0 -7.98144 -0.00296869 0 0 0 0)
(-0.00313905 -0.000268175 0 -7.97995 0.00310935 0 0 0 0)
(-0.00139752 0.000307593 0 -7.97306 0.00132697 0 0 0 0)
(0.000995333 0.000413406 0 -9.28341 -0.00104247 0 0 0 0)
(0.00308099 -0.000183181 0 -9.29936 -0.00283968 0 0 0 0)
(-0.00297852 -0.000233994 0 -9.30068 0.00303734 0 0 0 0)
(-0.00129242 0.000258549 0 -9.28453 0.00130763 0 0 0 0)
(0.000419781 0.000372524 0 -10.763 -0.000863314 0 0 0 0)
(0.00287062 -0.000154838 0 -10.7848 -0.0026891 0 0 0 0)
(-0.00289189 -0.000199053 0 -10.7886 0.00289506 0 0 0 0)
(-0.00129341 0.000213897 0 -10.7644 0.00129182 0 0 0 0)
(0.000589532 0.000318745 0 -12.4243 -0.000651778 0 0 0 0)
(0.0026534 -0.000120542 0 -12.4537 -0.00240858 0 0 0 0)
(-0.00263917 -0.000167645 0 -12.4591 0.00269559 0 0 0 0)
(-0.00114705 0.000167867 0 -12.4278 0.00112582 0 0 0 0)
(5.63796e-05 0.000281108 0 -14.2879 -0.000431868 0 0 0 0)
(0.00229155 -9.90484e-05 0 -14.3246 -0.00213994 0 0 0 0)
(-0.00245983 -0.000140146 0 -14.3307 0.0023033 0 0 0 0)
(-0.00109072 0.000124919 0 -14.2888 0.00102899 0 0 0 0)
(9.2615e-05 0.000232825 0 -16.3645 -0.000276557 0 0 0 0)
(0.00194064 -7.49554e-05 0 -16.4006 -0.00176502 0 0 0 0)
(-0.00204221 -0.00011483 0 -16.4064 0.00199955 0 0 0 0)
(-0.000836152 8.7611e-05 0 -16.3626 0.00088466 0 0 0 0)
(-0.000327655 0.000200384 0 -18.6694 -2.29822e-05 0 0 0 0)
(0.00159258 -6.11132e-05 0 -18.6983 -0.00142848 0 0 0 0)
(-0.00182568 -9.59851e-05 0 -18.703 0.0017248 0 0 0 0)
(-0.000789942 5.34859e-05 0 -18.6632 0.000726042 0 0 0 0)
(-0.000196533 0.000161783 0 -21.2163 1.30333e-05 0 0 0 0)
(0.00138095 -4.58257e-05 0 -21.2396 -0.00117944 0 0 0 0)
(-0.00145654 -7.89211e-05 0 -21.2432 0.00142422 0 0 0 0)
(-0.000662622 2.62615e-05 0 -21.2057 0.000674046 0 0 0 0)
(-0.000421069 0.000134553 0 -24.0162 0.000103576 0 0 0 0)
(0.00114424 -3.75935e-05 0 -24.0353 -0.000980844 0 0 0 0)
(-0.00125993 -6.50937e-05 0 -24.0378 0.00116134 0 0 0 0)
(-0.000672909 4.72671e-06 0 -24.0033 0.000637586 0 0 0 0)
(-0.000252369 0.000104234 0 -27.0849 4.92866e-05 0 0 0 0)
(0.00101961 -2.81963e-05 0 -27.1002 -0.000828186 0 0 0 0)
(-0.000923321 -5.19472e-05 0 -27.1018 0.000892028 0 0 0 0)
(-0.000623781 -9.76717e-06 0 -27.0693 0.000616727 0 0 0 0)
(-0.000333173 8.26048e-05 0 -30.4301 3.42459e-05 0 0 0 0)
(0.000862474 -2.35478e-05 0 -30.4427 -0.000695033 0 0 0 0)
(-0.000744094 -4.10118e-05 0 -30.4441 0.000645329 0 0 0 0)
(-0.000649202 -1.77491e-05 0 -30.4159 0.000613308 0 0 0 0)
(-0.000156693 5.98383e-05 0 -34.0674 -6.0954e-05 0 0 0 0)
(0.000786433 -1.80116e-05 0 -34.0787 -0.000592273 0 0 0 0)
(-0.000476411 -3.01416e-05 0 -34.0802 0.000448667 0 0 0 0)
(-0.000596518 -1.97279e-05 0 -34.0574 0.000588817 0 0 0 0)
(-0.000154951 4.30086e-05 0 -38.002 -0.000131081 0 0 0 0)
(0.000647838 -1.50541e-05 0 -38.014 -0.000476171 0 0 0 0)
(-0.000389073 -2.1327e-05 0 -38.0163 0.000301943 0 0 0 0)
(-0.000582163 -1.77557e-05 0 -38.0025 0.000565104 0 0 0 0)
(-1.23223e-05 2.6584e-05 0 -42.2462 -0.000222562 0 0 0 0)
(0.000548025 -1.07946e-05 0 -42.2606 -0.000358724 0 0 0 0)
(-0.000284936 -1.2787e-05 0 -42.2613 0.000238376 0 0 0 0)
(-0.000550401 -1.31106e-05 0 -42.2522 0.000531699 0 0 0 0)
(7.21284e-06 1.47391e-05 0 -46.8021 -0.000286072 0 0 0 0)
(0.000396591 -7.37182e-06 0 -46.8217 -0.000215362 0 0 0 0)
(-0.000249041 -6.48663e-06 0 -46.8202 0.000148818 0 0 0 0)
(-0.000482628 -8.2934e-06 0 -46.8148 0.000457791 0 0 0 0)
(5.54383e-05 5.46835e-06 0 -51.6779 -0.000267434 0 0 0 0)
(0.000246256 -3.54639e-06 0 -51.7039 -6.56184e-05 0 0 0 0)
(-0.000170631 -1.56776e-06 0 -51.698 0.000129756 0 0 0 0)
(-0.000352347 -3.18224e-06 0 -51.6943 0.00032497 0 0 0 0)
(1.24171e-05 6.92777e-07 0 -56.8384 -0.000213533 0 0 0 0)
(6.06279e-05 -7.51998e-07 0 -56.8698 5.67647e-05 0 0 0 0)
(-8.9926e-05 2.31803e-08 0 -56.8568 4.43698e-05 0 0 0 0)
(-0.000145639 -9.8228e-07 0 -56.8542 0.000149439 0 0 0 0)
(-0.00139525 0.000219892 0 24.6398 -0.000286842 0 0 0 0)
(-0.000990724 0.000188471 0 25.1078 0.0017139 0 0 0 0)
(-0.000311451 -0.000282552 0 24.7442 0.000884458 0 0 0 0)
(0.00111153 -0.000337972 0 24.6117 -0.000583964 0 0 0 0)
(0.0126452 0.000264837 0 41.3569 -0.00685634 0 0 0 0)
(0.000370556 0.000211473 0 41.6951 0.000523287 0 0 0 0)
(-0.00799731 -0.000309713 0 41.4578 0.00623949 0 0 0 0)
(-0.000353727 -0.000348747 0 41.2658 -0.000205643 0 0 0 0)
(0.00949902 0.000340325 0 40.2585 -0.0117836 0 0 0 0)
(0.000691128 0.000406735 0 40.0655 -0.00162751 0 0 0 0)
(-0.00746695 -0.000294701 0 40.2721 0.00777888 0 0 0 0)
(-0.00198764 -0.0003988 0 40.1531 0.00272279 0 0 0 0)
(0.0065527 0.00039988 0 36.3687 -0.00711805 0 0 0 0)
(0.00059653 0.000537514 0 36.2012 -0.00057882 0 0 0 0)
(-0.00653738 -0.000237208 0 36.3569 0.00627461 0 0 0 0)
(-0.00267828 -0.00042662 0 36.316 0.00355494 0 0 0 0)
(0.00406761 0.000458148 0 32.7364 -0.00396852 0 0 0 0)
(0.000495138 0.000629946 0 32.599 -0.000801467 0 0 0 0)
(-0.00555326 -0.000225804 0 32.7188 0.00581951 0 0 0 0)
(-0.00304423 -0.000463592 0 32.7294 0.00304118 0 0 0 0)
(0.00195441 0.000477087 0 29.3593 -0.00182613 0 0 0 0)
(0.000302842 0.000700648 0 29.2548 -0.000335851 0 0 0 0)
(-0.00436278 -0.000173164 0 29.3399 0.00373243 0 0 0 0)
(-0.0029213 -0.000502569 0 29.3934 0.00356609 0 0 0 0)
(0.000375913 0.000521993 0 26.2526 -0.000314634 0 0 0 0)
(0.000170936 0.000722589 0 26.1756 -0.000321264 0 0 0 0)
(-0.00324314 -0.000160772 0 26.2344 0.00317655 0 0 0 0)
(-0.00259233 -0.000511458 0 26.3032 0.00309631 0 0 0 0)
(-0.000752455 0.00051694 0 23.396 0.00090088 0 0 0 0)
(1.74675e-08 0.000758835 0 23.3318 1.89384e-05 0 0 0 0)
(-0.00223642 -0.000116204 0 23.3738 0.00197893 0 0 0 0)
(-0.00222935 -0.000551677 0 23.4546 0.00256951 0 0 0 0)
(-0.00160555 0.000547906 0 20.7694 0.00170834 0 0 0 0)
(-0.000198429 0.000740556 0 20.7149 0.000159681 0 0 0 0)
(-0.0011961 -0.000118262 0 20.7528 0.000955893 0 0 0 0)
(-0.00174055 -0.000542728 0 20.8324 0.00222898 0 0 0 0)
(-0.00218282 0.000530913 0 18.3704 0.00212545 0 0 0 0)
(-0.000276549 0.000746294 0 18.3288 6.55638e-05 0 0 0 0)
(-0.000278691 -8.17158e-05 0 18.3646 -0.000100734 0 0 0 0)
(-0.00144814 -0.000570017 0 18.4262 0.00207614 0 0 0 0)
(-0.00248474 0.000545778 0 16.1887 0.00272912 0 0 0 0)
(-0.000294608 0.000703453 0 16.1556 0.00025198 0 0 0 0)
(0.000428148 -8.47529e-05 0 16.1925 -0.000453196 0 0 0 0)
(-0.00130578 -0.000545933 0 16.2352 0.00158207 0 0 0 0)
(-0.00264208 0.000522945 0 14.212 0.00273031 0 0 0 0)
(-0.000213205 0.000693255 0 14.1844 0.000178331 0 0 0 0)
(0.00104888 -5.95476e-05 0 14.2253 -0.00115794 0 0 0 0)
(-0.00136748 -0.000567245 0 14.2577 0.00153949 0 0 0 0)
(-0.00260833 0.000530406 0 12.4296 0.00274312 0 0 0 0)
(-7.25034e-05 0.000638649 0 12.4057 -4.12742e-05 0 0 0 0)
(0.00164885 -6.20668e-05 0 12.4411 -0.00179796 0 0 0 0)
(-0.00146664 -0.000535538 0 12.4702 0.00192107 0 0 0 0)
(-0.00266251 0.000504991 0 10.8205 0.00287889 0 0 0 0)
(-2.2401e-05 0.000617571 0 10.8049 -0.000123798 0 0 0 0)
(0.00212434 -2.6842e-05 0 10.8276 -0.00213139 0 0 0 0)
(-0.00148876 -0.000537744 0 10.8548 0.00163053 0 0 0 0)
(-0.00266155 0.000508114 0 9.37786 0.00282047 0 0 0 0)
(4.63603e-05 0.000555144 0 9.37531 0.000244825 0 0 0 0)
(0.00248027 -3.28281e-05 0 9.38344 -0.00303172 0 0 0 0)
(-0.00136839 -0.00050361 0 9.40703 0.00227973 0 0 0 0)
(-0.00265707 0.0004911 0 8.08813 0.00241898 0 0 0 0)
(7.06651e-05 0.000520034 0 8.09867 -0.000635476 0 0 0 0)
(0.00265297 7.07312e-06 0 8.09584 -0.00306003 0 0 0 0)
(-0.00118361 -0.000484606 0 8.11708 0.00208341 0 0 0 0)
(-0.0026451 0.000477996 0 6.94468 0.00307154 0 0 0 0)
(0.000174855 0.000463828 0 6.96805 0.000125156 0 0 0 0)
(0.00278721 1.24866e-05 0 6.95242 -0.00276446 0 0 0 0)
(-0.000847143 -0.000448613 0 6.97035 0.000999324 0 0 0 0)
(-0.0026598 0.000471881 0 5.93725 0.00263251 0 0 0 0)
(0.000199778 0.000422767 0 5.96133 -0.000346419 0 0 0 0)
(0.00269135 2.16426e-05 0 5.93814 -0.00306882 0 0 0 0)
(-0.000439952 -0.000429883 0 5.95611 0.000935193 0 0 0 0)
(-0.00274674 0.000453375 0 5.05487 0.00284376 0 0 0 0)
(0.000189794 0.000368805 0 5.0819 -0.000418411 0 0 0 0)
(0.00270022 3.38468e-05 0 5.04503 -0.00252524 0 0 0 0)
(0.00018777 -0.000390186 0 5.06079 -6.75224e-06 0 0 0 0)
(-0.00254172 0.00044454 0 4.27166 0.0029619 0 0 0 0)
(3.58931e-05 0.000333284 0 4.29604 0.000112196 0 0 0 0)
(0.00233946 2.85036e-05 0 4.25324 -0.00256493 0 0 0 0)
(0.000634424 -0.000369786 0 4.27331 -0.000466462 0 0 0 0)
(-0.00264729 0.00043638 0 3.59102 0.00238879 0 0 0 0)
(-0.000117181 0.000276691 0 3.62506 -0.000207752 0 0 0 0)
(0.00232149 2.42026e-05 0 3.56746 -0.00248866 0 0 0 0)
(0.00117104 -0.000332062 0 3.58529 -0.00058709 0 0 0 0)
(-0.00212074 0.000423436 0 2.98118 0.00255905 0 0 0 0)
(-0.000356754 0.000251993 0 3.01367 0.00049282 0 0 0 0)
(0.00167658 2.21813e-05 0 2.96677 -0.00199151 0 0 0 0)
(0.00151917 -0.000305714 0 2.99643 -0.00118813 0 0 0 0)
(-0.00233094 0.000427679 0 2.45868 0.00199202 0 0 0 0)
(-0.000357199 0.000200849 0 2.49522 -0.000171538 0 0 0 0)
(0.00203414 -3.81322e-06 0 2.45137 -0.00205745 0 0 0 0)
(0.0022562 -0.000272854 0 2.47737 -0.00178264 0 0 0 0)
(-0.00158623 0.000403401 0 1.98323 0.00229831 0 0 0 0)
(-0.000478571 0.000184502 0 1.99133 0.000847005 0 0 0 0)
(0.00137909 -4.67051e-06 0 1.97562 -0.00176021 0 0 0 0)
(0.00253219 -0.00024008 0 2.01406 -0.00233093 0 0 0 0)
(-0.00240059 0.000422774 0 1.5891 0.00207195 0 0 0 0)
(-0.000483923 0.000133207 0 1.59913 0.000214464 0 0 0 0)
(0.00241311 -5.67787e-05 0 1.57747 -0.00201729 0 0 0 0)
(0.00335714 -0.000207656 0 1.60255 -0.00287306 0 0 0 0)
(-0.00129694 0.000386528 0 1.23001 0.00164864 0 0 0 0)
(-0.000672427 0.000116348 0 1.23025 0.00042848 0 0 0 0)
(0.00143604 -5.61292e-05 0 1.2155 -0.00252054 0 0 0 0)
(0.00334627 -0.000169788 0 1.23793 -0.00337221 0 0 0 0)
(-0.00210467 0.000414777 0 0.904968 0.00190013 0 0 0 0)
(-0.000725864 6.37203e-05 0 0.903396 0.000839946 0 0 0 0)
(0.00254115 -0.000120124 0 0.893528 -0.00192817 0 0 0 0)
(0.00403343 -0.000127193 0 0.907528 -0.0029995 0 0 0 0)
(-0.000884222 0.000378339 0 0.616746 0.00140039 0 0 0 0)
(-0.000863083 5.25433e-05 0 0.609193 0.000658028 0 0 0 0)
(0.0015049 -0.00012012 0 0.596943 -0.0022339 0 0 0 0)
(0.0038184 -0.000102208 0 0.604686 -0.00387537 0 0 0 0)
(-0.00148562 0.000409154 0 0.329942 0.000937434 0 0 0 0)
(-0.00105591 3.14886e-06 0 0.316803 0.000852588 0 0 0 0)
(0.00246604 -0.00019568 0 0.319023 -0.00254798 0 0 0 0)
(0.00432479 -5.86266e-05 0 0.319433 -0.00377658 0 0 0 0)
(-0.000330838 0.000383419 0 0.0763743 0.00120829 0 0 0 0)
(-0.00104506 -5.54692e-06 0 0.0578972 0.000993784 0 0 0 0)
(0.00154874 -0.000197273 0 0.0490429 -0.00108702 0 0 0 0)
(0.00392033 -2.74371e-05 0 0.0434027 -0.00350868 0 0 0 0)
(-0.000847427 0.000411243 0 -0.236496 0.000781522 0 0 0 0)
(-0.00151144 -3.51065e-05 0 -0.251138 0.00145981 0 0 0 0)
(0.00222446 -0.000270721 0 -0.22637 -0.00255622 0 0 0 0)
(0.00426276 -1.55644e-05 0 -0.23197 -0.00485992 0 0 0 0)
(-0.000441639 0.000402802 0 -0.516791 0.000374544 0 0 0 0)
(-0.000876308 -6.1176e-05 0 -0.517657 0.000468713 0 0 0 0)
(0.0018682 -0.000302601 0 -0.506289 -0.00219226 0 0 0 0)
(0.00380237 2.70061e-05 0 -0.51585 -0.00329305 0 0 0 0)
(-0.0006998 0.000402321 0 -0.834801 0.00099622 0 0 0 0)
(-0.0013364 -7.78866e-05 0 -0.833195 0.00134577 0 0 0 0)
(0.00225458 -0.000333417 0 -0.811414 -0.0020052 0 0 0 0)
(0.00403984 2.84607e-05 0 -0.815643 -0.00353374 0 0 0 0)
(-0.000447241 0.000396469 0 -1.1557 0.000487908 0 0 0 0)
(-0.000486533 -0.0001112 0 -1.14868 0.000486534 0 0 0 0)
(0.00216072 -0.000383927 0 -1.13709 -0.00293219 0 0 0 0)
(0.00362044 5.41516e-05 0 -1.1423 -0.00366272 0 0 0 0)
(-0.000511527 0.00038034 0 -1.50775 0.00046254 0 0 0 0)
(-0.00102623 -0.000134888 0 -1.49407 0.000558119 0 0 0 0)
(0.00236081 -0.000402572 0 -1.49209 -0.00216153 0 0 0 0)
(0.00383801 6.41813e-05 0 -1.50195 -0.00288634 0 0 0 0)
(6.18781e-05 0.000365084 0 -1.88261 0.000169694 0 0 0 0)
(-0.000225624 -0.000154934 0 -1.85568 0.000537384 0 0 0 0)
(0.00202952 -0.000441334 0 -1.8767 -0.00208269 0 0 0 0)
(0.00332007 7.71898e-05 0 -1.90891 -0.00341052 0 0 0 0)
(0.000567787 0.000349205 0 -2.31737 -0.000338828 0 0 0 0)
(-0.000927712 -0.000172428 0 -2.31213 0.000470696 0 0 0 0)
(0.00147371 -0.00046837 0 -2.32844 -0.00170872 0 0 0 0)
(0.00322037 8.00221e-05 0 -2.36732 -0.00288494 0 0 0 0)
(0.000819112 0.000340198 0 -2.82902 -0.000797691 0 0 0 0)
(-0.000410118 -0.000177766 0 -2.81597 0.000578202 0 0 0 0)
(0.00110961 -0.000497262 0 -2.83151 -0.00107048 0 0 0 0)
(0.00232402 8.33652e-05 0 -2.89616 -0.00197027 0 0 0 0)
(0.00146719 0.000328758 0 -3.40676 -0.00124058 0 0 0 0)
(-0.000969128 -0.000176974 0 -3.40197 0.000595021 0 0 0 0)
(0.000137194 -0.000510845 0 -3.41903 -0.000381045 0 0 0 0)
(0.00135796 7.38549e-05 0 -3.47972 -0.00105075 0 0 0 0)
(0.00173706 0.000326665 0 -4.10438 -0.00167269 0 0 0 0)
(-0.000614631 -0.00016344 0 -4.09292 0.000686651 0 0 0 0)
(-0.000186136 -0.000524691 0 -4.09198 0.000150556 0 0 0 0)
(0.000284107 6.30466e-05 0 -4.14435 -9.57374e-05 0 0 0 0)
(0.00214673 0.000319723 0 -4.88612 -0.00194447 0 0 0 0)
(-0.000762482 -0.000146587 0 -4.87851 0.000458999 0 0 0 0)
(-0.000719987 -0.000523884 0 -4.86484 0.000516646 0 0 0 0)
(-0.00037168 4.38528e-05 0 -4.90021 0.000704393 0 0 0 0)
(0.0022483 0.000314391 0 -5.79091 -0.00223117 0 0 0 0)
(-0.000259916 -0.000122422 0 -5.77611 0.000201487 0 0 0 0)
(-0.000547762 -0.000520601 0 -5.75259 0.000527913 0 0 0 0)
(-0.00120094 2.59304e-05 0 -5.7844 0.00147414 0 0 0 0)
(0.00252686 0.000302274 0 -6.81273 -0.00231092 0 0 0 0)
(-0.000123757 -0.000100602 0 -6.799 -0.000112839 0 0 0 0)
(-0.000858041 -0.000502674 0 -6.76393 0.000636181 0 0 0 0)
(-0.0016368 5.73253e-06 0 -6.78273 0.00189764 0 0 0 0)
(0.00252703 0.000289657 0 -7.97831 -0.00248157 0 0 0 0)
(0.000553515 -7.33032e-05 0 -7.95278 -0.000477077 0 0 0 0)
(-0.000276606 -0.000487093 0 -7.92774 0.000389464 0 0 0 0)
(-0.00231435 -1.14548e-05 0 -7.9542 0.00258625 0 0 0 0)
(0.00286496 0.000272206 0 -9.29443 -0.00258442 0 0 0 0)
(0.000719173 -5.27517e-05 0 -9.27817 -0.000895094 0 0 0 0)
(-0.000881774 -0.000451618 0 -9.2602 0.000390158 0 0 0 0)
(-0.00250774 -2.2616e-05 0 -9.27123 0.0027455 0 0 0 0)
(0.00263303 0.000252945 0 -10.7799 -0.00254583 0 0 0 0)
(0.00112399 -2.37269e-05 0 -10.7642 -0.00109656 0 0 0 0)
(-0.000160923 -0.000426417 0 -10.7464 0.000481439 0 0 0 0)
(-0.00270119 -3.53318e-05 0 -10.7604 0.00299053 0 0 0 0)
(0.00286819 0.0002324 0 -12.4469 -0.00264303 0 0 0 0)
(0.00127835 -2.29727e-06 0 -12.433 -0.00149349 0 0 0 0)
(-0.000818553 -0.0003835 0 -12.4195 0.000312383 0 0 0 0)
(-0.00278471 -4.50286e-05 0 -12.4319 0.00307643 0 0 0 0)
(0.00254572 0.00020929 0 -14.312 -0.00251208 0 0 0 0)
(0.00158061 2.553e-05 0 -14.3111 -0.00171724 0 0 0 0)
(-0.000142279 -0.000350251 0 -14.2896 0.00035538 0 0 0 0)
(-0.00278145 -5.14012e-05 0 -14.2948 0.00301527 0 0 0 0)
(0.0024964 0.000186629 0 -16.3884 -0.00228646 0 0 0 0)
(0.00165286 4.54938e-05 0 -16.3952 -0.00178903 0 0 0 0)
(-0.000546806 -0.000304625 0 -16.3753 0.000199059 0 0 0 0)
(-0.00275734 -5.81494e-05 0 -16.3776 0.00307843 0 0 0 0)
(0.00200227 0.000164729 0 -18.6925 -0.00195617 0 0 0 0)
(0.00179968 6.69554e-05 0 -18.7114 -0.00192212 0 0 0 0)
(0.000151068 -0.000269127 0 -18.6859 -5.76402e-05 0 0 0 0)
(-0.00260232 -5.93281e-05 0 -18.681 0.00283402 0 0 0 0)
(0.00169259 0.000142493 0 -21.2362 -0.00150133 0 0 0 0)
(0.00176328 7.7136e-05 0 -21.2601 -0.00190128 0 0 0 0)
(-3.95155e-05 -0.000225355 0 -21.239 -0.00025748 0 0 0 0)
(-0.00248161 -5.75718e-05 0 -21.234 0.00277037 0 0 0 0)
(0.00109536 0.000121806 0 -24.0355 -0.00100038 0 0 0 0)
(0.00175388 8.76863e-05 0 -24.0676 -0.00185639 0 0 0 0)
(0.000585639 -0.000191266 0 -24.0449 -0.00052087 0 0 0 0)
(-0.00222521 -5.48195e-05 0 -24.032 0.00247211 0 0 0 0)
(0.000620567 0.000100927 0 -27.1004 -0.000456519 0 0 0 0)
(0.00160623 8.51279e-05 0 -27.1319 -0.0017665 0 0 0 0)
(0.000555123 -0.000153214 0 -27.1158 -0.000810373 0 0 0 0)
(-0.00200206 -4.71643e-05 0 -27.1055 0.00228873 0 0 0 0)
(5.08973e-05 8.2086e-05 0 -30.4425 4.76858e-05 0 0 0 0)
(0.00149785 8.17887e-05 0 -30.472 -0.0016055 0 0 0 0)
(0.00102637 -0.000123679 0 -30.4599 -0.001002 0 0 0 0)
(-0.00171113 -4.04919e-05 0 -30.4485 0.00196872 0 0 0 0)
(-0.000313564 6.39467e-05 0 -34.0762 0.000448271 0 0 0 0)
(0.00131589 6.76331e-05 0 -34.0956 -0.00145915 0 0 0 0)
(0.000946668 -9.36435e-05 0 -34.0944 -0.00115508 0 0 0 0)
(-0.0015058 -2.98936e-05 0 -34.0894 0.0017835 0 0 0 0)
(-0.000585649 4.79532e-05 0 -38.0135 0.000698981 0 0 0 0)
(0.00119407 5.50661e-05 0 -38.0233 -0.00132278 0 0 0 0)
(0.00112967 -6.96348e-05 0 -38.0288 -0.0011586 0 0 0 0)
(-0.00125974 -2.22564e-05 0 -38.0226 0.00151909 0 0 0 0)
(-0.000660283 3.24819e-05 0 -42.2553 0.000806111 0 0 0 0)
(0.0010617 3.66735e-05 0 -42.2554 -0.00119634 0 0 0 0)
(0.000957541 -4.62789e-05 0 -42.2736 -0.00113075 0 0 0 0)
(-0.00105932 -1.27683e-05 0 -42.2703 0.00133745 0 0 0 0)
(-0.000637924 1.91525e-05 0 -46.8083 0.000744519 0 0 0 0)
(0.000889938 2.27851e-05 0 -46.8028 -0.000999267 0 0 0 0)
(0.000879753 -2.7405e-05 0 -46.8333 -0.000918904 0 0 0 0)
(-0.000803902 -7.1199e-06 0 -46.8258 0.00105158 0 0 0 0)
(-0.000459485 8.19758e-06 0 -51.6778 0.000568423 0 0 0 0)
(0.000645312 8.94975e-06 0 -51.6665 -0.000753424 0 0 0 0)
(0.000574678 -1.20982e-05 0 -51.7138 -0.000699506 0 0 0 0)
(-0.000539222 -2.22112e-06 0 -51.7042 0.00077716 0 0 0 0)
(-0.000174607 1.17932e-06 0 -56.8269 0.000294241 0 0 0 0)
(0.000290135 1.65297e-06 0 -56.8161 -0.000413175 0 0 0 0)
(0.000252116 -1.89527e-06 0 -56.883 -0.000341922 0 0 0 0)
(-0.000205125 8.13121e-08 0 -56.8657 0.000426432 0 0 0 0)
)
;

boundaryField
{
    topWall
    {
        type            extrapolatedCalculated;
        value           nonuniform List<tensor> 8((1.24171e-05 6.92777e-07 0 -56.8384 -0.000213533 0 0 0 0) (6.06279e-05 -7.51998e-07 0 -56.8698 5.67647e-05 0 0 0 0) (-8.9926e-05 2.31803e-08 0 -56.8568 4.43698e-05 0 0 0 0) (-0.000145639 -9.8228e-07 0 -56.8542 0.000149439 0 0 0 0) (-0.000174607 1.17932e-06 0 -56.8269 0.000294241 0 0 0 0) (0.000290135 1.65297e-06 0 -56.8161 -0.000413175 0 0 0 0) (0.000252116 -1.89527e-06 0 -56.883 -0.000341922 0 0 0 0) (-0.000205125 8.13121e-08 0 -56.8657 0.000426432 0 0 0 0));
    }
    botWall
    {
        type            extrapolatedCalculated;
        value           nonuniform List<tensor> 8((-0.000347785 -2.85781e-06 0 5.66928 -0.00095855 0 0 0 0) (0.000264667 1.53016e-06 0 5.65831 -0.000883485 0 0 0 0) (0.000349737 3.45851e-06 0 5.69769 -5.19787e-05 0 0 0 0) (-9.67859e-06 3.67128e-08 0 5.69606 -8.77199e-05 0 0 0 0) (-7.87352e-06 4.4092e-07 0 5.68983 0.000100452 0 0 0 0) (-3.64679e-05 -1.87049e-07 0 5.69457 -1.43423e-05 0 0 0 0) (5.92095e-06 -1.04162e-06 0 5.68456 9.13052e-05 0 0 0 0) (-0.000218521 -1.37983e-06 0 5.6939 -0.000180096 0 0 0 0));
    }
    inlet
    {
        type            cyclic;
    }
    outlet
    {
        type            cyclic;
    }
    fixWall
    {
        type            empty;
    }
}


// ************************************************************************* //
