/*--------------------------------*- C++ -*----------------------------------*\
  =========                 |
  \\      /  F ield         | OpenFOAM: The Open Source CFD Toolbox
   \\    /   O peration     | Website:  https://openfoam.org
    \\  /    A nd           | Version:  dev
     \\/     M anipulation  |

   OpenFOAM for Windows 20.09 (v1)
   Built by CFD Support, www.cfdsupport.com (based on Symscape).
\*---------------------------------------------------------------------------*/
FoamFile
{
    version     2.0;
    format      ascii;
    class       volSymmTensorField;
    location    "8";
    object      R;
}
// * * * * * * * * * * * * * * * * * * * * * * * * * * * * * * * * * * * * * //

dimensions      [0 2 -2 0 0 0 0];

internalField   nonuniform List<symmTensor> 
960
(
(1.4803e-16 -1.44788e-20 0 1.4803e-16 0 1.4803e-16)
(1.4803e-16 -1.44508e-20 0 1.4803e-16 0 1.4803e-16)
(1.4803e-16 -1.45513e-20 0 1.4803e-16 0 1.4803e-16)
(1.4803e-16 -1.45471e-20 0 1.4803e-16 0 1.4803e-16)
(1.4803e-16 -7.68966e-20 0 1.4803e-16 0 1.4803e-16)
(1.4803e-16 -7.68435e-20 0 1.4803e-16 0 1.4803e-16)
(1.4803e-16 -7.67928e-20 0 1.4803e-16 0 1.4803e-16)
(1.4803e-16 -7.67045e-20 0 1.4803e-16 0 1.4803e-16)
(1.4803e-16 -2.04738e-19 0 1.4803e-16 0 1.4803e-16)
(1.4803e-16 -2.0463e-19 0 1.4803e-16 0 1.4803e-16)
(1.4803e-16 -2.04379e-19 0 1.4803e-16 0 1.4803e-16)
(1.4803e-16 -2.04138e-19 0 1.4803e-16 0 1.4803e-16)
(1.4803e-16 -3.93384e-19 0 1.4803e-16 0 1.4803e-16)
(1.4803e-16 -3.93236e-19 0 1.4803e-16 0 1.4803e-16)
(1.4803e-16 -3.92576e-19 0 1.4803e-16 0 1.4803e-16)
(1.4803e-16 -3.92119e-19 0 1.4803e-16 0 1.4803e-16)
(1.4803e-16 -6.27583e-19 0 1.4803e-16 0 1.4803e-16)
(1.4803e-16 -6.27352e-19 0 1.4803e-16 0 1.4803e-16)
(1.4803e-16 -6.26148e-19 0 1.4803e-16 0 1.4803e-16)
(1.4803e-16 -6.25537e-19 0 1.4803e-16 0 1.4803e-16)
(1.4803e-16 -8.84942e-19 0 1.4803e-16 0 1.4803e-16)
(1.4803e-16 -8.84663e-19 0 1.4803e-16 0 1.4803e-16)
(1.4803e-16 -8.82764e-19 0 1.4803e-16 0 1.4803e-16)
(1.4803e-16 -8.82119e-19 0 1.4803e-16 0 1.4803e-16)
(1.4803e-16 -1.14728e-18 0 1.4803e-16 0 1.4803e-16)
(1.4803e-16 -1.14705e-18 0 1.4803e-16 0 1.4803e-16)
(1.4803e-16 -1.1444e-18 0 1.4803e-16 0 1.4803e-16)
(1.4803e-16 -1.1439e-18 0 1.48029e-16 0 1.4803e-16)
(1.4803e-16 -1.40034e-18 0 1.4803e-16 0 1.4803e-16)
(1.4803e-16 -1.40027e-18 0 1.4803e-16 0 1.4803e-16)
(1.4803e-16 -1.39655e-18 0 1.48029e-16 0 1.4803e-16)
(1.4803e-16 -1.39628e-18 0 1.48029e-16 0 1.4803e-16)
(1.4803e-16 -1.6328e-18 0 1.4803e-16 0 1.4803e-16)
(1.4803e-16 -1.63301e-18 0 1.4803e-16 0 1.4803e-16)
(1.4803e-16 -1.62801e-18 0 1.48029e-16 0 1.4803e-16)
(1.4803e-16 -1.62802e-18 0 1.48029e-16 0 1.4803e-16)
(1.48029e-16 -1.83662e-18 0 1.4803e-16 0 1.4803e-16)
(1.4803e-16 -1.83736e-18 0 1.48029e-16 0 1.4803e-16)
(1.4803e-16 -1.83052e-18 0 1.48029e-16 0 1.4803e-16)
(1.48031e-16 -1.8306e-18 0 1.48029e-16 0 1.4803e-16)
(1.48029e-16 -2.00603e-18 0 1.4803e-16 0 1.4803e-16)
(1.4803e-16 -2.00761e-18 0 1.48029e-16 0 1.4803e-16)
(1.48031e-16 -1.99872e-18 0 1.48029e-16 0 1.4803e-16)
(1.48031e-16 -1.99878e-18 0 1.48029e-16 0 1.4803e-16)
(1.48029e-16 -2.13752e-18 0 1.4803e-16 0 1.4803e-16)
(1.48031e-16 -2.14053e-18 0 1.48029e-16 0 1.4803e-16)
(1.48031e-16 -2.12929e-18 0 1.48028e-16 0 1.4803e-16)
(1.48031e-16 -2.12871e-18 0 1.48029e-16 0 1.4803e-16)
(1.48029e-16 -2.2298e-18 0 1.4803e-16 0 1.4803e-16)
(1.48031e-16 -2.23574e-18 0 1.48029e-16 0 1.48029e-16)
(1.48032e-16 -2.22122e-18 0 1.48028e-16 0 1.4803e-16)
(1.48031e-16 -2.21894e-18 0 1.48029e-16 0 1.4803e-16)
(1.48029e-16 -2.28328e-18 0 1.4803e-16 0 1.4803e-16)
(1.48031e-16 -2.29488e-18 0 1.48028e-16 0 1.4803e-16)
(1.48032e-16 -2.27545e-18 0 1.48027e-16 0 1.4803e-16)
(1.48031e-16 -2.26921e-18 0 1.48028e-16 0 1.4803e-16)
(1.48028e-16 -2.29816e-18 0 1.48031e-16 0 1.4803e-16)
(1.48032e-16 -2.31835e-18 0 1.48028e-16 0 1.48029e-16)
(1.48034e-16 -2.29469e-18 0 1.48025e-16 0 1.4803e-16)
(1.48031e-16 -2.28326e-18 0 1.48028e-16 0 1.48029e-16)
(1.48028e-16 -2.28699e-18 0 1.48031e-16 0 1.4803e-16)
(1.48032e-16 -2.30507e-18 0 1.48028e-16 0 1.48029e-16)
(1.48035e-16 -2.27927e-18 0 1.48025e-16 0 1.4803e-16)
(1.48032e-16 -2.26693e-18 0 1.48028e-16 0 1.48029e-16)
(1.48027e-16 -2.24902e-18 0 1.48032e-16 0 1.4803e-16)
(1.48033e-16 -2.25783e-18 0 1.48027e-16 0 1.48029e-16)
(1.48036e-16 -2.23238e-18 0 1.48023e-16 0 1.4803e-16)
(1.48032e-16 -2.22454e-18 0 1.48028e-16 0 1.48029e-16)
(1.48027e-16 -2.17765e-18 0 1.48032e-16 0 1.4803e-16)
(1.48033e-16 -2.18548e-18 0 1.48027e-16 0 1.48029e-16)
(1.48037e-16 -2.16112e-18 0 1.48022e-16 0 1.4803e-16)
(1.48032e-16 -2.15789e-18 0 1.48028e-16 0 1.48029e-16)
(1.48026e-16 -2.08525e-18 0 1.48033e-16 0 1.4803e-16)
(1.48034e-16 -2.09278e-18 0 1.48026e-16 0 1.48029e-16)
(1.48039e-16 -2.06949e-18 0 1.4802e-16 0 1.4803e-16)
(1.48032e-16 -2.07049e-18 0 1.48028e-16 0 1.48029e-16)
(1.48026e-16 -1.97692e-18 0 1.48033e-16 0 1.4803e-16)
(1.48035e-16 -1.984e-18 0 1.48025e-16 0 1.48029e-16)
(1.4804e-16 -1.96311e-18 0 1.48019e-16 0 1.4803e-16)
(1.48031e-16 -1.96977e-18 0 1.48029e-16 0 1.48029e-16)
(1.48025e-16 -1.85803e-18 0 1.48034e-16 0 1.4803e-16)
(1.48036e-16 -1.86509e-18 0 1.48025e-16 0 1.48029e-16)
(1.48041e-16 -1.84645e-18 0 1.48018e-16 0 1.4803e-16)
(1.48031e-16 -1.85791e-18 0 1.48029e-16 0 1.48029e-16)
(1.48025e-16 -1.73343e-18 0 1.48034e-16 0 1.4803e-16)
(1.48036e-16 -1.74e-18 0 1.48024e-16 0 1.48029e-16)
(1.48043e-16 -1.72481e-18 0 1.48016e-16 0 1.4803e-16)
(1.4803e-16 -1.74283e-18 0 1.4803e-16 0 1.48029e-16)
(1.48024e-16 -1.60775e-18 0 1.48034e-16 0 1.4803e-16)
(1.48037e-16 -1.61382e-18 0 1.48023e-16 0 1.48029e-16)
(1.48044e-16 -1.6026e-18 0 1.48015e-16 0 1.4803e-16)
(1.48029e-16 -1.6271e-18 0 1.48031e-16 0 1.48029e-16)
(1.51693e-16 -1.52141e-18 0 1.51704e-16 0 1.51699e-16)
(1.51595e-16 -1.52645e-18 0 1.51579e-16 0 1.51586e-16)
(1.51521e-16 -1.52013e-18 0 1.5149e-16 0 1.51507e-16)
(1.51675e-16 -1.555e-18 0 1.5168e-16 0 1.51677e-16)
(1.65288e-16 -1.52934e-18 0 1.65302e-16 0 1.65296e-16)
(1.65163e-16 -1.53431e-18 0 1.65145e-16 0 1.65152e-16)
(1.65071e-16 -1.53493e-18 0 1.65036e-16 0 1.65055e-16)
(1.65268e-16 -1.58274e-18 0 1.65277e-16 0 1.65271e-16)
(1.81307e-16 -1.55212e-18 0 1.81322e-16 0 1.81316e-16)
(1.81152e-16 -1.55655e-18 0 1.8113e-16 0 1.81139e-16)
(1.8104e-16 -1.56642e-18 0 1.81e-16 0 1.81023e-16)
(1.81284e-16 -1.63393e-18 0 1.81299e-16 0 1.8129e-16)
(1.99889e-16 -1.59891e-18 0 1.99907e-16 0 1.999e-16)
(1.99702e-16 -1.59892e-18 0 1.99677e-16 0 1.99687e-16)
(1.99569e-16 -1.62072e-18 0 1.99527e-16 0 1.99549e-16)
(1.99865e-16 -1.71348e-18 0 1.99887e-16 0 1.99874e-16)
(2.21208e-16 -1.67624e-18 0 2.21229e-16 0 2.21221e-16)
(2.20985e-16 -1.6726e-18 0 2.20957e-16 0 2.20968e-16)
(2.2083e-16 -1.71141e-18 0 2.20784e-16 0 2.20809e-16)
(2.21182e-16 -1.83895e-18 0 2.21214e-16 0 2.21196e-16)
(2.45465e-16 -1.80909e-18 0 2.45489e-16 0 2.4548e-16)
(2.45203e-16 -1.79398e-18 0 2.45171e-16 0 2.45185e-16)
(2.45023e-16 -1.85408e-18 0 2.44976e-16 0 2.45002e-16)
(2.45439e-16 -2.02231e-18 0 2.45483e-16 0 2.45459e-16)
(2.72893e-16 -1.95569e-18 0 2.72922e-16 0 2.7291e-16)
(2.72589e-16 -1.98823e-18 0 2.72554e-16 0 2.72568e-16)
(2.7238e-16 -2.07421e-18 0 2.72338e-16 0 2.72361e-16)
(2.72869e-16 -2.30722e-18 0 2.72927e-16 0 2.72897e-16)
(3.03759e-16 -2.23421e-18 0 3.03797e-16 0 3.0378e-16)
(3.03408e-16 -2.31072e-18 0 3.03375e-16 0 3.03387e-16)
(3.03173e-16 -2.4256e-18 0 3.0313e-16 0 3.03157e-16)
(3.03735e-16 -2.70186e-18 0 3.03822e-16 0 3.03775e-16)
(3.38364e-16 -2.76589e-18 0 3.38409e-16 0 3.38389e-16)
(3.37962e-16 -2.81476e-18 0 3.37925e-16 0 3.37941e-16)
(3.37693e-16 -2.95932e-18 0 3.37665e-16 0 3.37682e-16)
(3.38343e-16 -3.22245e-18 0 3.38456e-16 0 3.38397e-16)
(3.77041e-16 -3.49183e-18 0 3.77096e-16 0 3.77073e-16)
(3.76581e-16 -3.54931e-18 0 3.7655e-16 0 3.76561e-16)
(3.76282e-16 -3.72229e-18 0 3.76261e-16 0 3.76277e-16)
(3.77026e-16 -3.95808e-18 0 3.77172e-16 0 3.77094e-16)
(4.20169e-16 -4.53713e-18 0 4.20236e-16 0 4.20206e-16)
(4.19647e-16 -4.59472e-18 0 4.19618e-16 0 4.19628e-16)
(4.19315e-16 -4.79745e-18 0 4.19303e-16 0 4.19316e-16)
(4.20163e-16 -4.98601e-18 0 4.20344e-16 0 4.20247e-16)
(4.68171e-16 -6.00225e-18 0 4.6825e-16 0 4.68217e-16)
(4.67581e-16 -6.06249e-18 0 4.67558e-16 0 4.67563e-16)
(4.67212e-16 -6.2955e-18 0 4.6722e-16 0 4.67221e-16)
(4.68184e-16 -6.4228e-18 0 4.68393e-16 0 4.68283e-16)
(5.21523e-16 -8.03149e-18 0 5.2162e-16 0 5.21578e-16)
(5.20857e-16 -8.0832e-18 0 5.20844e-16 0 5.20842e-16)
(5.20459e-16 -8.35671e-18 0 5.20471e-16 0 5.20475e-16)
(5.2156e-16 -8.40445e-18 0 5.21802e-16 0 5.21674e-16)
(5.80758e-16 -1.08044e-17 0 5.80876e-16 0 5.80824e-16)
(5.80011e-16 -1.08355e-17 0 5.80008e-16 0 5.80001e-16)
(5.79577e-16 -1.11606e-17 0 5.79608e-16 0 5.79601e-16)
(5.80829e-16 -1.11207e-17 0 5.81102e-16 0 5.80958e-16)
(6.46478e-16 -1.45345e-17 0 6.46616e-16 0 6.46555e-16)
(6.45639e-16 -1.45283e-17 0 6.4565e-16 0 6.45634e-16)
(6.45174e-16 -1.49293e-17 0 6.45216e-16 0 6.45206e-16)
(6.46592e-16 -1.47964e-17 0 6.46891e-16 0 6.46733e-16)
(7.19352e-16 -1.95065e-17 0 7.19513e-16 0 7.19442e-16)
(7.18413e-16 -1.94286e-17 0 7.18442e-16 0 7.18416e-16)
(7.17915e-16 -1.99338e-17 0 7.17974e-16 0 7.17957e-16)
(7.19523e-16 -1.97187e-17 0 7.19844e-16 0 7.19674e-16)
(8.00137e-16 -2.60478e-17 0 8.00323e-16 0 8.0024e-16)
(7.99088e-16 -2.58714e-17 0 7.99138e-16 0 7.99101e-16)
(7.98557e-16 -2.65097e-17 0 7.98636e-16 0 7.9861e-16)
(8.00379e-16 -2.62291e-17 0 8.00717e-16 0 8.00536e-16)
(8.89685e-16 -3.45851e-17 0 8.89891e-16 0 8.898e-16)
(8.88511e-16 -3.42339e-17 0 8.8859e-16 0 8.88536e-16)
(8.87949e-16 -3.50268e-17 0 8.88047e-16 0 8.88016e-16)
(8.90016e-16 -3.47287e-17 0 8.90354e-16 0 8.90174e-16)
(9.88953e-16 -4.55788e-17 0 9.89175e-16 0 9.89078e-16)
(9.8764e-16 -4.50229e-17 0 9.87755e-16 0 9.87675e-16)
(9.87038e-16 -4.60198e-17 0 9.87181e-16 0 9.87123e-16)
(9.89385e-16 -4.57161e-17 0 9.89727e-16 0 9.89541e-16)
(1.09902e-15 -5.96134e-17 0 1.09925e-15 0 1.09915e-15)
(1.09756e-15 -5.86796e-17 0 1.09769e-15 0 1.09761e-15)
(1.09692e-15 -5.99261e-17 0 1.09708e-15 0 1.09703e-15)
(1.09957e-15 -5.97604e-17 0 1.0999e-15 0 1.09972e-15)
(1.2211e-15 -7.73127e-17 0 1.22133e-15 0 1.22123e-15)
(1.21947e-15 -7.59268e-17 0 1.21964e-15 0 1.21953e-15)
(1.21877e-15 -7.7483e-17 0 1.21902e-15 0 1.21892e-15)
(1.22179e-15 -7.75138e-17 0 1.22211e-15 0 1.22194e-15)
(1.35659e-15 -9.92729e-17 0 1.35678e-15 0 1.3567e-15)
(1.35478e-15 -9.7216e-17 0 1.35494e-15 0 1.35485e-15)
(1.35398e-15 -9.9212e-17 0 1.35435e-15 0 1.35417e-15)
(1.35743e-15 -9.96105e-17 0 1.35771e-15 0 1.35756e-15)
(1.50702e-15 -1.26294e-16 0 1.50717e-15 0 1.5071e-15)
(1.50503e-15 -1.24097e-16 0 1.50517e-15 0 1.5051e-15)
(1.50412e-15 -1.26082e-16 0 1.50461e-15 0 1.50438e-15)
(1.50805e-15 -1.26535e-16 0 1.50828e-15 0 1.50816e-15)
(1.67417e-15 -1.59507e-16 0 1.67425e-15 0 1.67421e-15)
(1.67196e-15 -1.57676e-16 0 1.67212e-15 0 1.67205e-15)
(1.67093e-15 -1.59405e-16 0 1.67161e-15 0 1.67124e-15)
(1.6754e-15 -1.59466e-16 0 1.67558e-15 0 1.6755e-15)
(1.86e-15 -1.99609e-16 0 1.86004e-15 0 1.86001e-15)
(1.85757e-15 -1.97929e-16 0 1.85777e-15 0 1.85767e-15)
(1.85646e-15 -1.99671e-16 0 1.85722e-15 0 1.85683e-15)
(1.86149e-15 -1.99492e-16 0 1.86163e-15 0 1.86157e-15)
(2.06679e-15 -2.47593e-16 0 2.06676e-15 0 2.06679e-15)
(2.06414e-15 -2.46191e-16 0 2.06437e-15 0 2.06426e-15)
(2.06293e-15 -2.47864e-16 0 2.06378e-15 0 2.06335e-15)
(2.06861e-15 -2.4742e-16 0 2.06868e-15 0 2.06865e-15)
(2.29713e-15 -3.04341e-16 0 2.29706e-15 0 2.29709e-15)
(2.29424e-15 -3.03136e-16 0 2.29452e-15 0 2.29438e-15)
(2.29293e-15 -3.0466e-16 0 2.29391e-15 0 2.2934e-15)
(2.29936e-15 -3.04154e-16 0 2.29933e-15 0 2.29935e-15)
(2.55398e-15 -3.70718e-16 0 2.55386e-15 0 2.55392e-15)
(2.55085e-15 -3.69784e-16 0 2.55117e-15 0 2.55102e-15)
(2.54945e-15 -3.71015e-16 0 2.55049e-15 0 2.54996e-15)
(2.55669e-15 -3.70506e-16 0 2.55658e-15 0 2.55664e-15)
(2.84074e-15 -4.47353e-16 0 2.8406e-15 0 2.84067e-15)
(2.83737e-15 -4.46672e-16 0 2.83774e-15 0 2.83757e-15)
(2.83587e-15 -4.47615e-16 0 2.837e-15 0 2.83641e-15)
(2.84406e-15 -4.47214e-16 0 2.84383e-15 0 2.84395e-15)
(3.16135e-15 -5.34824e-16 0 3.1612e-15 0 3.16128e-15)
(3.15773e-15 -5.34431e-16 0 3.15818e-15 0 3.15796e-15)
(3.15614e-15 -5.35089e-16 0 3.15733e-15 0 3.15672e-15)
(3.16541e-15 -5.34864e-16 0 3.16507e-15 0 3.16524e-15)
(3.52039e-15 -6.33345e-16 0 3.52025e-15 0 3.52033e-15)
(3.51653e-15 -6.33246e-16 0 3.51703e-15 0 3.51679e-15)
(3.51483e-15 -6.33803e-16 0 3.51609e-15 0 3.51545e-15)
(3.52536e-15 -6.33808e-16 0 3.52489e-15 0 3.52513e-15)
(3.92324e-15 -7.43033e-16 0 3.92313e-15 0 3.92319e-15)
(3.91912e-15 -7.4335e-16 0 3.9197e-15 0 3.91943e-15)
(3.91732e-15 -7.43894e-16 0 3.91865e-15 0 3.91797e-15)
(3.92929e-15 -7.44178e-16 0 3.92871e-15 0 3.929e-15)
(4.37624e-15 -8.63796e-16 0 4.37619e-15 0 4.37622e-15)
(4.37183e-15 -8.6451e-16 0 4.37255e-15 0 4.37219e-15)
(4.36995e-15 -8.65343e-16 0 4.37134e-15 0 4.37063e-15)
(4.38363e-15 -8.65912e-16 0 4.3829e-15 0 4.38327e-15)
(4.88698e-15 -9.95279e-16 0 4.88703e-15 0 4.887e-15)
(4.88226e-15 -9.96332e-16 0 4.88314e-15 0 4.88269e-15)
(4.88025e-15 -9.97753e-16 0 4.88182e-15 0 4.88098e-15)
(4.89598e-15 -9.9872e-16 0 4.89511e-15 0 4.89555e-15)
(5.46462e-15 -1.13657e-15 0 5.46479e-15 0 5.4647e-15)
(5.45959e-15 -1.13776e-15 0 5.46056e-15 0 5.46011e-15)
(5.45745e-15 -1.13988e-15 0 5.45903e-15 0 5.45825e-15)
(5.47558e-15 -1.14162e-15 0 5.47448e-15 0 5.47508e-15)
(6.12036e-15 -1.29869e-15 0 6.12069e-15 0 6.12049e-15)
(6.11495e-15 -1.29909e-15 0 6.11611e-15 0 6.11557e-15)
(6.11261e-15 -1.30016e-15 0 6.11436e-15 0 6.11351e-15)
(6.13362e-15 -1.30228e-15 0 6.13239e-15 0 6.13307e-15)
(6.86791e-15 -2.0241e-15 0 6.8681e-15 0 6.86812e-15)
(6.86219e-15 -2.01657e-15 0 6.86304e-15 0 6.86284e-15)
(6.85956e-15 -2.00757e-15 0 6.86117e-15 0 6.86048e-15)
(6.8837e-15 -2.01545e-15 0 6.88287e-15 0 6.88311e-15)
(1.4803e-16 -1.45312e-20 0 1.4803e-16 0 1.4803e-16)
(1.4803e-16 -1.45434e-20 0 1.4803e-16 0 1.4803e-16)
(1.4803e-16 -1.45178e-20 0 1.4803e-16 0 1.4803e-16)
(1.4803e-16 -1.45416e-20 0 1.4803e-16 0 1.4803e-16)
(1.4803e-16 -7.65938e-20 0 1.4803e-16 0 1.4803e-16)
(1.4803e-16 -7.66995e-20 0 1.4803e-16 0 1.4803e-16)
(1.4803e-16 -7.66125e-20 0 1.4803e-16 0 1.4803e-16)
(1.4803e-16 -7.66528e-20 0 1.4803e-16 0 1.4803e-16)
(1.4803e-16 -2.03808e-19 0 1.4803e-16 0 1.4803e-16)
(1.4803e-16 -2.04161e-19 0 1.4803e-16 0 1.4803e-16)
(1.4803e-16 -2.04077e-19 0 1.4803e-16 0 1.4803e-16)
(1.4803e-16 -2.04063e-19 0 1.4803e-16 0 1.4803e-16)
(1.4803e-16 -3.91466e-19 0 1.4803e-16 0 1.4803e-16)
(1.4803e-16 -3.92191e-19 0 1.4803e-16 0 1.4803e-16)
(1.4803e-16 -3.92301e-19 0 1.4803e-16 0 1.4803e-16)
(1.4803e-16 -3.92164e-19 0 1.4803e-16 0 1.4803e-16)
(1.4803e-16 -6.24506e-19 0 1.4803e-16 0 1.4803e-16)
(1.4803e-16 -6.25649e-19 0 1.4803e-16 0 1.4803e-16)
(1.4803e-16 -6.26186e-19 0 1.4803e-16 0 1.4803e-16)
(1.4803e-16 -6.25861e-19 0 1.4803e-16 0 1.4803e-16)
(1.4803e-16 -8.80804e-19 0 1.4803e-16 0 1.4803e-16)
(1.4803e-16 -8.82353e-19 0 1.4803e-16 0 1.4803e-16)
(1.4803e-16 -8.83451e-19 0 1.4803e-16 0 1.4803e-16)
(1.4803e-16 -8.82796e-19 0 1.4803e-16 0 1.4803e-16)
(1.4803e-16 -1.14256e-18 0 1.4803e-16 0 1.4803e-16)
(1.48029e-16 -1.14439e-18 0 1.4803e-16 0 1.4803e-16)
(1.4803e-16 -1.1461e-18 0 1.4803e-16 0 1.4803e-16)
(1.48029e-16 -1.14496e-18 0 1.4803e-16 0 1.4803e-16)
(1.4803e-16 -1.39541e-18 0 1.4803e-16 0 1.4803e-16)
(1.48029e-16 -1.39744e-18 0 1.4803e-16 0 1.4803e-16)
(1.4803e-16 -1.39969e-18 0 1.4803e-16 0 1.4803e-16)
(1.48029e-16 -1.39795e-18 0 1.4803e-16 0 1.4803e-16)
(1.4803e-16 -1.62813e-18 0 1.4803e-16 0 1.4803e-16)
(1.48029e-16 -1.63033e-18 0 1.4803e-16 0 1.4803e-16)
(1.4803e-16 -1.63305e-18 0 1.4803e-16 0 1.4803e-16)
(1.48029e-16 -1.63057e-18 0 1.48031e-16 0 1.4803e-16)
(1.4803e-16 -1.83241e-18 0 1.4803e-16 0 1.4803e-16)
(1.48029e-16 -1.8351e-18 0 1.48031e-16 0 1.4803e-16)
(1.4803e-16 -1.83805e-18 0 1.4803e-16 0 1.4803e-16)
(1.48029e-16 -1.83447e-18 0 1.48031e-16 0 1.4803e-16)
(1.4803e-16 -2.00238e-18 0 1.4803e-16 0 1.4803e-16)
(1.48029e-16 -2.00591e-18 0 1.48031e-16 0 1.4803e-16)
(1.4803e-16 -2.00949e-18 0 1.4803e-16 0 1.4803e-16)
(1.48029e-16 -2.00422e-18 0 1.48031e-16 0 1.4803e-16)
(1.48029e-16 -2.13458e-18 0 1.4803e-16 0 1.4803e-16)
(1.48028e-16 -2.14004e-18 0 1.48031e-16 0 1.4803e-16)
(1.4803e-16 -2.14468e-18 0 1.48029e-16 0 1.4803e-16)
(1.48029e-16 -2.13663e-18 0 1.48031e-16 0 1.4803e-16)
(1.48029e-16 -2.22697e-18 0 1.4803e-16 0 1.4803e-16)
(1.48028e-16 -2.23578e-18 0 1.48032e-16 0 1.4803e-16)
(1.4803e-16 -2.24329e-18 0 1.48029e-16 0 1.4803e-16)
(1.48029e-16 -2.2306e-18 0 1.48031e-16 0 1.48029e-16)
(1.48029e-16 -2.27957e-18 0 1.48031e-16 0 1.4803e-16)
(1.48027e-16 -2.29362e-18 0 1.48033e-16 0 1.4803e-16)
(1.4803e-16 -2.3064e-18 0 1.48029e-16 0 1.4803e-16)
(1.48029e-16 -2.28673e-18 0 1.48031e-16 0 1.48029e-16)
(1.48028e-16 -2.29308e-18 0 1.48031e-16 0 1.4803e-16)
(1.48026e-16 -2.31404e-18 0 1.48034e-16 0 1.4803e-16)
(1.4803e-16 -2.33584e-18 0 1.48029e-16 0 1.4803e-16)
(1.48029e-16 -2.3059e-18 0 1.4803e-16 0 1.4803e-16)
(1.48027e-16 -2.27918e-18 0 1.48032e-16 0 1.4803e-16)
(1.48024e-16 -2.30228e-18 0 1.48036e-16 0 1.4803e-16)
(1.48031e-16 -2.32061e-18 0 1.48029e-16 0 1.4803e-16)
(1.4803e-16 -2.29173e-18 0 1.4803e-16 0 1.48029e-16)
(1.48026e-16 -2.24381e-18 0 1.48033e-16 0 1.4803e-16)
(1.48023e-16 -2.26304e-18 0 1.48037e-16 0 1.48029e-16)
(1.48031e-16 -2.26752e-18 0 1.48028e-16 0 1.4803e-16)
(1.4803e-16 -2.24757e-18 0 1.48029e-16 0 1.4803e-16)
(1.48025e-16 -2.18244e-18 0 1.48034e-16 0 1.4803e-16)
(1.48022e-16 -2.1974e-18 0 1.48038e-16 0 1.48029e-16)
(1.48031e-16 -2.19619e-18 0 1.48028e-16 0 1.4803e-16)
(1.48031e-16 -2.17729e-18 0 1.48029e-16 0 1.48029e-16)
(1.48023e-16 -2.1006e-18 0 1.48036e-16 0 1.4803e-16)
(1.48021e-16 -2.11051e-18 0 1.48039e-16 0 1.4803e-16)
(1.48032e-16 -2.10394e-18 0 1.48027e-16 0 1.4803e-16)
(1.48031e-16 -2.08659e-18 0 1.48029e-16 0 1.48029e-16)
(1.48022e-16 -2.00287e-18 0 1.48037e-16 0 1.4803e-16)
(1.48019e-16 -2.00598e-18 0 1.4804e-16 0 1.48029e-16)
(1.48033e-16 -1.99567e-18 0 1.48026e-16 0 1.4803e-16)
(1.48032e-16 -1.98016e-18 0 1.48028e-16 0 1.48029e-16)
(1.48021e-16 -1.89413e-18 0 1.48038e-16 0 1.4803e-16)
(1.48019e-16 -1.89032e-18 0 1.48041e-16 0 1.48029e-16)
(1.48033e-16 -1.87599e-18 0 1.48026e-16 0 1.4803e-16)
(1.48032e-16 -1.86269e-18 0 1.48028e-16 0 1.48029e-16)
(1.48019e-16 -1.77993e-18 0 1.4804e-16 0 1.4803e-16)
(1.48018e-16 -1.7674e-18 0 1.48042e-16 0 1.48029e-16)
(1.48034e-16 -1.7498e-18 0 1.48025e-16 0 1.4803e-16)
(1.48033e-16 -1.73901e-18 0 1.48027e-16 0 1.48029e-16)
(1.48018e-16 -1.66533e-18 0 1.48041e-16 0 1.4803e-16)
(1.48017e-16 -1.64324e-18 0 1.48042e-16 0 1.48029e-16)
(1.48035e-16 -1.62132e-18 0 1.48024e-16 0 1.4803e-16)
(1.48033e-16 -1.61374e-18 0 1.48027e-16 0 1.48029e-16)
(1.51877e-16 -1.59607e-18 0 1.51903e-16 0 1.51891e-16)
(1.51902e-16 -1.56167e-18 0 1.51928e-16 0 1.51914e-16)
(1.51769e-16 -1.53346e-18 0 1.51755e-16 0 1.51762e-16)
(1.51717e-16 -1.5285e-18 0 1.51709e-16 0 1.51712e-16)
(1.65525e-16 -1.62722e-18 0 1.65555e-16 0 1.65541e-16)
(1.65554e-16 -1.57455e-18 0 1.65582e-16 0 1.65567e-16)
(1.65385e-16 -1.53802e-18 0 1.65367e-16 0 1.65377e-16)
(1.65318e-16 -1.53755e-18 0 1.65309e-16 0 1.65313e-16)
(1.81601e-16 -1.68118e-18 0 1.81636e-16 0 1.81619e-16)
(1.81634e-16 -1.6034e-18 0 1.81664e-16 0 1.81647e-16)
(1.81426e-16 -1.5558e-18 0 1.81405e-16 0 1.81415e-16)
(1.81343e-16 -1.56007e-18 0 1.81332e-16 0 1.81337e-16)
(2.00247e-16 -1.76622e-18 0 2.00287e-16 0 2.00269e-16)
(2.00284e-16 -1.65552e-18 0 2.00313e-16 0 2.00298e-16)
(2.00034e-16 -1.59309e-18 0 2.00006e-16 0 2.00021e-16)
(1.99935e-16 -1.60765e-18 0 1.99919e-16 0 1.99927e-16)
(2.21637e-16 -1.89623e-18 0 2.21682e-16 0 2.21661e-16)
(2.21677e-16 -1.74606e-18 0 2.21704e-16 0 2.2169e-16)
(2.21381e-16 -1.66281e-18 0 2.21347e-16 0 2.21365e-16)
(2.21263e-16 -1.6834e-18 0 2.21247e-16 0 2.21253e-16)
(2.45973e-16 -2.08929e-18 0 2.46023e-16 0 2.45999e-16)
(2.46016e-16 -1.89877e-18 0 2.4604e-16 0 2.46026e-16)
(2.4567e-16 -1.78531e-18 0 2.45628e-16 0 2.45649e-16)
(2.45532e-16 -1.81473e-18 0 2.45514e-16 0 2.45521e-16)
(2.73491e-16 -2.3932e-18 0 2.7354e-16 0 2.73519e-16)
(2.73537e-16 -2.13257e-18 0 2.73549e-16 0 2.73542e-16)
(2.73136e-16 -1.97666e-18 0 2.73077e-16 0 2.73111e-16)
(2.72975e-16 -1.96259e-18 0 2.72953e-16 0 2.72963e-16)
(3.04457e-16 -2.81151e-18 0 3.0451e-16 0 3.04486e-16)
(3.04508e-16 -2.48717e-18 0 3.04506e-16 0 3.04505e-16)
(3.04045e-16 -2.27297e-18 0 3.03976e-16 0 3.0401e-16)
(3.03861e-16 -2.23618e-18 0 3.03839e-16 0 3.03845e-16)
(3.39172e-16 -3.32177e-18 0 3.39227e-16 0 3.39202e-16)
(3.39228e-16 -2.99952e-18 0 3.39205e-16 0 3.39214e-16)
(3.38701e-16 -2.75491e-18 0 3.38607e-16 0 3.38657e-16)
(3.38492e-16 -2.75955e-18 0 3.38457e-16 0 3.38474e-16)
(3.77974e-16 -4.01023e-18 0 3.78027e-16 0 3.78004e-16)
(3.78034e-16 -3.70954e-18 0 3.77984e-16 0 3.78007e-16)
(3.77435e-16 -3.47205e-18 0 3.77317e-16 0 3.77379e-16)
(3.77197e-16 -3.47725e-18 0 3.7716e-16 0 3.77175e-16)
(4.21238e-16 -4.99246e-18 0 4.21294e-16 0 4.21268e-16)
(4.21301e-16 -4.72359e-18 0 4.21226e-16 0 4.21261e-16)
(4.20624e-16 -4.48616e-18 0 4.20486e-16 0 4.20555e-16)
(4.20357e-16 -4.51107e-18 0 4.20317e-16 0 4.20334e-16)
(4.69394e-16 -6.37698e-18 0 4.69445e-16 0 4.69424e-16)
(4.69457e-16 -6.15812e-18 0 4.69352e-16 0 4.69402e-16)
(4.68701e-16 -5.90902e-18 0 4.68526e-16 0 4.68618e-16)
(4.68401e-16 -5.94733e-18 0 4.68352e-16 0 4.68374e-16)
(5.22917e-16 -8.30181e-18 0 5.22964e-16 0 5.22946e-16)
(5.22979e-16 -8.13959e-18 0 5.2284e-16 0 5.22907e-16)
(5.22135e-16 -7.87496e-18 0 5.2193e-16 0 5.22036e-16)
(5.21797e-16 -7.95161e-18 0 5.21752e-16 0 5.21769e-16)
(5.82343e-16 -1.09483e-17 0 5.82387e-16 0 5.8237e-16)
(5.82401e-16 -1.08462e-17 0 5.82228e-16 0 5.82311e-16)
(5.81464e-16 -1.05623e-17 0 5.81224e-16 0 5.81348e-16)
(5.81088e-16 -1.06935e-17 0 5.81041e-16 0 5.81059e-16)
(6.48274e-16 -1.45348e-17 0 6.48311e-16 0 6.48299e-16)
(6.48324e-16 -1.44864e-17 0 6.48114e-16 0 6.48215e-16)
(6.4729e-16 -1.41896e-17 0 6.47011e-16 0 6.47155e-16)
(6.46868e-16 -1.44078e-17 0 6.46826e-16 0 6.46841e-16)
(7.21385e-16 -1.93479e-17 0 7.21413e-16 0 7.21405e-16)
(7.21424e-16 -1.93388e-17 0 7.21172e-16 0 7.21294e-16)
(7.20283e-16 -1.902e-17 0 7.19968e-16 0 7.20131e-16)
(7.19813e-16 -1.93609e-17 0 7.1978e-16 0 7.1979e-16)
(8.02434e-16 -2.57216e-17 0 8.02451e-16 0 8.02449e-16)
(8.02457e-16 -2.57156e-17 0 8.02164e-16 0 8.02304e-16)
(8.01203e-16 -2.53813e-17 0 8.00852e-16 0 8.01033e-16)
(8.00679e-16 -2.58983e-17 0 8.00659e-16 0 8.00663e-16)
(8.92281e-16 -3.40801e-17 0 8.92268e-16 0 8.92285e-16)
(8.92281e-16 -3.40319e-17 0 8.91932e-16 0 8.92103e-16)
(8.909e-16 -3.36642e-17 0 8.90518e-16 0 8.90715e-16)
(8.90313e-16 -3.44245e-17 0 8.90326e-16 0 8.90309e-16)
(9.91882e-16 -4.49007e-17 0 9.91835e-16 0 9.9187e-16)
(9.91853e-16 -4.47457e-17 0 9.91446e-16 0 9.91644e-16)
(9.90338e-16 -4.43558e-17 0 9.89919e-16 0 9.90141e-16)
(9.89674e-16 -4.5453e-17 0 9.89731e-16 0 9.8969e-16)
(1.10232e-15 -5.87574e-17 0 1.10223e-15 0 1.10229e-15)
(1.10226e-15 -5.84583e-17 0 1.10179e-15 0 1.10201e-15)
(1.10058e-15 -5.80204e-17 0 1.10017e-15 0 1.10038e-15)
(1.09985e-15 -5.95086e-17 0 1.09995e-15 0 1.09989e-15)
(1.22483e-15 -7.62858e-17 0 1.22466e-15 0 1.22476e-15)
(1.22472e-15 -7.57737e-17 0 1.22417e-15 0 1.22443e-15)
(1.22287e-15 -7.53207e-17 0 1.22245e-15 0 1.22267e-15)
(1.22203e-15 -7.72959e-17 0 1.22223e-15 0 1.22212e-15)
(1.36079e-15 -9.82165e-17 0 1.36053e-15 0 1.36067e-15)
(1.36062e-15 -9.75431e-17 0 1.35996e-15 0 1.36029e-15)
(1.35857e-15 -9.70793e-17 0 1.35819e-15 0 1.35838e-15)
(1.35764e-15 -9.95075e-17 0 1.3579e-15 0 1.35777e-15)
(1.51174e-15 -1.25231e-16 0 1.51141e-15 0 1.51157e-15)
(1.51152e-15 -1.24603e-16 0 1.51076e-15 0 1.51114e-15)
(1.50924e-15 -1.24242e-16 0 1.50895e-15 0 1.50908e-15)
(1.5082e-15 -1.26722e-16 0 1.50857e-15 0 1.50839e-15)
(1.67949e-15 -1.58316e-16 0 1.67903e-15 0 1.67926e-15)
(1.6792e-15 -1.57908e-16 0 1.6783e-15 0 1.67877e-15)
(1.67669e-15 -1.57614e-16 0 1.67643e-15 0 1.67656e-15)
(1.6755e-15 -1.59912e-16 0 1.67598e-15 0 1.67574e-15)
(1.866e-15 -1.98413e-16 0 1.86545e-15 0 1.86571e-15)
(1.86562e-15 -1.98206e-16 0 1.86465e-15 0 1.86515e-15)
(1.8629e-15 -1.97846e-16 0 1.8627e-15 0 1.86279e-15)
(1.86153e-15 -2.00079e-16 0 1.86212e-15 0 1.86183e-15)
(2.07357e-15 -2.46432e-16 0 2.0729e-15 0 2.07324e-15)
(2.0731e-15 -2.46349e-16 0 2.07204e-15 0 2.07258e-15)
(2.07014e-15 -2.45963e-16 0 2.07001e-15 0 2.07007e-15)
(2.06856e-15 -2.48106e-16 0 2.06928e-15 0 2.06891e-15)
(2.30481e-15 -3.03276e-16 0 2.30403e-15 0 2.30442e-15)
(2.30423e-15 -3.0329e-16 0 2.30309e-15 0 2.30367e-15)
(2.30104e-15 -3.02882e-16 0 2.30096e-15 0 2.301e-15)
(2.29919e-15 -3.04844e-16 0 2.30003e-15 0 2.29961e-15)
(2.56269e-15 -3.69758e-16 0 2.56181e-15 0 2.56224e-15)
(2.562e-15 -3.69727e-16 0 2.56078e-15 0 2.5614e-15)
(2.55855e-15 -3.69382e-16 0 2.55857e-15 0 2.55854e-15)
(2.55641e-15 -3.7118e-16 0 2.55736e-15 0 2.55689e-15)
(2.85066e-15 -4.46584e-16 0 2.84966e-15 0 2.85016e-15)
(2.84983e-15 -4.46402e-16 0 2.84854e-15 0 2.84919e-15)
(2.84614e-15 -4.46164e-16 0 2.84621e-15 0 2.84616e-15)
(2.84361e-15 -4.47748e-16 0 2.84469e-15 0 2.84415e-15)
(3.17269e-15 -5.3424e-16 0 3.17155e-15 0 3.17212e-15)
(3.17171e-15 -5.33781e-16 0 3.17033e-15 0 3.17104e-15)
(3.16774e-15 -5.33763e-16 0 3.16788e-15 0 3.1678e-15)
(3.16476e-15 -5.3516e-16 0 3.16597e-15 0 3.16536e-15)
(3.5334e-15 -6.33134e-16 0 3.53211e-15 0 3.53275e-15)
(3.53224e-15 -6.32307e-16 0 3.5308e-15 0 3.53154e-15)
(3.52798e-15 -6.325e-16 0 3.52821e-15 0 3.52808e-15)
(3.52445e-15 -6.33514e-16 0 3.52579e-15 0 3.52512e-15)
(3.9382e-15 -7.4336e-16 0 3.93676e-15 0 3.93747e-15)
(3.93685e-15 -7.4199e-16 0 3.93536e-15 0 3.93612e-15)
(3.93227e-15 -7.42511e-16 0 3.93258e-15 0 3.9324e-15)
(3.92811e-15 -7.43075e-16 0 3.92952e-15 0 3.92883e-15)
(4.39353e-15 -8.64909e-16 0 4.39185e-15 0 4.3927e-15)
(4.39199e-15 -8.62878e-16 0 4.39037e-15 0 4.39122e-15)
(4.38702e-15 -8.63798e-16 0 4.38739e-15 0 4.38719e-15)
(4.38205e-15 -8.636e-16 0 4.38361e-15 0 4.38283e-15)
(4.90701e-15 -9.97535e-16 0 4.9051e-15 0 4.90606e-15)
(4.90527e-15 -9.94743e-16 0 4.90359e-15 0 4.90446e-15)
(4.8999e-15 -9.96308e-16 0 4.90028e-15 0 4.90009e-15)
(4.89396e-15 -9.94922e-16 0 4.89561e-15 0 4.89477e-15)
(5.4879e-15 -1.14039e-15 0 5.48571e-15 0 5.48682e-15)
(5.48594e-15 -1.13679e-15 0 5.48427e-15 0 5.4851e-15)
(5.48005e-15 -1.13946e-15 0 5.4806e-15 0 5.48026e-15)
(5.47306e-15 -1.13607e-15 0 5.47464e-15 0 5.47387e-15)
(6.14743e-15 -1.30146e-15 0 6.14504e-15 0 6.14621e-15)
(6.14529e-15 -1.29864e-15 0 6.14374e-15 0 6.14444e-15)
(6.1389e-15 -1.30186e-15 0 6.13932e-15 0 6.13909e-15)
(6.13052e-15 -1.2968e-15 0 6.1321e-15 0 6.1313e-15)
(6.8992e-15 -2.02255e-15 0 6.89721e-15 0 6.8979e-15)
(6.89714e-15 -2.02887e-15 0 6.89573e-15 0 6.89632e-15)
(6.89011e-15 -2.02859e-15 0 6.89032e-15 0 6.89027e-15)
(6.8801e-15 -2.01762e-15 0 6.8815e-15 0 6.88087e-15)
(7.71066e-15 -4.66888e-15 0 7.71061e-15 0 7.71078e-15)
(7.70519e-15 -4.66399e-15 0 7.70489e-15 0 7.70528e-15)
(7.70231e-15 -4.66201e-15 0 7.70328e-15 0 7.70286e-15)
(7.7294e-15 -4.69114e-15 0 7.72983e-15 0 7.72926e-15)
(8.46682e-15 -5.51974e-15 0 8.46497e-15 0 8.46566e-15)
(8.46538e-15 -5.51925e-15 0 8.46094e-15 0 8.46262e-15)
(8.46444e-15 -5.52172e-15 0 8.46487e-15 0 8.46435e-15)
(8.4903e-15 -5.55471e-15 0 8.49488e-15 0 8.49307e-15)
(8.92979e-15 -5.91618e-15 0 8.92788e-15 0 8.9288e-15)
(8.93363e-15 -5.92835e-15 0 8.92866e-15 0 8.93142e-15)
(8.93931e-15 -5.94137e-15 0 8.93987e-15 0 8.93971e-15)
(8.96282e-15 -5.96699e-15 0 8.96829e-15 0 8.96541e-15)
(9.09737e-15 -5.83757e-15 0 9.09581e-15 0 9.09658e-15)
(9.10412e-15 -5.8566e-15 0 9.1005e-15 0 9.10251e-15)
(9.11405e-15 -5.87364e-15 0 9.11548e-15 0 9.11484e-15)
(9.1347e-15 -5.89055e-15 0 9.13946e-15 0 9.13699e-15)
(9.02651e-15 -5.45548e-15 0 9.0255e-15 0 9.02593e-15)
(9.03425e-15 -5.47551e-15 0 9.03221e-15 0 9.03323e-15)
(9.04607e-15 -5.49193e-15 0 9.0484e-15 0 9.04715e-15)
(9.06376e-15 -5.50157e-15 0 9.06745e-15 0 9.06563e-15)
(8.78113e-15 -4.94467e-15 0 8.78044e-15 0 8.78073e-15)
(8.78862e-15 -4.96204e-15 0 8.7875e-15 0 8.78811e-15)
(8.80072e-15 -4.97553e-15 0 8.80309e-15 0 8.80193e-15)
(8.81525e-15 -4.9809e-15 0 8.81805e-15 0 8.81664e-15)
(8.41836e-15 -4.43028e-15 0 8.41803e-15 0 8.41811e-15)
(8.4248e-15 -4.44337e-15 0 8.4245e-15 0 8.4247e-15)
(8.43606e-15 -4.4536e-15 0 8.43857e-15 0 8.43727e-15)
(8.44798e-15 -4.45685e-15 0 8.44982e-15 0 8.4489e-15)
(7.98314e-15 -3.97811e-15 0 7.98295e-15 0 7.98298e-15)
(7.9881e-15 -3.98682e-15 0 7.98845e-15 0 7.98831e-15)
(7.99803e-15 -3.99423e-15 0 8.00038e-15 0 7.9992e-15)
(8.00771e-15 -3.99669e-15 0 8.00878e-15 0 8.00826e-15)
(7.50745e-15 -3.60578e-15 0 7.5074e-15 0 7.50735e-15)
(7.51094e-15 -3.61091e-15 0 7.51172e-15 0 7.51138e-15)
(7.51927e-15 -3.61616e-15 0 7.52147e-15 0 7.52034e-15)
(7.52715e-15 -3.6184e-15 0 7.52761e-15 0 7.52738e-15)
(7.01303e-15 -3.30091e-15 0 7.01308e-15 0 7.01298e-15)
(7.01508e-15 -3.30355e-15 0 7.0163e-15 0 7.01576e-15)
(7.0219e-15 -3.30725e-15 0 7.02377e-15 0 7.02284e-15)
(7.0284e-15 -3.30937e-15 0 7.02827e-15 0 7.02834e-15)
(6.51438e-15 -3.03976e-15 0 6.51448e-15 0 6.51437e-15)
(6.51502e-15 -3.04089e-15 0 6.51671e-15 0 6.5159e-15)
(6.52048e-15 -3.04351e-15 0 6.52213e-15 0 6.52125e-15)
(6.52599e-15 -3.04543e-15 0 6.52543e-15 0 6.5257e-15)
(6.02129e-15 -2.80194e-15 0 6.0215e-15 0 6.02129e-15)
(6.02062e-15 -2.80217e-15 0 6.02264e-15 0 6.02166e-15)
(6.02497e-15 -2.80404e-15 0 6.02626e-15 0 6.02559e-15)
(6.02969e-15 -2.80572e-15 0 6.02884e-15 0 6.02928e-15)
(5.54076e-15 -2.5767e-15 0 5.54072e-15 0 5.54071e-15)
(5.53876e-15 -2.57628e-15 0 5.5408e-15 0 5.53985e-15)
(5.54225e-15 -2.57764e-15 0 5.54319e-15 0 5.5427e-15)
(5.54631e-15 -2.5791e-15 0 5.54542e-15 0 5.54585e-15)
(5.07733e-15 -2.36095e-15 0 5.07729e-15 0 5.0772e-15)
(5.07406e-15 -2.35997e-15 0 5.07627e-15 0 5.07517e-15)
(5.07701e-15 -2.36102e-15 0 5.07786e-15 0 5.07738e-15)
(5.08065e-15 -2.3623e-15 0 5.07966e-15 0 5.08019e-15)
(4.63443e-15 -2.15494e-15 0 4.63415e-15 0 4.63422e-15)
(4.62994e-15 -2.15339e-15 0 4.6319e-15 0 4.63103e-15)
(4.63266e-15 -2.15431e-15 0 4.63312e-15 0 4.63296e-15)
(4.63585e-15 -2.15544e-15 0 4.63486e-15 0 4.63536e-15)
(4.21399e-15 -1.95939e-15 0 4.21356e-15 0 4.21368e-15)
(4.20823e-15 -1.95727e-15 0 4.21006e-15 0 4.20927e-15)
(4.21087e-15 -1.95821e-15 0 4.21156e-15 0 4.21119e-15)
(4.21394e-15 -1.95924e-15 0 4.21287e-15 0 4.21344e-15)
(3.81745e-15 -1.77494e-15 0 3.81676e-15 0 3.81703e-15)
(3.81027e-15 -1.7722e-15 0 3.8121e-15 0 3.81121e-15)
(3.81326e-15 -1.77334e-15 0 3.81402e-15 0 3.81362e-15)
(3.81627e-15 -1.77428e-15 0 3.81503e-15 0 3.81568e-15)
(3.44543e-15 -1.46489e-15 0 3.44471e-15 0 3.44492e-15)
(3.43867e-15 -1.44454e-15 0 3.43995e-15 0 3.43938e-15)
(3.44037e-15 -1.4458e-15 0 3.44134e-15 0 3.44086e-15)
(3.44336e-15 -1.45342e-15 0 3.44221e-15 0 3.44276e-15)
(3.1003e-15 -1.15186e-15 0 3.09928e-15 0 3.09977e-15)
(3.09437e-15 -1.13316e-15 0 3.09504e-15 0 3.09475e-15)
(3.09473e-15 -1.13383e-15 0 3.09596e-15 0 3.09529e-15)
(3.09762e-15 -1.14136e-15 0 3.09652e-15 0 3.09707e-15)
(2.78281e-15 -8.88824e-16 0 2.78186e-15 0 2.78224e-15)
(2.77778e-15 -8.72973e-16 0 2.7781e-15 0 2.77794e-15)
(2.77721e-15 -8.76764e-16 0 2.77853e-15 0 2.77785e-15)
(2.77982e-15 -8.82244e-16 0 2.77891e-15 0 2.77938e-15)
(2.49292e-15 -6.7581e-16 0 2.4918e-15 0 2.49231e-15)
(2.4887e-15 -6.61718e-16 0 2.48861e-15 0 2.48873e-15)
(2.48732e-15 -6.6678e-16 0 2.48882e-15 0 2.48805e-15)
(2.48972e-15 -6.70472e-16 0 2.48891e-15 0 2.4893e-15)
(2.22941e-15 -5.07798e-16 0 2.22825e-15 0 2.22878e-15)
(2.22594e-15 -4.94495e-16 0 2.2257e-15 0 2.22586e-15)
(2.22398e-15 -4.98309e-16 0 2.22556e-15 0 2.22477e-15)
(2.22609e-15 -5.00523e-16 0 2.22544e-15 0 2.22578e-15)
(1.99077e-15 -3.74191e-16 0 1.98954e-15 0 1.9901e-15)
(1.98804e-15 -3.63439e-16 0 1.98754e-15 0 1.98782e-15)
(1.98562e-15 -3.65199e-16 0 1.98718e-15 0 1.98638e-15)
(1.98749e-15 -3.66168e-16 0 1.98683e-15 0 1.98714e-15)
(1.77513e-15 -2.68162e-16 0 1.77392e-15 0 1.77449e-15)
(1.77307e-15 -2.61455e-16 0 1.77242e-15 0 1.77277e-15)
(1.77042e-15 -2.61584e-16 0 1.77181e-15 0 1.77111e-15)
(1.77193e-15 -2.61609e-16 0 1.77139e-15 0 1.77169e-15)
(1.58067e-15 -1.8682e-16 0 1.57957e-15 0 1.58007e-15)
(1.57917e-15 -1.83087e-16 0 1.57847e-15 0 1.57883e-15)
(1.57644e-15 -1.82113e-16 0 1.57769e-15 0 1.57703e-15)
(1.57773e-15 -1.81388e-16 0 1.57713e-15 0 1.57741e-15)
(1.40556e-15 -1.25208e-16 0 1.40459e-15 0 1.40505e-15)
(1.40455e-15 -1.2368e-16 0 1.40378e-15 0 1.4042e-15)
(1.40188e-15 -1.21882e-16 0 1.40283e-15 0 1.40237e-15)
(1.40275e-15 -1.20668e-16 0 1.40239e-15 0 1.40257e-15)
(1.24807e-15 -7.91423e-17 0 1.24727e-15 0 1.24764e-15)
(1.24742e-15 -7.91939e-17 0 1.2467e-15 0 1.24708e-15)
(1.2449e-15 -7.68207e-17 0 1.24564e-15 0 1.24526e-15)
(1.24553e-15 -7.53179e-17 0 1.24508e-15 0 1.24531e-15)
(1.10655e-15 -4.51002e-17 0 1.10594e-15 0 1.10621e-15)
(1.10619e-15 -4.63163e-17 0 1.10554e-15 0 1.10587e-15)
(1.10388e-15 -4.34911e-17 0 1.1044e-15 0 1.10412e-15)
(1.10411e-15 -4.19343e-17 0 1.10385e-15 0 1.10399e-15)
(9.79541e-16 -2.02664e-17 0 9.7904e-16 0 9.79282e-16)
(9.79391e-16 -2.23127e-17 0 9.78756e-16 0 9.79103e-16)
(9.77327e-16 -1.91437e-17 0 9.77568e-16 0 9.77463e-16)
(9.77186e-16 -1.76636e-17 0 9.76999e-16 0 9.77067e-16)
(8.65612e-16 -2.39342e-18 0 8.65283e-16 0 8.6544e-16)
(8.65617e-16 -5.03638e-18 0 8.65112e-16 0 8.65361e-16)
(8.638e-16 -2.57107e-18 0 8.63918e-16 0 8.63844e-16)
(8.63286e-16 -1.05965e-18 0 8.63149e-16 0 8.6324e-16)
(7.63561e-16 1.02463e-17 0 7.63393e-16 0 7.63456e-16)
(7.63679e-16 7.1911e-18 0 7.63282e-16 0 7.63482e-16)
(7.62114e-16 8.42484e-18 0 7.62092e-16 0 7.62098e-16)
(7.61624e-16 1.06903e-17 0 7.61553e-16 0 7.61579e-16)
(6.72273e-16 1.89748e-17 0 6.72205e-16 0 6.72237e-16)
(6.72467e-16 1.6337e-17 0 6.72173e-16 0 6.7234e-16)
(6.71144e-16 1.68724e-17 0 6.71013e-16 0 6.71076e-16)
(6.70737e-16 1.91701e-17 0 6.70577e-16 0 6.70651e-16)
(5.90733e-16 2.47994e-17 0 5.90754e-16 0 5.90731e-16)
(5.90978e-16 2.30479e-17 0 5.90823e-16 0 5.90901e-16)
(5.89868e-16 2.33491e-17 0 5.89692e-16 0 5.89777e-16)
(5.89523e-16 2.50535e-17 0 5.89333e-16 0 5.89437e-16)
(5.18039e-16 2.84254e-17 0 5.18097e-16 0 5.18058e-16)
(5.18355e-16 2.73278e-17 0 5.18247e-16 0 5.18309e-16)
(5.17407e-16 2.74857e-17 0 5.17199e-16 0 5.17303e-16)
(5.17115e-16 2.86282e-17 0 5.16918e-16 0 5.17007e-16)
(4.53371e-16 3.04266e-17 0 4.53427e-16 0 4.53396e-16)
(4.53759e-16 2.98045e-17 0 4.53692e-16 0 4.53733e-16)
(4.52938e-16 2.9951e-17 0 4.52739e-16 0 4.52839e-16)
(4.52684e-16 3.06602e-17 0 4.525e-16 0 4.52598e-16)
(3.95972e-16 3.11948e-17 0 3.96035e-16 0 3.95998e-16)
(3.96467e-16 3.07832e-17 0 3.9643e-16 0 3.96449e-16)
(3.9575e-16 3.09345e-17 0 3.95563e-16 0 3.95655e-16)
(3.95527e-16 3.12567e-17 0 3.95366e-16 0 3.95445e-16)
(3.45385e-16 3.12977e-17 0 3.45446e-16 0 3.45411e-16)
(3.45815e-16 3.07673e-17 0 3.45789e-16 0 3.45804e-16)
(3.4518e-16 3.07814e-17 0 3.45023e-16 0 3.451e-16)
(3.44969e-16 3.08497e-17 0 3.44868e-16 0 3.4492e-16)
(3.00858e-16 3.08145e-17 0 3.00913e-16 0 3.00883e-16)
(3.01206e-16 3.01941e-17 0 3.01206e-16 0 3.01208e-16)
(3.00655e-16 2.99569e-17 0 3.00527e-16 0 3.0059e-16)
(3.00473e-16 3.00001e-17 0 3.00393e-16 0 3.00431e-16)
(2.61846e-16 2.94419e-17 0 2.61894e-16 0 2.61867e-16)
(2.62123e-16 2.88809e-17 0 2.6215e-16 0 2.62138e-16)
(2.61651e-16 2.86254e-17 0 2.61555e-16 0 2.61603e-16)
(2.61488e-16 2.86949e-17 0 2.61443e-16 0 2.61466e-16)
(2.27887e-16 2.75486e-17 0 2.27927e-16 0 2.27905e-16)
(2.28112e-16 2.71739e-17 0 2.28153e-16 0 2.28134e-16)
(2.27717e-16 2.70082e-17 0 2.27641e-16 0 2.27679e-16)
(2.27576e-16 2.70983e-17 0 2.27542e-16 0 2.27559e-16)
(1.9858e-16 2.55744e-17 0 1.98613e-16 0 1.98596e-16)
(1.98769e-16 2.53066e-17 0 1.98813e-16 0 1.98792e-16)
(1.98443e-16 2.5188e-17 0 1.98384e-16 0 1.98413e-16)
(1.98319e-16 2.53047e-17 0 1.98295e-16 0 1.98307e-16)
(1.73581e-16 2.35873e-17 0 1.73607e-16 0 1.73593e-16)
(1.73743e-16 2.34447e-17 0 1.73786e-16 0 1.73766e-16)
(1.73485e-16 2.3363e-17 0 1.73436e-16 0 1.7346e-16)
(1.73373e-16 2.34343e-17 0 1.73352e-16 0 1.73362e-16)
(1.52603e-16 2.16516e-17 0 1.52622e-16 0 1.52612e-16)
(1.52746e-16 2.16318e-17 0 1.52784e-16 0 1.52766e-16)
(1.52551e-16 2.15773e-17 0 1.52511e-16 0 1.52531e-16)
(1.52445e-16 2.1577e-17 0 1.52428e-16 0 1.52437e-16)
(1.48024e-16 2.17024e-17 0 1.48036e-16 0 1.48029e-16)
(1.48013e-16 2.17084e-17 0 1.48046e-16 0 1.4803e-16)
(1.48047e-16 2.17001e-17 0 1.48013e-16 0 1.4803e-16)
(1.48037e-16 2.16812e-17 0 1.48022e-16 0 1.4803e-16)
(1.48025e-16 2.21555e-17 0 1.48035e-16 0 1.4803e-16)
(1.48015e-16 2.21947e-17 0 1.48044e-16 0 1.4803e-16)
(1.48044e-16 2.21937e-17 0 1.48015e-16 0 1.4803e-16)
(1.48036e-16 2.21556e-17 0 1.48024e-16 0 1.4803e-16)
(1.48027e-16 2.23203e-17 0 1.48033e-16 0 1.48029e-16)
(1.48018e-16 2.2366e-17 0 1.48041e-16 0 1.4803e-16)
(1.48042e-16 2.23703e-17 0 1.48018e-16 0 1.4803e-16)
(1.48035e-16 2.23209e-17 0 1.48024e-16 0 1.4803e-16)
(1.48028e-16 2.21592e-17 0 1.48032e-16 0 1.4803e-16)
(1.48021e-16 2.22115e-17 0 1.48039e-16 0 1.4803e-16)
(1.48039e-16 2.22179e-17 0 1.4802e-16 0 1.4803e-16)
(1.48034e-16 2.21631e-17 0 1.48026e-16 0 1.4803e-16)
(1.48029e-16 2.1663e-17 0 1.48031e-16 0 1.48029e-16)
(1.48023e-16 2.17183e-17 0 1.48036e-16 0 1.4803e-16)
(1.48037e-16 2.17249e-17 0 1.48023e-16 0 1.4803e-16)
(1.48033e-16 2.16625e-17 0 1.48027e-16 0 1.4803e-16)
(1.48029e-16 2.08035e-17 0 1.4803e-16 0 1.4803e-16)
(1.48025e-16 2.08489e-17 0 1.48034e-16 0 1.4803e-16)
(1.48035e-16 2.08544e-17 0 1.48025e-16 0 1.4803e-16)
(1.48032e-16 2.07997e-17 0 1.48028e-16 0 1.4803e-16)
(1.4803e-16 1.95721e-17 0 1.4803e-16 0 1.48029e-16)
(1.48027e-16 1.96021e-17 0 1.48033e-16 0 1.4803e-16)
(1.48033e-16 1.96055e-17 0 1.48026e-16 0 1.4803e-16)
(1.48031e-16 1.95648e-17 0 1.48028e-16 0 1.4803e-16)
(1.4803e-16 1.79736e-17 0 1.4803e-16 0 1.4803e-16)
(1.48028e-16 1.7993e-17 0 1.48032e-16 0 1.4803e-16)
(1.48032e-16 1.79952e-17 0 1.48027e-16 0 1.4803e-16)
(1.48031e-16 1.7964e-17 0 1.48029e-16 0 1.4803e-16)
(1.4803e-16 1.60299e-17 0 1.48029e-16 0 1.4803e-16)
(1.48028e-16 1.60425e-17 0 1.48031e-16 0 1.4803e-16)
(1.48031e-16 1.60436e-17 0 1.48028e-16 0 1.4803e-16)
(1.48031e-16 1.6021e-17 0 1.48029e-16 0 1.4803e-16)
(1.4803e-16 1.37913e-17 0 1.4803e-16 0 1.4803e-16)
(1.48029e-16 1.3799e-17 0 1.48031e-16 0 1.4803e-16)
(1.48031e-16 1.37995e-17 0 1.48029e-16 0 1.4803e-16)
(1.4803e-16 1.37831e-17 0 1.48029e-16 0 1.4803e-16)
(1.4803e-16 1.13316e-17 0 1.4803e-16 0 1.4803e-16)
(1.48029e-16 1.13363e-17 0 1.4803e-16 0 1.4803e-16)
(1.4803e-16 1.13366e-17 0 1.48029e-16 0 1.4803e-16)
(1.4803e-16 1.13262e-17 0 1.48029e-16 0 1.4803e-16)
(1.4803e-16 8.76196e-18 0 1.4803e-16 0 1.4803e-16)
(1.48029e-16 8.76486e-18 0 1.4803e-16 0 1.4803e-16)
(1.4803e-16 8.76519e-18 0 1.4803e-16 0 1.4803e-16)
(1.4803e-16 8.75934e-18 0 1.48029e-16 0 1.4803e-16)
(1.4803e-16 6.22608e-18 0 1.4803e-16 0 1.4803e-16)
(1.4803e-16 6.22804e-18 0 1.4803e-16 0 1.4803e-16)
(1.4803e-16 6.2284e-18 0 1.4803e-16 0 1.4803e-16)
(1.4803e-16 6.22614e-18 0 1.4803e-16 0 1.4803e-16)
(1.4803e-16 3.90835e-18 0 1.4803e-16 0 1.4803e-16)
(1.4803e-16 3.90968e-18 0 1.4803e-16 0 1.4803e-16)
(1.4803e-16 3.90974e-18 0 1.4803e-16 0 1.4803e-16)
(1.4803e-16 3.90889e-18 0 1.4803e-16 0 1.4803e-16)
(1.4803e-16 2.03608e-18 0 1.4803e-16 0 1.4803e-16)
(1.4803e-16 2.03693e-18 0 1.4803e-16 0 1.4803e-16)
(1.4803e-16 2.03686e-18 0 1.4803e-16 0 1.4803e-16)
(1.4803e-16 2.03663e-18 0 1.4803e-16 0 1.4803e-16)
(1.4803e-16 7.65267e-19 0 1.4803e-16 0 1.4803e-16)
(1.4803e-16 7.65651e-19 0 1.4803e-16 0 1.4803e-16)
(1.4803e-16 7.65565e-19 0 1.4803e-16 0 1.4803e-16)
(1.4803e-16 7.65509e-19 0 1.4803e-16 0 1.4803e-16)
(1.4803e-16 1.45159e-19 0 1.4803e-16 0 1.4803e-16)
(1.4803e-16 1.4524e-19 0 1.4803e-16 0 1.4803e-16)
(1.4803e-16 1.45206e-19 0 1.4803e-16 0 1.4803e-16)
(1.4803e-16 1.452e-19 0 1.4803e-16 0 1.4803e-16)
(7.74645e-15 -4.70633e-15 0 7.74603e-15 0 7.74592e-15)
(7.74476e-15 -4.70969e-15 0 7.74374e-15 0 7.74439e-15)
(7.73737e-15 -4.70079e-15 0 7.73691e-15 0 7.73725e-15)
(7.72567e-15 -4.68435e-15 0 7.72632e-15 0 7.72609e-15)
(8.504e-15 -5.56804e-15 0 8.50925e-15 0 8.50741e-15)
(8.50019e-15 -5.56663e-15 0 8.50015e-15 0 8.50029e-15)
(8.49814e-15 -5.56099e-15 0 8.49432e-15 0 8.49599e-15)
(8.4838e-15 -5.54182e-15 0 8.48376e-15 0 8.48371e-15)
(8.96974e-15 -5.96697e-15 0 8.97604e-15 0 8.97255e-15)
(8.95707e-15 -5.95071e-15 0 8.95776e-15 0 8.95727e-15)
(8.96189e-15 -5.95662e-15 0 8.95738e-15 0 8.95969e-15)
(8.94901e-15 -5.9434e-15 0 8.94761e-15 0 8.94842e-15)
(9.13704e-15 -5.88347e-15 0 9.14147e-15 0 9.13916e-15)
(9.1181e-15 -5.85973e-15 0 9.11848e-15 0 9.11829e-15)
(9.12611e-15 -5.87104e-15 0 9.12198e-15 0 9.124e-15)
(9.11708e-15 -5.86637e-15 0 9.11507e-15 0 9.11622e-15)
(9.06335e-15 -5.49311e-15 0 9.06605e-15 0 9.06471e-15)
(9.04097e-15 -5.46835e-15 0 9.04141e-15 0 9.04114e-15)
(9.05009e-15 -5.48042e-15 0 9.04628e-15 0 9.04823e-15)
(9.04521e-15 -5.48213e-15 0 9.04317e-15 0 9.04419e-15)
(8.81368e-15 -4.97373e-15 0 8.81496e-15 0 8.81434e-15)
(8.79036e-15 -4.95175e-15 0 8.79057e-15 0 8.79046e-15)
(8.7987e-15 -4.96187e-15 0 8.79596e-15 0 8.79722e-15)
(8.79791e-15 -4.967e-15 0 8.79571e-15 0 8.79692e-15)
(8.44624e-15 -4.45195e-15 0 8.44648e-15 0 8.44637e-15)
(8.42352e-15 -4.43408e-15 0 8.42369e-15 0 8.42358e-15)
(8.4306e-15 -4.44146e-15 0 8.42842e-15 0 8.4295e-15)
(8.43262e-15 -4.44733e-15 0 8.4307e-15 0 8.43175e-15)
(8.00648e-15 -3.99385e-15 0 8.00592e-15 0 8.00622e-15)
(7.98525e-15 -3.97993e-15 0 7.98525e-15 0 7.98525e-15)
(7.99073e-15 -3.98483e-15 0 7.98929e-15 0 7.98997e-15)
(7.99471e-15 -3.98999e-15 0 7.99308e-15 0 7.99395e-15)
(7.52671e-15 -3.61704e-15 0 7.52555e-15 0 7.52615e-15)
(7.50742e-15 -3.60629e-15 0 7.50729e-15 0 7.50735e-15)
(7.51139e-15 -3.60933e-15 0 7.51064e-15 0 7.51098e-15)
(7.51648e-15 -3.61336e-15 0 7.51511e-15 0 7.51588e-15)
(7.02875e-15 -3.30894e-15 0 7.0272e-15 0 7.02797e-15)
(7.01158e-15 -3.3005e-15 0 7.01146e-15 0 7.01148e-15)
(7.01426e-15 -3.30231e-15 0 7.0142e-15 0 7.01416e-15)
(7.01986e-15 -3.30539e-15 0 7.0186e-15 0 7.01934e-15)
(6.52714e-15 -3.04559e-15 0 6.52518e-15 0 6.5262e-15)
(6.51204e-15 -3.03874e-15 0 6.51184e-15 0 6.51193e-15)
(6.51371e-15 -3.0398e-15 0 6.51404e-15 0 6.51387e-15)
(6.51929e-15 -3.0423e-15 0 6.51821e-15 0 6.5188e-15)
(6.0315e-15 -2.80625e-15 0 6.02938e-15 0 6.03046e-15)
(6.01835e-15 -2.80054e-15 0 6.01819e-15 0 6.01826e-15)
(6.01914e-15 -2.80118e-15 0 6.02001e-15 0 6.01955e-15)
(6.02466e-15 -2.80334e-15 0 6.02352e-15 0 6.02413e-15)
(5.54862e-15 -2.57987e-15 0 5.5464e-15 0 5.54754e-15)
(5.53724e-15 -2.57507e-15 0 5.53723e-15 0 5.53721e-15)
(5.53724e-15 -2.57541e-15 0 5.53867e-15 0 5.53792e-15)
(5.54269e-15 -2.57731e-15 0 5.54129e-15 0 5.54208e-15)
(5.08328e-15 -2.36319e-15 0 5.08086e-15 0 5.08212e-15)
(5.07352e-15 -2.35921e-15 0 5.07356e-15 0 5.07351e-15)
(5.07277e-15 -2.35929e-15 0 5.07463e-15 0 5.0737e-15)
(5.07792e-15 -2.36095e-15 0 5.07657e-15 0 5.07728e-15)
(4.63863e-15 -2.15638e-15 0 4.63611e-15 0 4.63741e-15)
(4.63044e-15 -2.15314e-15 0 4.63035e-15 0 4.63046e-15)
(4.62884e-15 -2.15298e-15 0 4.63137e-15 0 4.62997e-15)
(4.63384e-15 -2.15438e-15 0 4.63217e-15 0 4.63321e-15)
(4.21668e-15 -1.96017e-15 0 4.21422e-15 0 4.21539e-15)
(4.20977e-15 -1.9576e-15 0 4.21011e-15 0 4.2098e-15)
(4.20771e-15 -1.95721e-15 0 4.21047e-15 0 4.20899e-15)
(4.21229e-15 -1.95838e-15 0 4.21071e-15 0 4.21172e-15)
(3.81903e-15 -1.77518e-15 0 3.8161e-15 0 3.81767e-15)
(3.81331e-15 -1.7732e-15 0 3.81333e-15 0 3.81339e-15)
(3.81063e-15 -1.7726e-15 0 3.81346e-15 0 3.81205e-15)
(3.8146e-15 -1.77358e-15 0 3.81366e-15 0 3.81417e-15)
(3.44592e-15 -1.44715e-15 0 3.44334e-15 0 3.44463e-15)
(3.44139e-15 -1.45211e-15 0 3.44166e-15 0 3.44149e-15)
(3.43838e-15 -1.44547e-15 0 3.44119e-15 0 3.43969e-15)
(3.44182e-15 -1.44995e-15 0 3.44115e-15 0 3.4416e-15)
(3.10017e-15 -1.13773e-15 0 3.09765e-15 0 3.09893e-15)
(3.09662e-15 -1.14321e-15 0 3.0969e-15 0 3.09671e-15)
(3.09339e-15 -1.13408e-15 0 3.09574e-15 0 3.0946e-15)
(3.09605e-15 -1.13779e-15 0 3.09613e-15 0 3.09613e-15)
(2.78231e-15 -8.79147e-16 0 2.78005e-15 0 2.78127e-15)
(2.77978e-15 -8.83767e-16 0 2.77974e-15 0 2.77979e-15)
(2.77636e-15 -8.7432e-16 0 2.77838e-15 0 2.77733e-15)
(2.77847e-15 -8.78569e-16 0 2.77892e-15 0 2.77873e-15)
(2.49209e-15 -6.69387e-16 0 2.49022e-15 0 2.49111e-15)
(2.49027e-15 -6.75507e-16 0 2.49031e-15 0 2.49023e-15)
(2.48684e-15 -6.64235e-16 0 2.48863e-15 0 2.48771e-15)
(2.4886e-15 -6.67661e-16 0 2.48926e-15 0 2.48904e-15)
(2.2283e-15 -4.98699e-16 0 2.22673e-15 0 2.22759e-15)
(2.22723e-15 -5.04026e-16 0 2.22694e-15 0 2.22711e-15)
(2.22392e-15 -4.95721e-16 0 2.22514e-15 0 2.22448e-15)
(2.22526e-15 -5.00782e-16 0 2.22617e-15 0 2.22577e-15)
(1.98951e-15 -3.6584e-16 0 1.98822e-15 0 1.98881e-15)
(1.98876e-15 -3.71231e-16 0 1.9887e-15 0 1.98865e-15)
(1.98549e-15 -3.64304e-16 0 1.98671e-15 0 1.98609e-15)
(1.98676e-15 -3.68288e-16 0 1.98796e-15 0 1.98743e-15)
(1.77372e-15 -2.60248e-16 0 1.7727e-15 0 1.77331e-15)
(1.77348e-15 -2.61303e-16 0 1.77313e-15 0 1.77335e-15)
(1.77022e-15 -2.5889e-16 0 1.77105e-15 0 1.77059e-15)
(1.77147e-15 -2.64066e-16 0 1.77274e-15 0 1.77213e-15)
(1.57939e-15 -1.82407e-16 0 1.57836e-15 0 1.57884e-15)
(1.57923e-15 -1.83563e-16 0 1.57907e-15 0 1.57912e-15)
(1.57565e-15 -1.80754e-16 0 1.57666e-15 0 1.5762e-15)
(1.57731e-15 -1.83793e-16 0 1.57874e-15 0 1.57808e-15)
(1.40414e-15 -1.22528e-16 0 1.40355e-15 0 1.40388e-15)
(1.40442e-15 -1.22567e-16 0 1.4042e-15 0 1.40429e-15)
(1.40169e-15 -1.20907e-16 0 1.40248e-15 0 1.40198e-15)
(1.40264e-15 -1.23214e-16 0 1.40398e-15 0 1.40331e-15)
(1.24684e-15 -7.7649e-17 0 1.24615e-15 0 1.24648e-15)
(1.2472e-15 -7.75214e-17 0 1.24693e-15 0 1.24707e-15)
(1.24498e-15 -7.65652e-17 0 1.24574e-15 0 1.24541e-15)
(1.24552e-15 -7.77998e-17 0 1.24673e-15 0 1.24621e-15)
(1.10531e-15 -4.52491e-17 0 1.10497e-15 0 1.10518e-15)
(1.10591e-15 -4.46972e-17 0 1.10568e-15 0 1.10578e-15)
(1.10428e-15 -4.37406e-17 0 1.10483e-15 0 1.1045e-15)
(1.10439e-15 -4.43196e-17 0 1.10552e-15 0 1.10495e-15)
(9.78476e-16 -2.05612e-17 0 9.78174e-16 0 9.78291e-16)
(9.79089e-16 -1.97311e-17 0 9.78851e-16 0 9.78957e-16)
(9.77739e-16 -1.98398e-17 0 9.78363e-16 0 9.78046e-16)
(9.7769e-16 -1.98743e-17 0 9.78698e-16 0 9.78228e-16)
(8.64668e-16 -4.02724e-18 0 8.64506e-16 0 8.64633e-16)
(8.6534e-16 -3.03953e-18 0 8.65126e-16 0 8.6523e-16)
(8.64419e-16 -2.56272e-18 0 8.64696e-16 0 8.64582e-16)
(8.64144e-16 -2.27535e-18 0 8.64924e-16 0 8.64556e-16)
(7.62818e-16 1.03694e-17 0 7.62675e-16 0 7.62743e-16)
(7.63483e-16 1.10407e-17 0 7.63222e-16 0 7.63351e-16)
(7.62666e-16 9.95633e-18 0 7.63086e-16 0 7.62861e-16)
(7.62335e-16 1.01877e-17 0 7.63136e-16 0 7.62709e-16)
(6.71658e-16 1.88574e-17 0 6.71598e-16 0 6.71626e-16)
(6.72262e-16 1.89221e-17 0 6.72163e-16 0 6.72198e-16)
(6.71718e-16 1.8506e-17 0 6.72014e-16 0 6.71854e-16)
(6.71378e-16 1.88338e-17 0 6.71896e-16 0 6.71656e-16)
(5.90291e-16 2.51621e-17 0 5.90189e-16 0 5.90249e-16)
(5.90872e-16 2.51514e-17 0 5.9071e-16 0 5.90791e-16)
(5.90414e-16 2.44911e-17 0 5.90671e-16 0 5.9055e-16)
(5.90052e-16 2.4592e-17 0 5.90509e-16 0 5.90296e-16)
(5.17709e-16 2.8575e-17 0 5.17663e-16 0 5.17687e-16)
(5.18223e-16 2.8442e-17 0 5.18174e-16 0 5.18199e-16)
(5.17906e-16 2.81517e-17 0 5.18158e-16 0 5.18013e-16)
(5.17571e-16 2.82483e-17 0 5.17931e-16 0 5.1775e-16)
(4.53168e-16 3.03727e-17 0 4.53128e-16 0 4.53147e-16)
(4.53654e-16 3.01391e-17 0 4.53591e-16 0 4.53613e-16)
(4.53408e-16 3.00955e-17 0 4.53591e-16 0 4.53503e-16)
(4.53087e-16 3.02589e-17 0 4.53358e-16 0 4.53241e-16)
(3.95898e-16 3.06896e-17 0 3.95894e-16 0 3.959e-16)
(3.96338e-16 3.02922e-17 0 3.96313e-16 0 3.9633e-16)
(3.96182e-16 3.06324e-17 0 3.96316e-16 0 3.96248e-16)
(3.95882e-16 3.11208e-17 0 3.96102e-16 0 3.95991e-16)
(3.45273e-16 3.03684e-17 0 3.45296e-16 0 3.45287e-16)
(3.45694e-16 3.03409e-17 0 3.45657e-16 0 3.45669e-16)
(3.45581e-16 3.05528e-17 0 3.45664e-16 0 3.45619e-16)
(3.45305e-16 3.10256e-17 0 3.45466e-16 0 3.4539e-16)
(3.00711e-16 2.96125e-17 0 3.00745e-16 0 3.00728e-16)
(3.01083e-16 2.95154e-17 0 3.01063e-16 0 3.01075e-16)
(3.01016e-16 2.96771e-17 0 3.01062e-16 0 3.01039e-16)
(3.00784e-16 3.03182e-17 0 3.00874e-16 0 3.00832e-16)
(2.61681e-16 2.83123e-17 0 2.61726e-16 0 2.61705e-16)
(2.62022e-16 2.831e-17 0 2.61996e-16 0 2.62005e-16)
(2.61979e-16 2.84512e-17 0 2.61988e-16 0 2.61981e-16)
(2.61777e-16 2.89221e-17 0 2.61817e-16 0 2.61799e-16)
(2.27729e-16 2.69362e-17 0 2.27774e-16 0 2.27752e-16)
(2.28022e-16 2.68956e-17 0 2.28005e-16 0 2.28014e-16)
(2.27994e-16 2.6889e-17 0 2.2799e-16 0 2.27992e-16)
(2.27827e-16 2.7202e-17 0 2.27832e-16 0 2.27831e-16)
(1.98441e-16 2.52111e-17 0 1.98483e-16 0 1.98463e-16)
(1.98691e-16 2.5203e-17 0 1.98678e-16 0 1.98683e-16)
(1.9867e-16 2.51317e-17 0 1.98657e-16 0 1.98663e-16)
(1.98527e-16 2.52868e-17 0 1.98516e-16 0 1.98523e-16)
(1.7347e-16 2.34228e-17 0 1.73506e-16 0 1.73488e-16)
(1.73673e-16 2.33902e-17 0 1.73669e-16 0 1.73671e-16)
(1.73653e-16 2.32939e-17 0 1.73644e-16 0 1.73649e-16)
(1.7354e-16 2.33986e-17 0 1.73518e-16 0 1.7353e-16)
(1.52521e-16 2.15844e-17 0 1.52552e-16 0 1.52537e-16)
(1.52684e-16 2.15638e-17 0 1.52684e-16 0 1.52683e-16)
(1.52665e-16 2.1451e-17 0 1.52655e-16 0 1.52659e-16)
(1.52574e-16 2.14906e-17 0 1.52552e-16 0 1.52564e-16)
(1.48016e-16 2.16974e-17 0 1.48043e-16 0 1.4803e-16)
(1.48027e-16 2.16299e-17 0 1.48032e-16 0 1.4803e-16)
(1.48031e-16 2.15635e-17 0 1.48028e-16 0 1.4803e-16)
(1.48043e-16 2.16297e-17 0 1.48016e-16 0 1.4803e-16)
(1.48017e-16 2.21805e-17 0 1.48043e-16 0 1.4803e-16)
(1.48026e-16 2.21435e-17 0 1.48034e-16 0 1.48029e-16)
(1.48033e-16 2.2102e-17 0 1.48027e-16 0 1.48029e-16)
(1.48042e-16 2.21232e-17 0 1.48017e-16 0 1.4803e-16)
(1.48019e-16 2.23537e-17 0 1.4804e-16 0 1.4803e-16)
(1.48025e-16 2.23228e-17 0 1.48034e-16 0 1.4803e-16)
(1.48031e-16 2.2287e-17 0 1.48028e-16 0 1.4803e-16)
(1.48041e-16 2.23117e-17 0 1.48018e-16 0 1.4803e-16)
(1.4802e-16 2.21974e-17 0 1.48039e-16 0 1.4803e-16)
(1.48025e-16 2.21741e-17 0 1.48035e-16 0 1.48029e-16)
(1.48032e-16 2.21512e-17 0 1.48028e-16 0 1.48029e-16)
(1.4804e-16 2.21693e-17 0 1.48019e-16 0 1.4803e-16)
(1.48022e-16 2.16977e-17 0 1.48037e-16 0 1.4803e-16)
(1.48025e-16 2.16974e-17 0 1.48035e-16 0 1.4803e-16)
(1.4803e-16 2.16658e-17 0 1.48029e-16 0 1.4803e-16)
(1.48038e-16 2.16704e-17 0 1.48021e-16 0 1.4803e-16)
(1.48024e-16 2.08323e-17 0 1.48036e-16 0 1.4803e-16)
(1.48025e-16 2.08417e-17 0 1.48034e-16 0 1.4803e-16)
(1.48031e-16 2.08172e-17 0 1.48029e-16 0 1.48029e-16)
(1.48037e-16 2.08175e-17 0 1.48022e-16 0 1.4803e-16)
(1.48026e-16 1.95951e-17 0 1.48034e-16 0 1.4803e-16)
(1.48026e-16 1.96155e-17 0 1.48034e-16 0 1.4803e-16)
(1.48029e-16 1.95895e-17 0 1.4803e-16 0 1.4803e-16)
(1.48035e-16 1.95822e-17 0 1.48024e-16 0 1.4803e-16)
(1.48027e-16 1.79894e-17 0 1.48032e-16 0 1.4803e-16)
(1.48027e-16 1.80101e-17 0 1.48033e-16 0 1.4803e-16)
(1.4803e-16 1.79928e-17 0 1.4803e-16 0 1.4803e-16)
(1.48034e-16 1.7987e-17 0 1.48025e-16 0 1.4803e-16)
(1.48028e-16 1.60421e-17 0 1.48031e-16 0 1.4803e-16)
(1.48027e-16 1.60639e-17 0 1.48032e-16 0 1.4803e-16)
(1.48029e-16 1.60491e-17 0 1.4803e-16 0 1.4803e-16)
(1.48033e-16 1.60393e-17 0 1.48027e-16 0 1.4803e-16)
(1.48029e-16 1.37987e-17 0 1.4803e-16 0 1.4803e-16)
(1.48028e-16 1.38151e-17 0 1.48031e-16 0 1.4803e-16)
(1.48029e-16 1.38071e-17 0 1.4803e-16 0 1.4803e-16)
(1.48032e-16 1.38011e-17 0 1.48028e-16 0 1.4803e-16)
(1.4803e-16 1.13359e-17 0 1.4803e-16 0 1.4803e-16)
(1.48029e-16 1.13471e-17 0 1.48031e-16 0 1.4803e-16)
(1.48029e-16 1.13427e-17 0 1.4803e-16 0 1.4803e-16)
(1.48031e-16 1.13381e-17 0 1.48028e-16 0 1.4803e-16)
(1.4803e-16 8.7641e-18 0 1.4803e-16 0 1.4803e-16)
(1.48029e-16 8.76922e-18 0 1.4803e-16 0 1.4803e-16)
(1.48029e-16 8.76897e-18 0 1.4803e-16 0 1.4803e-16)
(1.48031e-16 8.76743e-18 0 1.48029e-16 0 1.4803e-16)
(1.4803e-16 6.22791e-18 0 1.4803e-16 0 1.4803e-16)
(1.48029e-16 6.22958e-18 0 1.4803e-16 0 1.4803e-16)
(1.48029e-16 6.2305e-18 0 1.4803e-16 0 1.4803e-16)
(1.4803e-16 6.22939e-18 0 1.48029e-16 0 1.4803e-16)
(1.4803e-16 3.90917e-18 0 1.4803e-16 0 1.4803e-16)
(1.4803e-16 3.9092e-18 0 1.4803e-16 0 1.4803e-16)
(1.4803e-16 3.91089e-18 0 1.4803e-16 0 1.4803e-16)
(1.4803e-16 3.91056e-18 0 1.4803e-16 0 1.4803e-16)
(1.4803e-16 2.03634e-18 0 1.4803e-16 0 1.4803e-16)
(1.4803e-16 2.03611e-18 0 1.4803e-16 0 1.4803e-16)
(1.4803e-16 2.03744e-18 0 1.4803e-16 0 1.4803e-16)
(1.4803e-16 2.0371e-18 0 1.4803e-16 0 1.4803e-16)
(1.4803e-16 7.65265e-19 0 1.4803e-16 0 1.4803e-16)
(1.4803e-16 7.65098e-19 0 1.4803e-16 0 1.4803e-16)
(1.4803e-16 7.65799e-19 0 1.4803e-16 0 1.4803e-16)
(1.4803e-16 7.65655e-19 0 1.4803e-16 0 1.4803e-16)
(1.4803e-16 1.4513e-19 0 1.4803e-16 0 1.4803e-16)
(1.4803e-16 1.45103e-19 0 1.4803e-16 0 1.4803e-16)
(1.4803e-16 1.45273e-19 0 1.4803e-16 0 1.4803e-16)
(1.4803e-16 1.45229e-19 0 1.4803e-16 0 1.4803e-16)
)
;

boundaryField
{
    topWall
    {
        type            kqRWallFunction;
        value           uniform (1.4803e-16 0 0 1.4803e-16 0 1.4803e-16);
    }
    botWall
    {
        type            kqRWallFunction;
        value           uniform (1.4803e-16 0 0 1.4803e-16 0 1.4803e-16);
    }
    inlet
    {
        type            cyclic;
    }
    outlet
    {
        type            cyclic;
    }
    fixWall
    {
        type            empty;
    }
}


// ************************************************************************* //
