/*--------------------------------*- C++ -*----------------------------------*\
  =========                 |
  \\      /  F ield         | OpenFOAM: The Open Source CFD Toolbox
   \\    /   O peration     | Website:  https://openfoam.org
    \\  /    A nd           | Version:  dev
     \\/     M anipulation  |

   OpenFOAM for Windows 20.09 (v1)
   Built by CFD Support, www.cfdsupport.com (based on Symscape).
\*---------------------------------------------------------------------------*/
FoamFile
{
    version     2.0;
    format      ascii;
    class       volSymmTensorField;
    location    "8";
    object      UPrime2Mean;
}
// * * * * * * * * * * * * * * * * * * * * * * * * * * * * * * * * * * * * * //

dimensions      [0 2 -2 0 0 0 0];

internalField   nonuniform List<symmTensor> 
960
(
(8.39458e-08 -7.28233e-10 0 5.1707e-11 0 0)
(8.10888e-08 -3.14231e-11 0 1.32814e-14 0 0)
(8.43994e-08 4.83193e-12 0 4.86026e-16 0 0)
(8.75583e-08 -7.06537e-12 0 1.50314e-15 0 0)
(7.82808e-07 8.66643e-11 0 1.31232e-12 0 0)
(7.58632e-07 -6.47316e-11 0 1.00074e-13 0 0)
(7.57794e-07 -4.56972e-11 0 3.80482e-15 0 0)
(7.82093e-07 -1.43837e-10 0 6.90937e-14 0 0)
(2.16278e-06 -2.12235e-09 0 2.36877e-11 0 0)
(2.10291e-06 1.22054e-10 0 4.27635e-13 0 0)
(2.08691e-06 -1.60882e-10 0 2.11782e-14 0 0)
(2.14683e-06 -5.45396e-10 0 3.95745e-13 0 0)
(4.17348e-06 -9.24658e-10 0 1.9218e-12 0 0)
(4.07287e-06 8.42014e-10 0 1.41678e-12 0 0)
(4.03274e-06 -3.8968e-10 0 8.41328e-14 0 0)
(4.13428e-06 -1.28144e-09 0 1.13508e-12 0 0)
(6.73969e-06 -7.57274e-10 0 5.56557e-12 0 0)
(6.59998e-06 1.85854e-09 0 2.95957e-12 0 0)
(6.53273e-06 -6.61808e-10 0 1.8808e-13 0 0)
(6.67583e-06 -2.2943e-09 0 2.38818e-12 0 0)
(9.77931e-06 -1.80203e-09 0 8.31732e-12 0 0)
(9.60032e-06 3.55535e-09 0 5.52845e-12 0 0)
(9.50538e-06 -1.01434e-09 0 3.81572e-13 0 0)
(9.68885e-06 -3.63142e-09 0 4.09087e-12 0 0)
(1.31927e-05 -2.47823e-09 0 1.28172e-11 0 0)
(1.29792e-05 5.371e-09 0 8.44047e-12 0 0)
(1.28573e-05 -1.39838e-09 0 6.41613e-13 0 0)
(1.30775e-05 -5.10757e-09 0 6.36156e-12 0 0)
(1.68826e-05 -3.17079e-09 0 1.89748e-11 0 0)
(1.66376e-05 8.02362e-09 0 1.27989e-11 0 0)
(1.64895e-05 -1.79774e-09 0 1.02176e-12 0 0)
(1.67439e-05 -6.93885e-09 0 9.04689e-12 0 0)
(2.07465e-05 -4.30488e-09 0 2.22017e-11 0 0)
(2.04774e-05 1.0459e-08 0 1.68062e-11 0 0)
(2.03008e-05 -2.22481e-09 0 1.51146e-12 0 0)
(2.05846e-05 -8.72977e-09 0 1.2314e-11 0 0)
(2.46896e-05 -5.06216e-09 0 3.09083e-11 0 0)
(2.44002e-05 1.389e-08 0 2.28589e-11 0 0)
(2.41961e-05 -2.58839e-09 0 2.13022e-12 0 0)
(2.45061e-05 -1.09867e-08 0 1.59884e-11 0 0)
(2.86256e-05 -6.25998e-09 0 3.48297e-11 0 0)
(2.83225e-05 1.67293e-08 0 2.74721e-11 0 0)
(2.80852e-05 -2.89935e-09 0 2.92195e-12 0 0)
(2.84139e-05 -1.30621e-08 0 2.02904e-11 0 0)
(3.24744e-05 -7.21124e-09 0 4.38715e-11 0 0)
(3.21624e-05 2.08039e-08 0 3.55307e-11 0 0)
(3.18964e-05 -3.16638e-09 0 3.81835e-12 0 0)
(3.22368e-05 -1.55903e-08 0 2.49509e-11 0 0)
(3.61769e-05 -8.2214e-09 0 4.85889e-11 0 0)
(3.58592e-05 2.40033e-08 0 4.10731e-11 0 0)
(3.55572e-05 -3.08591e-09 0 5.02248e-12 0 0)
(3.58986e-05 -1.81329e-08 0 3.08105e-11 0 0)
(3.968e-05 -9.19835e-09 0 5.71526e-11 0 0)
(3.93615e-05 2.80979e-08 0 4.96441e-11 0 0)
(3.90253e-05 -3.13027e-09 0 6.3413e-12 0 0)
(3.93596e-05 -2.06975e-08 0 3.61914e-11 0 0)
(4.29593e-05 -1.01828e-08 0 6.31432e-11 0 0)
(4.26349e-05 3.24433e-08 0 5.81128e-11 0 0)
(4.2247e-05 -2.53226e-09 0 7.9055e-12 0 0)
(4.25664e-05 -2.29976e-08 0 4.13151e-11 0 0)
(4.59789e-05 -1.07119e-08 0 6.83098e-11 0 0)
(4.56666e-05 3.59132e-08 0 6.59538e-11 0 0)
(4.52369e-05 -1.7786e-09 0 1.04048e-11 0 0)
(4.55218e-05 -2.55895e-08 0 4.64457e-11 0 0)
(4.87172e-05 -1.14945e-08 0 7.38437e-11 0 0)
(4.84195e-05 4.09365e-08 0 7.86348e-11 0 0)
(4.7937e-05 -5.46698e-10 0 1.26772e-11 0 0)
(4.81872e-05 -2.77784e-08 0 5.05255e-11 0 0)
(5.11681e-05 -1.19983e-08 0 7.76145e-11 0 0)
(5.08845e-05 4.46385e-08 0 8.82707e-11 0 0)
(5.03596e-05 1.19475e-09 0 1.61081e-11 0 0)
(5.05918e-05 -3.01021e-08 0 5.52759e-11 0 0)
(5.3348e-05 -1.24119e-08 0 8.20338e-11 0 0)
(5.3075e-05 4.93484e-08 0 1.02027e-10 0 0)
(5.25028e-05 2.9517e-09 0 1.96425e-11 0 0)
(5.2726e-05 -3.28414e-08 0 6.13179e-11 0 0)
(5.52634e-05 -1.33102e-08 0 8.71419e-11 0 0)
(5.49967e-05 5.36029e-08 0 1.14015e-10 0 0)
(5.43869e-05 5.15888e-09 0 2.38218e-11 0 0)
(5.46168e-05 -3.50926e-08 0 6.69309e-11 0 0)
(5.69381e-05 -1.31837e-08 0 9.03758e-11 0 0)
(5.66778e-05 5.82896e-08 0 1.28805e-10 0 0)
(5.60297e-05 7.42209e-09 0 2.87733e-11 0 0)
(5.62708e-05 -3.80478e-08 0 7.37784e-11 0 0)
(5.83894e-05 -1.40588e-08 0 9.56888e-11 0 0)
(5.81308e-05 6.25751e-08 0 1.42526e-10 0 0)
(5.74533e-05 9.79575e-09 0 3.40757e-11 0 0)
(5.77144e-05 -4.06688e-08 0 8.11066e-11 0 0)
(5.96435e-05 -1.37341e-08 0 9.93349e-11 0 0)
(5.93878e-05 6.72657e-08 0 1.58778e-10 0 0)
(5.86819e-05 1.21897e-08 0 4.02054e-11 0 0)
(5.89648e-05 -4.39889e-08 0 9.03963e-11 0 0)
(6.07214e-05 -1.45525e-08 0 1.043e-10 0 0)
(6.0467e-05 7.18611e-08 0 1.75857e-10 0 0)
(5.97394e-05 1.468e-08 0 4.6462e-11 0 0)
(6.00481e-05 -4.69634e-08 0 9.92633e-11 0 0)
(6.16454e-05 -1.4173e-08 0 1.09665e-10 0 0)
(6.13962e-05 7.62317e-08 0 1.92264e-10 0 0)
(6.06524e-05 1.70345e-08 0 5.35092e-11 0 0)
(6.09863e-05 -5.07443e-08 0 1.11539e-10 0 0)
(6.24393e-05 -1.51032e-08 0 1.14018e-10 0 0)
(6.21975e-05 8.09886e-08 0 2.11458e-10 0 0)
(6.14449e-05 1.94567e-08 0 6.0277e-11 0 0)
(6.1805e-05 -5.40377e-08 0 1.22135e-10 0 0)
(6.31206e-05 -1.44003e-08 0 1.19054e-10 0 0)
(6.28935e-05 8.55279e-08 0 2.3178e-10 0 0)
(6.21438e-05 2.1922e-08 0 6.78214e-11 0 0)
(6.25304e-05 -5.81142e-08 0 1.36919e-10 0 0)
(6.3714e-05 -1.53875e-08 0 1.25316e-10 0 0)
(6.35097e-05 8.95358e-08 0 2.52561e-10 0 0)
(6.27746e-05 2.32944e-08 0 7.44394e-11 0 0)
(6.31843e-05 -6.21529e-08 0 1.51575e-10 0 0)
(6.42276e-05 -1.47112e-08 0 1.28365e-10 0 0)
(6.40619e-05 9.41775e-08 0 2.7199e-10 0 0)
(6.33686e-05 2.61815e-08 0 8.20692e-11 0 0)
(6.37993e-05 -6.62815e-08 0 1.67118e-10 0 0)
(6.46899e-05 -1.63681e-08 0 1.3707e-10 0 0)
(6.458e-05 9.70996e-08 0 2.87362e-10 0 0)
(6.39526e-05 2.68434e-08 0 8.81228e-11 0 0)
(6.43887e-05 -7.04574e-08 0 1.82804e-10 0 0)
(6.50767e-05 -1.65992e-08 0 1.40926e-10 0 0)
(6.50807e-05 9.94948e-08 0 2.92124e-10 0 0)
(6.45435e-05 2.85921e-08 0 9.52029e-11 0 0)
(6.49681e-05 -7.41711e-08 0 1.96503e-10 0 0)
(6.55141e-05 -1.84802e-08 0 1.4745e-10 0 0)
(6.5599e-05 1.02118e-07 0 2.98814e-10 0 0)
(6.51188e-05 2.99739e-08 0 1.00705e-10 0 0)
(6.55448e-05 -7.80291e-08 0 2.0875e-10 0 0)
(6.59984e-05 -1.97007e-08 0 1.53874e-10 0 0)
(6.61392e-05 1.02919e-07 0 2.99933e-10 0 0)
(6.57069e-05 2.98001e-08 0 1.06082e-10 0 0)
(6.6149e-05 -8.16796e-08 0 2.20217e-10 0 0)
(6.6557e-05 -2.13822e-08 0 1.60056e-10 0 0)
(6.67354e-05 1.0462e-07 0 2.99686e-10 0 0)
(6.63328e-05 3.10819e-08 0 1.11265e-10 0 0)
(6.67854e-05 -8.61425e-08 0 2.34547e-10 0 0)
(6.71997e-05 -2.31149e-08 0 1.65595e-10 0 0)
(6.74014e-05 1.05831e-07 0 3.02608e-10 0 0)
(6.70243e-05 3.08994e-08 0 1.15527e-10 0 0)
(6.74885e-05 -8.99217e-08 0 2.45456e-10 0 0)
(6.79523e-05 -2.57748e-08 0 1.75646e-10 0 0)
(6.81705e-05 1.06317e-07 0 2.95937e-10 0 0)
(6.78097e-05 3.1213e-08 0 1.19076e-10 0 0)
(6.82749e-05 -9.43797e-08 0 2.59912e-10 0 0)
(6.88339e-05 -2.77764e-08 0 1.82964e-10 0 0)
(6.90628e-05 1.07483e-07 0 2.95094e-10 0 0)
(6.87187e-05 3.18314e-08 0 1.22591e-10 0 0)
(6.91796e-05 -9.84788e-08 0 2.71971e-10 0 0)
(6.98739e-05 -3.1319e-08 0 1.91771e-10 0 0)
(7.01101e-05 1.08423e-07 0 2.9058e-10 0 0)
(6.9783e-05 3.16578e-08 0 1.25447e-10 0 0)
(7.02295e-05 -1.02591e-07 0 2.84999e-10 0 0)
(7.10967e-05 -3.31614e-08 0 2.03138e-10 0 0)
(7.13408e-05 1.09027e-07 0 2.87822e-10 0 0)
(7.10366e-05 3.26106e-08 0 1.26798e-10 0 0)
(7.14615e-05 -1.07156e-07 0 2.98537e-10 0 0)
(7.25401e-05 -3.77966e-08 0 2.10783e-10 0 0)
(7.27879e-05 1.10507e-07 0 2.83924e-10 0 0)
(7.25151e-05 3.2172e-08 0 1.30673e-10 0 0)
(7.29078e-05 -1.108e-07 0 3.10123e-10 0 0)
(7.42316e-05 -3.9506e-08 0 2.25027e-10 0 0)
(7.44881e-05 1.10415e-07 0 2.77433e-10 0 0)
(7.42593e-05 3.31574e-08 0 1.29918e-10 0 0)
(7.46107e-05 -1.15844e-07 0 3.2518e-10 0 0)
(7.62187e-05 -4.43672e-08 0 2.31457e-10 0 0)
(7.64764e-05 1.12854e-07 0 2.78393e-10 0 0)
(7.6308e-05 3.38404e-08 0 1.30118e-10 0 0)
(7.66077e-05 -1.17492e-07 0 3.18884e-10 0 0)
(7.85319e-05 -4.74806e-08 0 2.48659e-10 0 0)
(7.88008e-05 1.12182e-07 0 2.65897e-10 0 0)
(7.87147e-05 3.35783e-08 0 1.30677e-10 0 0)
(7.89507e-05 -1.24707e-07 0 3.53256e-10 0 0)
(8.12293e-05 -5.05624e-08 0 2.49013e-10 0 0)
(8.14871e-05 1.13739e-07 0 2.64328e-10 0 0)
(8.15127e-05 3.5257e-08 0 1.27816e-10 0 0)
(8.16831e-05 -1.24489e-07 0 3.2739e-10 0 0)
(8.43429e-05 -5.60581e-08 0 2.72859e-10 0 0)
(8.46007e-05 1.1382e-07 0 2.52224e-10 0 0)
(8.47709e-05 3.44308e-08 0 1.26237e-10 0 0)
(8.48642e-05 -1.29827e-07 0 3.46371e-10 0 0)
(8.79267e-05 -5.81421e-08 0 2.72871e-10 0 0)
(8.81376e-05 1.12401e-07 0 2.34244e-10 0 0)
(8.85015e-05 3.33012e-08 0 1.25938e-10 0 0)
(8.85534e-05 -1.32401e-07 0 3.45637e-10 0 0)
(9.20541e-05 -6.17867e-08 0 2.79255e-10 0 0)
(9.22708e-05 1.13237e-07 0 2.25066e-10 0 0)
(9.27767e-05 3.33291e-08 0 1.17698e-10 0 0)
(9.27689e-05 -1.30975e-07 0 3.10386e-10 0 0)
(9.67989e-05 -6.45016e-08 0 2.86065e-10 0 0)
(9.70012e-05 1.11265e-07 0 2.0449e-10 0 0)
(9.76323e-05 3.04762e-08 0 1.13767e-10 0 0)
(9.75601e-05 -1.36548e-07 0 3.28557e-10 0 0)
(0.000102187 -6.78471e-08 0 2.77265e-10 0 0)
(0.000102408 1.11683e-07 0 1.92135e-10 0 0)
(0.000103138 2.96994e-08 0 1.07902e-10 0 0)
(0.000102994 -1.34236e-07 0 2.92827e-10 0 0)
(0.000108308 -6.92812e-08 0 2.82103e-10 0 0)
(0.000108528 1.09421e-07 0 1.73962e-10 0 0)
(0.000109343 2.81167e-08 0 9.95631e-11 0 0)
(0.000109125 -1.37541e-07 0 2.87651e-10 0 0)
(0.000115175 -7.54002e-08 0 2.80558e-10 0 0)
(0.000115425 1.09391e-07 0 1.60084e-10 0 0)
(0.000116303 2.56795e-08 0 9.63008e-11 0 0)
(0.000116012 -1.3711e-07 0 2.71533e-10 0 0)
(0.000122879 -7.54042e-08 0 2.81513e-10 0 0)
(0.000123137 1.06066e-07 0 1.40642e-10 0 0)
(0.000124068 2.44521e-08 0 8.91566e-11 0 0)
(0.000123702 -1.38086e-07 0 2.52446e-10 0 0)
(0.000131402 -8.34081e-08 0 2.8314e-10 0 0)
(0.000131709 1.06406e-07 0 1.30918e-10 0 0)
(0.000132674 2.23029e-08 0 8.40448e-11 0 0)
(0.000132239 -1.37327e-07 0 2.35822e-10 0 0)
(0.000140833 -8.25513e-08 0 2.83497e-10 0 0)
(0.000141165 1.01788e-07 0 1.12514e-10 0 0)
(0.000142156 2.12139e-08 0 7.6952e-11 0 0)
(0.000141652 -1.37273e-07 0 2.16869e-10 0 0)
(0.000151098 -9.41667e-08 0 2.9353e-10 0 0)
(0.000151522 1.03114e-07 0 1.07425e-10 0 0)
(0.000152524 1.94943e-08 0 7.27215e-11 0 0)
(0.000151952 -1.35963e-07 0 1.99059e-10 0 0)
(0.000162278 -9.07117e-08 0 2.88408e-10 0 0)
(0.00016277 9.76455e-08 0 9.53173e-11 0 0)
(0.000163788 1.94669e-08 0 6.04012e-11 0 0)
(0.000163136 -1.3401e-07 0 1.79073e-10 0 0)
(0.000174229 -1.0967e-07 0 3.21923e-10 0 0)
(0.000174886 9.41457e-08 0 7.7452e-11 0 0)
(0.000175913 1.54764e-08 0 6.88919e-11 0 0)
(0.000175183 -1.33481e-07 0 1.66808e-10 0 0)
(0.000187008 -1.01537e-07 0 2.96731e-10 0 0)
(0.000187788 8.60879e-08 0 6.70876e-11 0 0)
(0.000188876 1.50337e-08 0 5.5164e-11 0 0)
(0.000188037 -1.31002e-07 0 1.55973e-10 0 0)
(0.000200396 -1.32955e-07 0 3.87156e-10 0 0)
(0.000201388 8.83335e-08 0 7.72364e-11 0 0)
(0.000202559 1.89261e-08 0 4.63865e-11 0 0)
(0.000201633 -1.20574e-07 0 1.12175e-10 0 0)
(0.000215038 -1.35085e-07 0 4.26212e-10 0 0)
(0.000216008 5.97188e-08 0 4.63517e-11 0 0)
(0.000217328 1.27573e-08 0 5.36711e-11 0 0)
(0.000216304 -1.23929e-07 0 1.24651e-10 0 0)
(8.80436e-08 2.87956e-12 0 1.96197e-16 0 0)
(8.93706e-08 -6.56472e-12 0 1.76991e-15 0 0)
(8.65812e-08 1.75614e-11 0 4.17616e-15 0 0)
(8.51549e-08 -1.41714e-11 0 4.40714e-15 0 0)
(7.84183e-07 -1.06015e-12 0 4.79458e-15 0 0)
(7.92841e-07 -5.31071e-11 0 1.88551e-14 0 0)
(7.74907e-07 2.16414e-10 0 6.4529e-14 0 0)
(7.6687e-07 -3.9408e-11 0 2.15861e-13 0 0)
(2.14777e-06 6.86194e-12 0 2.86915e-14 0 0)
(2.16647e-06 -1.29559e-10 0 7.14959e-14 0 0)
(2.12831e-06 7.4655e-10 0 2.83879e-13 0 0)
(2.11043e-06 -2.72477e-10 0 6.63559e-13 0 0)
(4.12866e-06 -4.31704e-11 0 1.12446e-13 0 0)
(4.15804e-06 -2.54142e-10 0 1.67474e-13 0 0)
(4.09903e-06 1.59787e-09 0 7.12214e-13 0 0)
(4.0698e-06 -6.38106e-10 0 1.52426e-12 0 0)
(6.65887e-06 3.97133e-11 0 2.90605e-13 0 0)
(6.69961e-06 -3.49699e-10 0 2.74542e-13 0 0)
(6.62196e-06 2.88107e-09 0 1.51892e-12 0 0)
(6.57921e-06 -1.47096e-09 0 2.76892e-12 0 0)
(9.6572e-06 -5.52069e-11 0 6.06835e-13 0 0)
(9.71014e-06 -5.46512e-10 0 4.39423e-13 0 0)
(9.61778e-06 4.37709e-09 0 2.57825e-12 0 0)
(9.56204e-06 -2.38047e-09 0 4.34087e-12 0 0)
(1.3031e-05 2.4553e-10 0 1.14089e-12 0 0)
(1.30971e-05 -7.06741e-10 0 5.74029e-13 0 0)
(1.29947e-05 6.34858e-09 0 4.22692e-12 0 0)
(1.29238e-05 -3.91949e-09 0 6.37245e-12 0 0)
(1.66839e-05 3.01964e-11 0 1.7998e-12 0 0)
(1.67625e-05 -1.04901e-09 0 7.98453e-13 0 0)
(1.66552e-05 8.35708e-09 0 6.02609e-12 0 0)
(1.65689e-05 -5.31523e-09 0 8.56801e-12 0 0)
(2.05162e-05 6.22028e-10 0 2.90308e-12 0 0)
(2.0608e-05 -1.38691e-09 0 9.53773e-13 0 0)
(2.05007e-05 1.08972e-08 0 8.58309e-12 0 0)
(2.03961e-05 -7.41609e-09 0 1.12042e-11 0 0)
(2.4434e-05 1.71021e-10 0 3.89903e-12 0 0)
(2.4537e-05 -1.9232e-09 0 1.2732e-12 0 0)
(2.44346e-05 1.32497e-08 0 1.10665e-11 0 0)
(2.43127e-05 -9.13458e-09 0 1.3928e-11 0 0)
(2.83469e-05 9.29164e-10 0 5.68674e-12 0 0)
(2.84642e-05 -2.54942e-09 0 1.52404e-12 0 0)
(2.83717e-05 1.61971e-08 0 1.4369e-11 0 0)
(2.82303e-05 -1.14727e-08 0 1.65644e-11 0 0)
(3.21776e-05 2.45319e-10 0 7.02914e-12 0 0)
(3.23075e-05 -3.30688e-09 0 1.91953e-12 0 0)
(3.22319e-05 1.86959e-08 0 1.73296e-11 0 0)
(3.20744e-05 -1.33866e-08 0 1.98716e-11 0 0)
(3.58583e-05 8.7863e-10 0 9.46218e-12 0 0)
(3.60088e-05 -4.29998e-09 0 2.37428e-12 0 0)
(3.59559e-05 2.18139e-08 0 2.09403e-11 0 0)
(3.57818e-05 -1.52788e-08 0 2.19638e-11 0 0)
(3.93373e-05 -5.77627e-11 0 1.10338e-11 0 0)
(3.95077e-05 -5.47294e-09 0 3.31066e-12 0 0)
(3.94847e-05 2.45421e-08 0 2.45348e-11 0 0)
(3.9298e-05 -1.7348e-08 0 2.44097e-11 0 0)
(4.25769e-05 -2.02961e-10 0 1.35424e-11 0 0)
(4.2773e-05 -6.88437e-09 0 3.86043e-12 0 0)
(4.27874e-05 2.69185e-08 0 2.69211e-11 0 0)
(4.2595e-05 -1.90295e-08 0 2.5773e-11 0 0)
(4.55309e-05 -1.05118e-09 0 1.54001e-11 0 0)
(4.57596e-05 -8.94873e-09 0 5.28032e-12 0 0)
(4.58417e-05 2.95614e-08 0 3.08999e-11 0 0)
(4.56381e-05 -2.12115e-08 0 2.43178e-11 0 0)
(4.82286e-05 -2.07013e-09 0 1.72284e-11 0 0)
(4.84891e-05 -1.12143e-08 0 6.45296e-12 0 0)
(4.86088e-05 3.12761e-08 0 3.37718e-11 0 0)
(4.83934e-05 -2.25456e-08 0 2.28517e-11 0 0)
(5.06652e-05 -2.57615e-09 0 2.02273e-11 0 0)
(5.09499e-05 -1.39311e-08 0 7.88316e-12 0 0)
(5.10972e-05 3.35919e-08 0 3.68178e-11 0 0)
(5.08618e-05 -2.4112e-08 0 2.14482e-11 0 0)
(5.2845e-05 -4.83556e-09 0 2.19862e-11 0 0)
(5.31523e-05 -1.65752e-08 0 1.01014e-11 0 0)
(5.33168e-05 3.5279e-08 0 4.00887e-11 0 0)
(5.30582e-05 -2.48678e-08 0 2.01177e-11 0 0)
(5.47753e-05 -5.5239e-09 0 2.5363e-11 0 0)
(5.50912e-05 -1.95654e-08 0 1.20942e-11 0 0)
(5.52682e-05 3.75345e-08 0 4.31629e-11 0 0)
(5.49895e-05 -2.57973e-08 0 1.94476e-11 0 0)
(5.64727e-05 -8.2747e-09 0 2.7901e-11 0 0)
(5.67933e-05 -2.25217e-08 0 1.46705e-11 0 0)
(5.69741e-05 3.91661e-08 0 4.59753e-11 0 0)
(5.66744e-05 -2.64433e-08 0 1.86455e-11 0 0)
(5.79524e-05 -9.64168e-09 0 3.11013e-11 0 0)
(5.8267e-05 -2.55324e-08 0 1.74473e-11 0 0)
(5.84483e-05 4.1307e-08 0 4.94436e-11 0 0)
(5.81343e-05 -2.72603e-08 0 1.8484e-11 0 0)
(5.92392e-05 -1.22594e-08 0 3.46018e-11 0 0)
(5.95442e-05 -2.8532e-08 0 2.03122e-11 0 0)
(5.97179e-05 4.30546e-08 0 5.24353e-11 0 0)
(5.93897e-05 -2.75302e-08 0 1.83409e-11 0 0)
(6.03535e-05 -1.43266e-08 0 3.78725e-11 0 0)
(6.06404e-05 -3.12404e-08 0 2.33963e-11 0 0)
(6.08024e-05 4.51728e-08 0 5.63047e-11 0 0)
(6.04656e-05 -2.82352e-08 0 1.89773e-11 0 0)
(6.13207e-05 -1.65285e-08 0 4.20182e-11 0 0)
(6.15864e-05 -3.41498e-08 0 2.651e-11 0 0)
(6.17307e-05 4.70624e-08 0 5.95495e-11 0 0)
(6.13847e-05 -2.84033e-08 0 1.95041e-11 0 0)
(6.21644e-05 -1.90977e-08 0 4.528e-11 0 0)
(6.23989e-05 -3.61756e-08 0 2.96252e-11 0 0)
(6.252e-05 4.93819e-08 0 6.43996e-11 0 0)
(6.21709e-05 -2.9276e-08 0 2.0941e-11 0 0)
(6.29095e-05 -2.08095e-08 0 4.99762e-11 0 0)
(6.31074e-05 -3.89245e-08 0 3.26415e-11 0 0)
(6.32025e-05 5.12742e-08 0 6.82482e-11 0 0)
(6.28477e-05 -2.89618e-08 0 2.17352e-11 0 0)
(6.35808e-05 -2.38733e-08 0 5.29085e-11 0 0)
(6.37285e-05 -4.06095e-08 0 3.5624e-11 0 0)
(6.37897e-05 5.35309e-08 0 7.17812e-11 0 0)
(6.34373e-05 -2.95697e-08 0 2.36305e-11 0 0)
(6.41995e-05 -2.50302e-08 0 5.75075e-11 0 0)
(6.4289e-05 -4.22259e-08 0 3.85512e-11 0 0)
(6.43188e-05 5.60271e-08 0 7.87e-11 0 0)
(6.39631e-05 -2.97269e-08 0 2.53073e-11 0 0)
(6.47895e-05 -2.72647e-08 0 6.20038e-11 0 0)
(6.48084e-05 -4.34821e-08 0 4.05914e-11 0 0)
(6.47977e-05 5.82971e-08 0 8.21967e-11 0 0)
(6.44492e-05 -3.01033e-08 0 2.71648e-11 0 0)
(6.5368e-05 -2.87303e-08 0 6.52511e-11 0 0)
(6.5339e-05 -4.31855e-08 0 4.21303e-11 0 0)
(6.52782e-05 6.08815e-08 0 8.98021e-11 0 0)
(6.48739e-05 -3.09008e-08 0 2.9961e-11 0 0)
(6.59592e-05 -2.98061e-08 0 6.92438e-11 0 0)
(6.58692e-05 -4.30373e-08 0 4.28675e-11 0 0)
(6.57422e-05 6.37549e-08 0 9.90958e-11 0 0)
(6.53153e-05 -2.98304e-08 0 3.07212e-11 0 0)
(6.65643e-05 -3.22836e-08 0 7.11872e-11 0 0)
(6.64319e-05 -4.19399e-08 0 4.30358e-11 0 0)
(6.62496e-05 6.62554e-08 0 1.04998e-10 0 0)
(6.57922e-05 -2.92539e-08 0 3.26195e-11 0 0)
(6.72019e-05 -3.28373e-08 0 7.42852e-11 0 0)
(6.70386e-05 -4.07325e-08 0 4.34238e-11 0 0)
(6.68006e-05 6.97041e-08 0 1.17118e-10 0 0)
(6.63254e-05 -2.79652e-08 0 3.43599e-11 0 0)
(6.78995e-05 -3.52637e-08 0 7.58828e-11 0 0)
(6.77185e-05 -3.90494e-08 0 4.42187e-11 0 0)
(6.74341e-05 7.31447e-08 0 1.26974e-10 0 0)
(6.69419e-05 -2.68738e-08 0 3.54799e-11 0 0)
(6.86771e-05 -3.58072e-08 0 7.87617e-11 0 0)
(6.84872e-05 -3.75276e-08 0 4.40275e-11 0 0)
(6.81598e-05 7.70311e-08 0 1.38349e-10 0 0)
(6.76593e-05 -2.6274e-08 0 3.81312e-11 0 0)
(6.95685e-05 -3.75554e-08 0 7.94892e-11 0 0)
(6.93774e-05 -3.49319e-08 0 4.59546e-11 0 0)
(6.90137e-05 8.14707e-08 0 1.53492e-10 0 0)
(6.85091e-05 -2.5871e-08 0 3.93339e-11 0 0)
(7.05981e-05 -3.85247e-08 0 8.16575e-11 0 0)
(7.04119e-05 -3.33544e-08 0 4.56521e-11 0 0)
(7.00157e-05 8.57294e-08 0 1.66014e-10 0 0)
(6.95145e-05 -2.5311e-08 0 4.20663e-11 0 0)
(7.18037e-05 -3.98106e-08 0 8.21301e-11 0 0)
(7.16254e-05 -3.04047e-08 0 4.87593e-11 0 0)
(7.12029e-05 9.07304e-08 0 1.82554e-10 0 0)
(7.07096e-05 -2.5248e-08 0 4.3792e-11 0 0)
(7.32154e-05 -4.12851e-08 0 8.24916e-11 0 0)
(7.30501e-05 -2.89647e-08 0 4.82521e-11 0 0)
(7.26015e-05 9.53603e-08 0 1.96625e-10 0 0)
(7.21255e-05 -2.53209e-08 0 4.59764e-11 0 0)
(7.48739e-05 -4.21464e-08 0 8.27694e-11 0 0)
(7.47199e-05 -2.59384e-08 0 5.19285e-11 0 0)
(7.42535e-05 1.00723e-07 0 2.13116e-10 0 0)
(7.38018e-05 -2.49569e-08 0 4.8925e-11 0 0)
(7.68183e-05 -4.28884e-08 0 8.39308e-11 0 0)
(7.66785e-05 -2.365e-08 0 5.32193e-11 0 0)
(7.61907e-05 1.06117e-07 0 2.30504e-10 0 0)
(7.57772e-05 -2.58354e-08 0 5.20294e-11 0 0)
(7.90908e-05 -4.528e-08 0 7.77323e-11 0 0)
(7.89545e-05 -2.16651e-08 0 5.53696e-11 0 0)
(7.84633e-05 1.11567e-07 0 2.45149e-10 0 0)
(7.81029e-05 -2.79449e-08 0 5.27591e-11 0 0)
(8.17382e-05 -4.37817e-08 0 8.19995e-11 0 0)
(8.16056e-05 -1.86259e-08 0 5.70634e-11 0 0)
(8.11085e-05 1.1701e-07 0 2.60639e-10 0 0)
(8.08215e-05 -2.67913e-08 0 5.94617e-11 0 0)
(8.48021e-05 -4.66564e-08 0 7.38101e-11 0 0)
(8.46518e-05 -1.70504e-08 0 6.09843e-11 0 0)
(8.4185e-05 1.23089e-07 0 2.7667e-10 0 0)
(8.39975e-05 -3.0772e-08 0 5.90049e-11 0 0)
(8.83815e-05 -4.60991e-08 0 7.08981e-11 0 0)
(8.82026e-05 -1.4593e-08 0 6.06459e-11 0 0)
(8.776e-05 1.27062e-07 0 2.80843e-10 0 0)
(8.76874e-05 -2.99335e-08 0 6.29241e-11 0 0)
(9.24915e-05 -4.44899e-08 0 7.20739e-11 0 0)
(9.22942e-05 -1.17209e-08 0 6.6051e-11 0 0)
(9.18825e-05 1.32646e-07 0 2.918e-10 0 0)
(9.18882e-05 -2.98131e-08 0 6.88797e-11 0 0)
(9.71948e-05 -4.58671e-08 0 6.1106e-11 0 0)
(9.7005e-05 -8.90678e-09 0 6.94147e-11 0 0)
(9.65946e-05 1.36765e-07 0 2.91828e-10 0 0)
(9.66685e-05 -3.42882e-08 0 6.78419e-11 0 0)
(0.000102552 -4.27125e-08 0 6.19612e-11 0 0)
(0.000102366 -7.34414e-09 0 7.01965e-11 0 0)
(0.00010196 1.4147e-07 0 2.93831e-10 0 0)
(0.000102094 -3.29844e-08 0 7.3962e-11 0 0)
(0.000108616 -4.21531e-08 0 5.4608e-11 0 0)
(0.00010845 -2.84555e-09 0 7.77449e-11 0 0)
(0.000108028 1.46608e-07 0 2.96757e-10 0 0)
(0.000108216 -3.74722e-08 0 7.72781e-11 0 0)
(0.00011544 -4.12442e-08 0 5.02794e-11 0 0)
(0.000115289 -3.026e-09 0 7.7631e-11 0 0)
(0.000114857 1.51389e-07 0 2.94247e-10 0 0)
(0.000115096 -3.87244e-08 0 7.79682e-11 0 0)
(0.000123071 -3.85187e-08 0 4.66883e-11 0 0)
(0.000122939 2.39808e-09 0 8.41028e-11 0 0)
(0.00012249 1.56673e-07 0 2.96607e-10 0 0)
(0.000122771 -4.14592e-08 0 8.59095e-11 0 0)
(0.000131546 -3.77594e-08 0 4.24637e-11 0 0)
(0.000131424 2.25347e-09 0 8.77184e-11 0 0)
(0.000130967 1.62189e-07 0 2.93416e-10 0 0)
(0.000131293 -4.33823e-08 0 8.65914e-11 0 0)
(0.000140895 -3.45376e-08 0 4.00066e-11 0 0)
(0.000140776 7.42552e-09 0 8.95128e-11 0 0)
(0.000140316 1.67567e-07 0 2.95293e-10 0 0)
(0.000140674 -4.80035e-08 0 9.48502e-11 0 0)
(0.000151128 -3.33436e-08 0 3.6454e-11 0 0)
(0.000150998 8.25143e-09 0 1.02563e-10 0 0)
(0.000150543 1.74041e-07 0 2.92599e-10 0 0)
(0.000150929 -4.96581e-08 0 9.62612e-11 0 0)
(0.000162249 -3.04676e-08 0 3.43211e-11 0 0)
(0.000162091 1.19127e-08 0 9.12552e-11 0 0)
(0.000161659 1.76897e-07 0 2.83097e-10 0 0)
(0.000162048 -5.91431e-08 0 9.65063e-11 0 0)
(0.000174235 -2.56776e-08 0 3.71931e-11 0 0)
(0.000174027 1.5124e-08 0 1.22599e-10 0 0)
(0.000173627 1.8934e-07 0 3.02452e-10 0 0)
(0.000173993 -5.17157e-08 0 1.24898e-10 0 0)
(0.000187058 -2.32888e-08 0 3.75259e-11 0 0)
(0.000186768 1.83625e-08 0 1.00715e-10 0 0)
(0.000186453 1.92382e-07 0 2.91948e-10 0 0)
(0.000186739 -6.46093e-08 0 1.17845e-10 0 0)
(0.000200622 -1.90367e-08 0 3.54099e-11 0 0)
(0.000200247 2.13707e-08 0 1.32317e-10 0 0)
(0.000200029 1.92053e-07 0 2.62474e-10 0 0)
(0.000200141 -7.37548e-08 0 1.05275e-10 0 0)
(0.000215308 -7.84743e-09 0 5.29309e-11 0 0)
(0.000214823 2.16365e-08 0 1.18843e-10 0 0)
(0.000214784 2.06361e-07 0 2.87237e-10 0 0)
(0.000214767 -7.50469e-08 0 1.43477e-10 0 0)
(0.000242211 -1.40075e-07 0 3.69753e-10 0 0)
(0.000242385 8.14667e-08 0 6.4214e-11 0 0)
(0.000243936 1.684e-08 0 4.1276e-11 0 0)
(0.000243407 -1.24241e-07 0 1.01993e-10 0 0)
(0.000363862 -1.37389e-07 0 1.70666e-10 0 0)
(0.000350689 1.55144e-07 0 1.65354e-10 0 0)
(0.000352591 9.5556e-09 0 3.4126e-11 0 0)
(0.0003647 -1.39838e-07 0 6.66522e-11 0 0)
(0.000570646 -4.3644e-08 0 1.24437e-10 0 0)
(0.000558395 8.71819e-08 0 2.18846e-11 0 0)
(0.000562104 -1.13568e-07 0 2.01942e-10 0 0)
(0.00057424 -3.08319e-07 0 2.98151e-10 0 0)
(0.00081959 -1.82944e-07 0 1.49565e-10 0 0)
(0.000809378 3.58204e-07 0 2.35507e-10 0 0)
(0.000814689 -1.59742e-07 0 1.58981e-10 0 0)
(0.000825803 -3.24601e-07 0 1.31444e-10 0 0)
(0.00110518 1.19078e-07 0 4.04881e-11 0 0)
(0.00109775 2.43878e-07 0 8.83764e-11 0 0)
(0.00110393 -2.87014e-07 0 2.78709e-10 0 0)
(0.00111394 -4.9008e-07 0 3.36831e-10 0 0)
(0.00142149 -1.50706e-07 0 4.5889e-11 0 0)
(0.00141667 4.06775e-07 0 1.22522e-10 0 0)
(0.00142356 -4.17931e-07 0 4.71375e-10 0 0)
(0.00143192 -5.66331e-07 0 2.77919e-10 0 0)
(0.00176097 1.90854e-07 0 2.89871e-11 0 0)
(0.00175909 3.26061e-07 0 1.11671e-10 0 0)
(0.00176566 -4.8163e-07 0 3.71563e-10 0 0)
(0.00177255 -6.394e-07 0 3.50262e-10 0 0)
(0.0021164 -1.00844e-07 0 8.71904e-12 0 0)
(0.00211666 4.4927e-07 0 9.97698e-11 0 0)
(0.00212317 -6.34978e-07 0 5.83591e-10 0 0)
(0.00212838 -7.22365e-07 0 3.32881e-10 0 0)
(0.00247986 1.95181e-07 0 1.80854e-11 0 0)
(0.00248221 3.30619e-07 0 7.20613e-11 0 0)
(0.00248803 -6.83128e-07 0 4.76981e-10 0 0)
(0.00249175 -7.75635e-07 0 3.5746e-10 0 0)
(0.00284417 -7.35558e-08 0 3.80149e-12 0 0)
(0.00284811 4.34783e-07 0 6.92184e-11 0 0)
(0.00285351 -8.2673e-07 0 6.29029e-10 0 0)
(0.00285536 -8.12434e-07 0 3.25987e-10 0 0)
(0.00320201 1.64864e-07 0 1.01502e-11 0 0)
(0.0032077 2.89253e-07 0 4.12773e-11 0 0)
(0.00321187 -8.68592e-07 0 5.55107e-10 0 0)
(0.00321227 -8.75521e-07 0 3.37558e-10 0 0)
(0.00354792 -4.36922e-08 0 2.65687e-12 0 0)
(0.00355546 4.15774e-07 0 5.11079e-11 0 0)
(0.00355828 -9.10918e-07 0 5.36662e-10 0 0)
(0.00355697 -7.68541e-07 0 2.26395e-10 0 0)
(0.00387702 4.23818e-08 0 1.0257e-11 0 0)
(0.00388606 2.52848e-07 0 2.05738e-11 0 0)
(0.00388708 -9.96239e-07 0 5.90444e-10 0 0)
(0.00388467 -9.96402e-07 0 3.64812e-10 0 0)
(0.00418626 -1.58243e-08 0 2.95313e-12 0 0)
(0.00419601 3.12776e-07 0 2.62295e-11 0 0)
(0.0041959 -9.68745e-07 0 4.67653e-10 0 0)
(0.00419276 -7.63071e-07 0 1.94842e-10 0 0)
(0.00447314 -5.18664e-08 0 1.81427e-11 0 0)
(0.00448283 2.74436e-07 0 1.86884e-11 0 0)
(0.00448156 -1.01162e-06 0 5.03073e-10 0 0)
(0.00447782 -9.40561e-07 0 2.61576e-10 0 0)
(0.0047352 -4.31982e-08 0 1.31805e-11 0 0)
(0.0047443 1.54298e-07 0 1.0157e-11 0 0)
(0.00474288 -1.09303e-06 0 5.44512e-10 0 0)
(0.0047392 -9.61628e-07 0 2.70136e-10 0 0)
(0.00497278 -4.11074e-08 0 7.26448e-12 0 0)
(0.00498052 2.59072e-07 0 1.65986e-11 0 0)
(0.00497913 -1.00991e-06 0 4.07911e-10 0 0)
(0.00497549 -7.35806e-07 0 1.56606e-10 0 0)
(0.00518528 -3.7705e-08 0 1.75767e-11 0 0)
(0.00519135 1.17667e-07 0 4.59313e-12 0 0)
(0.00519058 -1.07182e-06 0 4.75554e-10 0 0)
(0.0051875 -1.01797e-06 0 2.76049e-10 0 0)
(0.00537405 -8.51279e-08 0 8.69953e-12 0 0)
(0.00537765 2.21131e-07 0 1.13019e-11 0 0)
(0.00537695 -1.05708e-06 0 4.01623e-10 0 0)
(0.00537485 -7.57707e-07 0 1.4955e-10 0 0)
(0.00553862 1.05303e-08 0 1.34094e-11 0 0)
(0.00554002 1.17572e-07 0 7.48562e-12 0 0)
(0.00553998 -1.02119e-06 0 3.6275e-10 0 0)
(0.00553873 -9.10425e-07 0 2.0105e-10 0 0)
(0.00568047 -1.03383e-07 0 1.06345e-11 0 0)
(0.00567975 2.09053e-07 0 1.1186e-11 0 0)
(0.00568084 -1.09586e-06 0 3.98559e-10 0 0)
(0.00568028 -8.34356e-07 0 1.59333e-10 0 0)
(0.00580183 2.68801e-08 0 1.20491e-11 0 0)
(0.00579883 1.17666e-07 0 6.493e-12 0 0)
(0.00580113 -1.07143e-06 0 3.53078e-10 0 0)
(0.00580111 -8.5403e-07 0 1.69344e-10 0 0)
(0.00590495 -4.60886e-08 0 8.1349e-12 0 0)
(0.0058994 1.94527e-07 0 1.03805e-11 0 0)
(0.00590236 -1.12776e-06 0 3.7109e-10 0 0)
(0.00590268 -8.09373e-07 0 1.45689e-10 0 0)
(0.00599069 3.44047e-08 0 1.11594e-11 0 0)
(0.00598307 1.65267e-07 0 8.30015e-12 0 0)
(0.00598641 -1.12454e-06 0 3.46221e-10 0 0)
(0.0059869 -8.17629e-07 0 1.47168e-10 0 0)
(0.00606051 1.65665e-08 0 1.24058e-11 0 0)
(0.00605146 2.04383e-07 0 1.04734e-11 0 0)
(0.00605449 -1.17101e-06 0 3.56118e-10 0 0)
(0.00605497 -7.92282e-07 0 1.32265e-10 0 0)
(0.00611598 5.14083e-08 0 1.19602e-11 0 0)
(0.00610591 2.2719e-07 0 1.14381e-11 0 0)
(0.0061086 -1.16948e-06 0 3.36908e-10 0 0)
(0.00610891 -7.79382e-07 0 1.26138e-10 0 0)
(0.00615824 9.50411e-08 0 1.35624e-11 0 0)
(0.00614766 2.84605e-07 0 1.76455e-11 0 0)
(0.00614936 -1.19683e-06 0 3.38466e-10 0 0)
(0.00614935 -7.63512e-07 0 1.17724e-10 0 0)
(0.00618836 8.57512e-08 0 1.88324e-11 0 0)
(0.00617773 2.70932e-07 0 1.46592e-11 0 0)
(0.00617857 -1.21702e-06 0 3.33441e-10 0 0)
(0.00617796 -7.44464e-07 0 1.07451e-10 0 0)
(0.00620702 1.32538e-07 0 1.75807e-11 0 0)
(0.00619674 3.7915e-07 0 2.65311e-11 0 0)
(0.00619614 -1.20131e-06 0 3.20944e-10 0 0)
(0.00619448 -7.33174e-07 0 1.03882e-10 0 0)
(0.00621465 1.54975e-07 0 1.83883e-11 0 0)
(0.00620548 3.71441e-07 0 2.78291e-11 0 0)
(0.00620359 -1.19743e-06 0 2.96538e-10 0 0)
(0.00620087 -7.03824e-07 0 9.60438e-11 0 0)
(0.00621152 1.27512e-07 0 2.4439e-11 0 0)
(0.00620373 4.12588e-07 0 2.98081e-11 0 0)
(0.00620127 -1.16376e-06 0 2.76723e-10 0 0)
(0.00619713 -7.10947e-07 0 9.57288e-11 0 0)
(0.00619754 1.785e-07 0 1.68563e-11 0 0)
(0.00619221 5.11073e-07 0 4.64224e-11 0 0)
(0.00618986 -1.10524e-06 0 2.41742e-10 0 0)
(0.00618323 -6.65751e-07 0 8.88622e-11 0 0)
(0.00617234 1.30559e-07 0 2.04576e-11 0 0)
(0.00616855 4.71459e-07 0 4.11364e-11 0 0)
(0.0061663 -1.0957e-06 0 2.30534e-10 0 0)
(0.0061576 -6.33503e-07 0 8.06288e-11 0 0)
(0.00613557 1.60698e-07 0 2.25379e-11 0 0)
(0.00613246 5.34452e-07 0 4.94403e-11 0 0)
(0.00613042 -1.01918e-06 0 2.0358e-10 0 0)
(0.00612023 -5.83861e-07 0 7.01012e-11 0 0)
(0.00608546 1.09877e-07 0 1.60777e-11 0 0)
(0.00608218 5.46546e-07 0 5.54979e-11 0 0)
(0.00608009 -9.86149e-07 0 1.88244e-10 0 0)
(0.00606972 -5.25885e-07 0 5.96199e-11 0 0)
(0.00602082 1.42566e-07 0 1.9608e-11 0 0)
(0.00601746 5.37933e-07 0 5.34049e-11 0 0)
(0.00601488 -9.23186e-07 0 1.6719e-10 0 0)
(0.00600426 -4.69582e-07 0 4.84389e-11 0 0)
(0.00593943 8.11653e-08 0 1.32653e-11 0 0)
(0.00593687 5.87147e-07 0 6.5553e-11 0 0)
(0.005934 -8.53808e-07 0 1.46126e-10 0 0)
(0.00592389 -4.23619e-07 0 4.0718e-11 0 0)
(0.00583857 9.86477e-08 0 1.19167e-11 0 0)
(0.00583818 5.80604e-07 0 6.62666e-11 0 0)
(0.00583584 -8.0422e-07 0 1.32667e-10 0 0)
(0.00582598 -3.78322e-07 0 3.46299e-11 0 0)
(0.00571766 5.17509e-08 0 9.44481e-12 0 0)
(0.00571997 5.87571e-07 0 7.16781e-11 0 0)
(0.00571887 -7.39893e-07 0 1.16869e-10 0 0)
(0.00570913 -3.42406e-07 0 2.9979e-11 0 0)
(0.00557669 4.449e-08 0 6.38997e-12 0 0)
(0.00558154 5.6195e-07 0 6.85887e-11 0 0)
(0.00558107 -6.96922e-07 0 1.07388e-10 0 0)
(0.00557109 -3.11664e-07 0 2.75191e-11 0 0)
(0.00541379 8.40636e-09 0 6.20524e-12 0 0)
(0.0054206 5.30041e-07 0 6.64378e-11 0 0)
(0.00542076 -6.32666e-07 0 9.42708e-11 0 0)
(0.00541029 -2.82456e-07 0 2.52661e-11 0 0)
(0.00522684 -1.18867e-08 0 3.75741e-12 0 0)
(0.00523568 4.84218e-07 0 6.00354e-11 0 0)
(0.0052361 -5.935e-07 0 8.74162e-11 0 0)
(0.00522469 -2.55963e-07 0 2.36807e-11 0 0)
(0.0050143 -4.00082e-08 0 5.4649e-12 0 0)
(0.00502408 4.27845e-07 0 5.30297e-11 0 0)
(0.0050248 -5.24882e-07 0 7.59172e-11 0 0)
(0.00501297 -2.33275e-07 0 2.28854e-11 0 0)
(0.00477498 -5.48261e-08 0 4.24169e-12 0 0)
(0.00478482 3.71565e-07 0 4.39563e-11 0 0)
(0.00478552 -4.77993e-07 0 6.84814e-11 0 0)
(0.00477382 -1.97493e-07 0 1.98235e-11 0 0)
(0.004508 -6.55504e-08 0 4.7305e-12 0 0)
(0.00451753 3.22242e-07 0 3.99945e-11 0 0)
(0.00451827 -4.12348e-07 0 5.85944e-11 0 0)
(0.00450694 -1.68884e-07 0 1.80699e-11 0 0)
(0.00421417 -5.6826e-08 0 4.78357e-12 0 0)
(0.0042225 2.71478e-07 0 3.27863e-11 0 0)
(0.00422301 -3.54935e-07 0 5.02254e-11 0 0)
(0.00421256 -1.44179e-07 0 1.63654e-11 0 0)
(0.00389359 -6.74415e-08 0 5.60261e-12 0 0)
(0.00390156 2.29868e-07 0 2.89675e-11 0 0)
(0.00390198 -3.04839e-07 0 4.35816e-11 0 0)
(0.00389209 -1.15621e-07 0 1.29991e-11 0 0)
(0.0035501 -4.53646e-08 0 5.92743e-12 0 0)
(0.00355664 1.8373e-07 0 2.42686e-11 0 0)
(0.00355674 -2.46889e-07 0 3.59776e-11 0 0)
(0.00354796 -1.03769e-07 0 1.29438e-11 0 0)
(0.00318592 -5.31053e-08 0 6.59595e-12 0 0)
(0.00319159 1.46954e-07 0 1.88575e-11 0 0)
(0.00319167 -2.10154e-07 0 3.14118e-11 0 0)
(0.00318404 -8.68937e-08 0 1.0807e-11 0 0)
(0.00280776 -3.29956e-08 0 6.80391e-12 0 0)
(0.00281229 1.14705e-07 0 1.52751e-11 0 0)
(0.0028121 -1.63002e-07 0 2.4897e-11 0 0)
(0.00280544 -7.25088e-08 0 9.72601e-12 0 0)
(0.00242054 -2.76325e-08 0 6.01976e-12 0 0)
(0.00242429 9.23084e-08 0 1.25682e-11 0 0)
(0.00242417 -1.3111e-07 0 2.03735e-11 0 0)
(0.0024187 -5.98817e-08 0 7.83506e-12 0 0)
(0.00203295 -1.11577e-08 0 5.38723e-12 0 0)
(0.00203612 6.98396e-08 0 9.47455e-12 0 0)
(0.00203576 -9.58982e-08 0 1.52062e-11 0 0)
(0.00203121 -4.88309e-08 0 6.19931e-12 0 0)
(0.00165305 -5.80728e-09 0 3.97777e-12 0 0)
(0.00165573 5.27939e-08 0 7.01666e-12 0 0)
(0.00165548 -7.22563e-08 0 1.14947e-11 0 0)
(0.00165215 -3.97235e-08 0 4.32554e-12 0 0)
(0.00129097 2.20249e-09 0 2.88321e-12 0 0)
(0.00129336 3.75964e-08 0 4.65934e-12 0 0)
(0.0012928 -4.95423e-08 0 7.68289e-12 0 0)
(0.00129025 -3.05885e-08 0 2.86103e-12 0 0)
(0.000956201 3.32645e-09 0 1.71767e-12 0 0)
(0.000958241 2.56008e-08 0 2.94022e-12 0 0)
(0.000957763 -3.32307e-08 0 4.86977e-12 0 0)
(0.000955995 -2.26796e-08 0 1.63291e-12 0 0)
(0.000658813 4.06214e-09 0 9.30421e-13 0 0)
(0.000660516 1.56936e-08 0 1.62084e-12 0 0)
(0.000660035 -1.95549e-08 0 2.55144e-12 0 0)
(0.000658737 -1.51226e-08 0 8.53033e-13 0 0)
(0.00040794 2.70352e-09 0 3.95704e-13 0 0)
(0.000409158 8.13362e-09 0 7.85987e-13 0 0)
(0.000408821 -1.02577e-08 0 1.15592e-12 0 0)
(0.000408001 -8.75192e-09 0 3.70384e-13 0 0)
(0.000211877 1.44328e-09 0 1.27991e-13 0 0)
(0.000212616 3.39533e-09 0 2.86101e-13 0 0)
(0.000212389 -4.06015e-09 0 3.69073e-13 0 0)
(0.000211924 -4.10221e-09 0 1.30619e-13 0 0)
(7.72369e-05 4.96949e-10 0 2.76491e-14 0 0)
(7.75447e-05 7.98394e-10 0 5.14318e-14 0 0)
(7.74516e-05 -1.08539e-09 0 7.69146e-14 0 0)
(7.72613e-05 -1.33998e-09 0 3.85413e-14 0 0)
(8.66618e-06 2.95222e-11 0 1.09787e-15 0 0)
(8.70812e-06 4.81232e-11 0 3.59475e-15 0 0)
(8.69458e-06 -2.66963e-11 0 1.48393e-15 0 0)
(8.66398e-06 -6.57538e-11 0 5.51366e-16 0 0)
(0.000242404 -1.43363e-08 0 4.13493e-11 0 0)
(0.000242211 2.59423e-08 0 1.29798e-10 0 0)
(0.000242127 2.11346e-07 0 2.59658e-10 0 0)
(0.000241802 -8.59368e-08 0 1.12794e-10 0 0)
(0.000363483 -2.45159e-08 0 3.09893e-11 0 0)
(0.000371603 4.50093e-08 0 1.6926e-10 0 0)
(0.00036267 2.60341e-07 0 2.69387e-10 0 0)
(0.00036433 -8.23496e-08 0 9.81166e-11 0 0)
(0.00057324 -4.00698e-08 0 5.04969e-11 0 0)
(0.00058073 3.7319e-08 0 9.06631e-11 0 0)
(0.000573307 4.36575e-07 0 5.27451e-10 0 0)
(0.000571767 -5.98954e-08 0 3.08783e-10 0 0)
(0.000825011 -1.17084e-07 0 6.87516e-11 0 0)
(0.000830879 5.31225e-08 0 2.01632e-10 0 0)
(0.0008253 4.56604e-07 0 3.65407e-10 0 0)
(0.000821604 -1.17573e-07 0 7.4118e-11 0 0)
(0.00111274 -1.26646e-07 0 8.3269e-11 0 0)
(0.00111694 5.97546e-08 0 6.08059e-11 0 0)
(0.00111328 6.17412e-07 0 5.71029e-10 0 0)
(0.00110751 -1.26001e-07 0 1.16106e-10 0 0)
(0.00143005 -1.66834e-07 0 1.57066e-10 0 0)
(0.00143234 5.51071e-08 0 2.54445e-10 0 0)
(0.00143051 7.54612e-07 0 5.89354e-10 0 0)
(0.0014244 2.96821e-08 0 1.55606e-10 0 0)
(0.00176958 -1.55239e-07 0 1.1982e-10 0 0)
(0.00177026 8.11261e-08 0 7.89017e-11 0 0)
(0.00176989 8.10345e-07 0 6.2997e-10 0 0)
(0.00176386 -8.44812e-08 0 7.7896e-11 0 0)
(0.00212441 -1.91351e-07 0 1.79174e-10 0 0)
(0.00212372 5.37339e-08 0 2.38803e-10 0 0)
(0.00212453 9.55383e-07 0 6.2998e-10 0 0)
(0.00211924 9.56614e-08 0 1.28772e-10 0 0)
(0.00248671 -1.35402e-07 0 1.24638e-10 0 0)
(0.00248442 1.13475e-07 0 1.22201e-10 0 0)
(0.00248662 1.0011e-06 0 6.60002e-10 0 0)
(0.00248269 1.37683e-08 0 1.02339e-10 0 0)
(0.0028497 -1.62608e-07 0 1.5948e-10 0 0)
(0.00284637 5.77711e-08 0 2.00384e-10 0 0)
(0.00284962 1.09779e-06 0 6.20522e-10 0 0)
(0.00284688 1.49781e-07 0 1.13654e-10 0 0)
(0.00320659 -7.83417e-08 0 1.19125e-10 0 0)
(0.0032022 1.32664e-07 0 1.47032e-10 0 0)
(0.00320664 1.11774e-06 0 6.12407e-10 0 0)
(0.00320485 1.2441e-07 0 1.36368e-10 0 0)
(0.00355227 -5.36097e-08 0 1.51611e-10 0 0)
(0.00354718 1.0323e-07 0 1.80079e-10 0 0)
(0.00355269 1.20616e-06 0 6.08e-10 0 0)
(0.0035512 1.98306e-07 0 1.21e-10 0 0)
(0.00388127 -7.06185e-08 0 8.18243e-11 0 0)
(0.00387531 1.15991e-07 0 1.77482e-10 0 0)
(0.0038822 1.17375e-06 0 5.51386e-10 0 0)
(0.00388126 1.29397e-07 0 8.96397e-11 0 0)
(0.0041906 5.96926e-08 0 1.60976e-10 0 0)
(0.00418419 1.24245e-07 0 1.61135e-10 0 0)
(0.00419205 1.25322e-06 0 5.55659e-10 0 0)
(0.00419139 2.91116e-07 0 1.54733e-10 0 0)
(0.00447655 -7.54252e-09 0 7.34316e-11 0 0)
(0.00446978 1.37905e-07 0 2.04008e-10 0 0)
(0.00447834 1.19903e-06 0 5.04963e-10 0 0)
(0.00447878 1.68377e-07 0 6.84199e-11 0 0)
(0.00473846 6.42659e-08 0 1.00965e-10 0 0)
(0.0047321 8.52867e-08 0 1.70952e-10 0 0)
(0.00474129 1.19289e-06 0 4.51778e-10 0 0)
(0.00474173 3.50516e-07 0 1.31026e-10 0 0)
(0.00497435 1.73662e-07 0 1.43852e-10 0 0)
(0.00496856 1.7111e-07 0 1.83499e-10 0 0)
(0.00497887 1.19272e-06 0 4.42835e-10 0 0)
(0.00498013 4.36503e-07 0 1.82335e-10 0 0)
(0.00518557 8.65024e-08 0 6.457e-11 0 0)
(0.00518121 8.42819e-08 0 2.06039e-10 0 0)
(0.00519137 1.13262e-06 0 3.83356e-10 0 0)
(0.00519237 3.34306e-07 0 8.54778e-11 0 0)
(0.00537163 2.13543e-07 0 1.36139e-10 0 0)
(0.00536781 1.00153e-07 0 1.78273e-10 0 0)
(0.00537766 1.11386e-06 0 3.52627e-10 0 0)
(0.00537978 5.19819e-07 0 1.76159e-10 0 0)
(0.00553513 1.95266e-07 0 8.26695e-11 0 0)
(0.00553228 8.90471e-08 0 2.05379e-10 0 0)
(0.00554012 1.0952e-06 0 3.33937e-10 0 0)
(0.00554272 3.99258e-07 0 1.0587e-10 0 0)
(0.0056755 2.10185e-07 0 9.61996e-11 0 0)
(0.00567261 3.61367e-08 0 1.89058e-10 0 0)
(0.00567884 1.01926e-06 0 2.79102e-10 0 0)
(0.00568287 4.56082e-07 0 1.01067e-10 0 0)
(0.00579684 2.75654e-07 0 9.87854e-11 0 0)
(0.00579507 7.70107e-08 0 1.88341e-10 0 0)
(0.00579778 1.02159e-06 0 2.71173e-10 0 0)
(0.00580249 4.54808e-07 0 1.14916e-10 0 0)
(0.00589748 2.90997e-07 0 1.03979e-10 0 0)
(0.00589573 4.85743e-08 0 1.66324e-10 0 0)
(0.00589733 9.6022e-07 0 2.29751e-10 0 0)
(0.0059041 4.54536e-07 0 9.35043e-11 0 0)
(0.00598278 3.17574e-07 0 1.00929e-10 0 0)
(0.00598286 6.89271e-08 0 1.60172e-10 0 0)
(0.00598151 9.54193e-07 0 2.2171e-10 0 0)
(0.0059884 4.07128e-07 0 8.22134e-11 0 0)
(0.00604935 3.52502e-07 0 1.03936e-10 0 0)
(0.00604778 8.3416e-08 0 1.38019e-10 0 0)
(0.00604768 9.04636e-07 0 1.88227e-10 0 0)
(0.0060574 3.8407e-07 0 7.00271e-11 0 0)
(0.00610546 3.53974e-07 0 9.76864e-11 0 0)
(0.00610587 8.46878e-08 0 1.26063e-10 0 0)
(0.00610285 8.85225e-07 0 1.764e-10 0 0)
(0.00611184 3.05975e-07 0 5.32646e-11 0 0)
(0.00614488 4.25608e-07 0 1.10688e-10 0 0)
(0.00614306 1.16408e-07 0 1.05024e-10 0 0)
(0.00614204 8.38288e-07 0 1.56922e-10 0 0)
(0.00615377 3.08871e-07 0 5.67626e-11 0 0)
(0.00617549 3.70716e-07 0 9.05457e-11 0 0)
(0.00617559 1.03991e-07 0 8.82174e-11 0 0)
(0.00617264 7.67463e-07 0 1.17818e-10 0 0)
(0.00618317 1.86731e-07 0 2.93325e-11 0 0)
(0.00619177 4.62346e-07 0 1.06421e-10 0 0)
(0.00618979 1.62164e-07 0 8.53289e-11 0 0)
(0.00618888 7.65938e-07 0 1.29945e-10 0 0)
(0.00620187 1.80666e-07 0 4.1674e-11 0 0)
(0.00620007 4.32889e-07 0 1.02202e-10 0 0)
(0.00619975 1.15845e-07 0 6.13803e-11 0 0)
(0.00619765 6.5596e-07 0 8.33298e-11 0 0)
(0.00620907 8.91374e-08 0 2.24054e-11 0 0)
(0.00619659 4.40973e-07 0 9.16296e-11 0 0)
(0.00619385 1.74456e-07 0 7.17148e-11 0 0)
(0.00619266 6.53765e-07 0 8.69564e-11 0 0)
(0.00620626 -4.01774e-08 0 1.62389e-11 0 0)
(0.00618188 5.12534e-07 0 1.1293e-10 0 0)
(0.00618082 1.66791e-07 0 6.02457e-11 0 0)
(0.00617983 6.15505e-07 0 8.29232e-11 0 0)
(0.00619191 -4.85643e-08 0 2.31743e-11 0 0)
(0.00615698 4.5934e-07 0 9.24518e-11 0 0)
(0.00615424 1.74681e-07 0 5.31092e-11 0 0)
(0.00615299 5.03955e-07 0 5.14692e-11 0 0)
(0.00616708 -1.81014e-07 0 1.40153e-11 0 0)
(0.00611826 5.23238e-07 0 9.89119e-11 0 0)
(0.00611743 2.00511e-07 0 5.42211e-11 0 0)
(0.00611665 5.00637e-07 0 5.79372e-11 0 0)
(0.00612979 -2.15419e-07 0 2.13373e-11 0 0)
(0.00606874 5.15172e-07 0 9.41355e-11 0 0)
(0.00606641 2.04798e-07 0 4.35085e-11 0 0)
(0.00606489 3.8661e-07 0 3.16846e-11 0 0)
(0.00607978 -2.94751e-07 0 2.28986e-11 0 0)
(0.00600259 5.25371e-07 0 8.70468e-11 0 0)
(0.00600284 2.1e-07 0 3.98372e-11 0 0)
(0.00600162 3.41683e-07 0 2.62538e-11 0 0)
(0.00601442 -3.77062e-07 0 3.02415e-11 0 0)
(0.0059248 5.32784e-07 0 8.30224e-11 0 0)
(0.00592439 2.23873e-07 0 3.85084e-11 0 0)
(0.00592102 2.93651e-07 0 1.9333e-11 0 0)
(0.00593324 -4.55061e-07 0 4.04802e-11 0 0)
(0.0058267 5.23638e-07 0 7.66484e-11 0 0)
(0.00582748 2.33304e-07 0 3.51883e-11 0 0)
(0.0058248 2.50596e-07 0 1.45211e-11 0 0)
(0.00583367 -5.14707e-07 0 5.0468e-11 0 0)
(0.00571266 5.1536e-07 0 7.13417e-11 0 0)
(0.00571322 2.41737e-07 0 3.49645e-11 0 0)
(0.00570841 2.28686e-07 0 1.19809e-11 0 0)
(0.00571489 -5.52395e-07 0 5.86709e-11 0 0)
(0.0055752 4.87119e-07 0 6.3533e-11 0 0)
(0.00557639 2.57062e-07 0 3.51006e-11 0 0)
(0.00557183 2.16777e-07 0 1.1489e-11 0 0)
(0.00557563 -5.74594e-07 0 6.48322e-11 0 0)
(0.00541589 4.64279e-07 0 5.75076e-11 0 0)
(0.0054172 2.68041e-07 0 3.71106e-11 0 0)
(0.00541193 2.19848e-07 0 1.20496e-11 0 0)
(0.00541426 -5.73294e-07 0 6.71366e-11 0 0)
(0.00523056 4.22009e-07 0 4.90923e-11 0 0)
(0.00523217 2.74202e-07 0 3.72305e-11 0 0)
(0.00522874 2.17571e-07 0 1.24157e-11 0 0)
(0.00522986 -5.66141e-07 0 6.82307e-11 0 0)
(0.00501941 3.84682e-07 0 4.22294e-11 0 0)
(0.00502151 2.68222e-07 0 3.84217e-11 0 0)
(0.00501857 2.19916e-07 0 1.31045e-11 0 0)
(0.00501874 -5.30575e-07 0 6.33181e-11 0 0)
(0.00478039 3.44615e-07 0 3.63745e-11 0 0)
(0.00478244 2.61509e-07 0 3.71806e-11 0 0)
(0.00478216 2.15049e-07 0 1.37589e-11 0 0)
(0.00478239 -4.91344e-07 0 6.04531e-11 0 0)
(0.00451367 3.03211e-07 0 3.03117e-11 0 0)
(0.00451732 2.49987e-07 0 3.51811e-11 0 0)
(0.00451637 2.08254e-07 0 1.35399e-11 0 0)
(0.00451498 -4.37975e-07 0 5.05547e-11 0 0)
(0.00421945 2.53816e-07 0 2.32782e-11 0 0)
(0.00422297 2.29132e-07 0 3.2764e-11 0 0)
(0.00422363 2.08714e-07 0 1.4716e-11 0 0)
(0.00422296 -3.98651e-07 0 4.64905e-11 0 0)
(0.00389861 2.03019e-07 0 1.73872e-11 0 0)
(0.00390398 2.06263e-07 0 2.87681e-11 0 0)
(0.00390355 1.96686e-07 0 1.40039e-11 0 0)
(0.00390077 -3.29428e-07 0 3.60778e-11 0 0)
(0.00355409 1.49445e-07 0 1.16989e-11 0 0)
(0.00355834 1.72971e-07 0 2.46361e-11 0 0)
(0.00355951 1.98737e-07 0 1.46941e-11 0 0)
(0.00355834 -2.89865e-07 0 3.06111e-11 0 0)
(0.00318927 9.68359e-08 0 7.5026e-12 0 0)
(0.00319416 1.36446e-07 0 2.01795e-11 0 0)
(0.00319482 1.77047e-07 0 1.32741e-11 0 0)
(0.00319254 -2.21978e-07 0 2.18722e-11 0 0)
(0.00281038 6.08947e-08 0 5.70354e-12 0 0)
(0.00281324 1.08169e-07 0 1.63554e-11 0 0)
(0.00281499 1.70008e-07 0 1.3629e-11 0 0)
(0.00281493 -1.76178e-07 0 1.70885e-11 0 0)
(0.00242284 2.7202e-08 0 3.94689e-12 0 0)
(0.00242541 8.22559e-08 0 1.23998e-11 0 0)
(0.00242679 1.42408e-07 0 1.16004e-11 0 0)
(0.00242636 -1.31912e-07 0 1.14298e-11 0 0)
(0.00203468 4.73485e-09 0 3.14832e-12 0 0)
(0.0020357 6.2166e-08 0 9.37462e-12 0 0)
(0.00203778 1.24694e-07 0 1.0559e-11 0 0)
(0.0020385 -1.00423e-07 0 8.29284e-12 0 0)
(0.00165451 -8.82105e-09 0 2.58547e-12 0 0)
(0.00165512 4.45222e-08 0 6.28342e-12 0 0)
(0.001657 9.53876e-08 0 7.77188e-12 0 0)
(0.00165724 -6.95675e-08 0 5.09034e-12 0 0)
(0.00129193 -1.50765e-08 0 2.04329e-12 0 0)
(0.00129166 3.13551e-08 0 4.2698e-12 0 0)
(0.00129385 7.50725e-08 0 6.03785e-12 0 0)
(0.00129447 -4.87869e-08 0 3.3406e-12 0 0)
(0.000956933 -1.49674e-08 0 1.43446e-12 0 0)
(0.000956485 2.06098e-08 0 2.50565e-12 0 0)
(0.000958367 5.03429e-08 0 3.64646e-12 0 0)
(0.000958644 -3.03373e-08 0 1.85073e-12 0 0)
(0.000659215 -1.23208e-08 0 9.02286e-13 0 0)
(0.000658585 1.26562e-08 0 1.43123e-12 0 0)
(0.00066031 3.35282e-08 0 2.27354e-12 0 0)
(0.000660623 -1.82643e-08 0 1.02317e-12 0 0)
(0.000408151 -7.61004e-09 0 4.42639e-13 0 0)
(0.000407678 6.68427e-09 0 6.3171e-13 0 0)
(0.000408939 1.7631e-08 0 9.97543e-13 0 0)
(0.000409052 -8.87219e-09 0 4.34699e-13 0 0)
(0.000211935 -4.01743e-09 0 1.8616e-13 0 0)
(0.000211606 2.65382e-09 0 2.25314e-13 0 0)
(0.000212436 8.20668e-09 0 4.06251e-13 0 0)
(0.000212515 -3.39595e-09 0 1.5377e-13 0 0)
(7.72154e-05 -1.29449e-09 0 3.9245e-14 0 0)
(7.70695e-05 6.45353e-10 0 4.79253e-14 0 0)
(7.74298e-05 2.26789e-09 0 9.23327e-14 0 0)
(7.74646e-05 -5.75411e-10 0 4.36492e-14 0 0)
(8.64522e-06 -9.44289e-11 0 3.15601e-15 0 0)
(8.6204e-06 5.21173e-12 0 8.36439e-16 0 0)
(8.67488e-06 1.44614e-10 0 3.21381e-15 0 0)
(8.68931e-06 -2.4579e-11 0 1.24288e-15 0 0)
)
;

boundaryField
{
    topWall
    {
        type            calculated;
        value           uniform (0 0 0 0 0 0);
    }
    botWall
    {
        type            calculated;
        value           uniform (0 0 0 0 0 0);
    }
    inlet
    {
        type            cyclic;
    }
    outlet
    {
        type            cyclic;
    }
    fixWall
    {
        type            empty;
    }
}


// ************************************************************************* //
