/*--------------------------------*- C++ -*----------------------------------*\
  =========                 |
  \\      /  F ield         | OpenFOAM: The Open Source CFD Toolbox
   \\    /   O peration     | Website:  https://openfoam.org
    \\  /    A nd           | Version:  dev
     \\/     M anipulation  |

   OpenFOAM for Windows 20.09 (v1)
   Built by CFD Support, www.cfdsupport.com (based on Symscape).
\*---------------------------------------------------------------------------*/
FoamFile
{
    version     2.0;
    format      ascii;
    class       volScalarField;
    location    "60";
    object      epsilon;
}
// * * * * * * * * * * * * * * * * * * * * * * * * * * * * * * * * * * * * * //

dimensions      [0 2 -3 0 0 0 0];

internalField   nonuniform List<scalar> 
1600
(
3.32661e-05
3.3266e-05
3.32659e-05
3.32659e-05
3.32658e-05
3.32659e-05
3.32659e-05
3.3266e-05
3.3266e-05
3.3266e-05
3.3266e-05
3.32659e-05
3.32658e-05
3.32657e-05
3.32656e-05
3.32656e-05
3.32655e-05
3.32655e-05
3.32655e-05
3.32655e-05
3.32655e-05
3.32656e-05
3.32656e-05
3.32656e-05
3.32656e-05
3.32656e-05
3.32656e-05
3.32657e-05
3.32657e-05
3.32657e-05
3.32657e-05
3.32657e-05
3.32658e-05
3.32658e-05
3.32658e-05
3.32658e-05
3.32658e-05
3.32658e-05
3.32658e-05
3.32659e-05
2.27553e-05
2.27555e-05
2.27555e-05
2.27555e-05
2.27555e-05
2.27555e-05
2.27555e-05
2.27555e-05
2.27555e-05
2.27555e-05
2.27554e-05
2.27554e-05
2.27553e-05
2.27553e-05
2.27552e-05
2.27552e-05
2.27552e-05
2.27552e-05
2.27552e-05
2.27552e-05
2.27552e-05
2.27552e-05
2.27552e-05
2.27552e-05
2.27552e-05
2.27552e-05
2.27552e-05
2.27553e-05
2.27553e-05
2.27553e-05
2.27553e-05
2.27553e-05
2.27553e-05
2.27553e-05
2.27553e-05
2.27553e-05
2.27554e-05
2.27554e-05
2.27554e-05
2.27557e-05
1.77647e-05
1.77648e-05
1.77649e-05
1.77649e-05
1.77649e-05
1.77649e-05
1.77649e-05
1.77648e-05
1.77648e-05
1.77648e-05
1.77647e-05
1.77647e-05
1.77646e-05
1.77646e-05
1.77645e-05
1.77645e-05
1.77645e-05
1.77645e-05
1.77645e-05
1.77645e-05
1.77645e-05
1.77645e-05
1.77645e-05
1.77645e-05
1.77645e-05
1.77645e-05
1.77646e-05
1.77646e-05
1.77646e-05
1.77646e-05
1.77646e-05
1.77646e-05
1.77646e-05
1.77646e-05
1.77646e-05
1.77646e-05
1.77646e-05
1.77646e-05
1.77647e-05
1.77648e-05
1.51764e-05
1.51764e-05
1.51765e-05
1.51765e-05
1.51765e-05
1.51765e-05
1.51764e-05
1.51764e-05
1.51763e-05
1.51763e-05
1.51762e-05
1.51762e-05
1.51761e-05
1.51761e-05
1.5176e-05
1.5176e-05
1.51761e-05
1.51761e-05
1.51761e-05
1.51761e-05
1.51761e-05
1.51761e-05
1.51761e-05
1.51761e-05
1.51761e-05
1.51761e-05
1.51761e-05
1.51761e-05
1.51761e-05
1.51761e-05
1.51761e-05
1.51761e-05
1.51761e-05
1.51761e-05
1.51761e-05
1.51761e-05
1.51761e-05
1.51761e-05
1.51762e-05
1.51763e-05
1.37015e-05
1.37017e-05
1.37017e-05
1.37017e-05
1.37017e-05
1.37017e-05
1.37016e-05
1.37016e-05
1.37015e-05
1.37014e-05
1.37014e-05
1.37013e-05
1.37012e-05
1.37012e-05
1.37012e-05
1.37012e-05
1.37012e-05
1.37012e-05
1.37012e-05
1.37012e-05
1.37012e-05
1.37012e-05
1.37012e-05
1.37012e-05
1.37013e-05
1.37013e-05
1.37013e-05
1.37012e-05
1.37012e-05
1.37012e-05
1.37013e-05
1.37012e-05
1.37013e-05
1.37013e-05
1.37013e-05
1.37013e-05
1.37013e-05
1.37013e-05
1.37013e-05
1.37014e-05
1.28202e-05
1.28204e-05
1.28205e-05
1.28205e-05
1.28205e-05
1.28204e-05
1.28203e-05
1.28202e-05
1.28201e-05
1.282e-05
1.282e-05
1.28199e-05
1.28198e-05
1.28198e-05
1.28198e-05
1.28198e-05
1.28198e-05
1.28199e-05
1.28199e-05
1.28199e-05
1.28199e-05
1.28199e-05
1.28199e-05
1.28199e-05
1.28199e-05
1.28199e-05
1.28199e-05
1.28199e-05
1.28199e-05
1.28199e-05
1.28199e-05
1.28199e-05
1.28199e-05
1.28199e-05
1.28199e-05
1.28199e-05
1.28199e-05
1.282e-05
1.282e-05
1.28199e-05
1.22888e-05
1.2289e-05
1.22891e-05
1.2289e-05
1.2289e-05
1.22888e-05
1.22887e-05
1.22886e-05
1.22885e-05
1.22884e-05
1.22884e-05
1.22883e-05
1.22882e-05
1.22882e-05
1.22882e-05
1.22882e-05
1.22883e-05
1.22883e-05
1.22883e-05
1.22883e-05
1.22883e-05
1.22883e-05
1.22883e-05
1.22883e-05
1.22883e-05
1.22883e-05
1.22883e-05
1.22883e-05
1.22883e-05
1.22883e-05
1.22883e-05
1.22883e-05
1.22883e-05
1.22883e-05
1.22884e-05
1.22884e-05
1.22884e-05
1.22884e-05
1.22884e-05
1.22884e-05
1.19787e-05
1.19788e-05
1.19789e-05
1.19788e-05
1.19787e-05
1.19786e-05
1.19784e-05
1.19783e-05
1.19783e-05
1.19782e-05
1.19782e-05
1.19781e-05
1.1978e-05
1.1978e-05
1.1978e-05
1.1978e-05
1.19781e-05
1.19781e-05
1.19781e-05
1.19781e-05
1.19781e-05
1.19781e-05
1.19781e-05
1.19781e-05
1.19781e-05
1.19781e-05
1.19781e-05
1.19782e-05
1.19781e-05
1.19781e-05
1.19781e-05
1.19781e-05
1.19782e-05
1.19782e-05
1.19782e-05
1.19782e-05
1.19782e-05
1.19782e-05
1.19782e-05
1.19783e-05
1.18152e-05
1.18154e-05
1.18155e-05
1.18155e-05
1.18154e-05
1.18153e-05
1.18152e-05
1.18152e-05
1.18152e-05
1.18151e-05
1.18151e-05
1.1815e-05
1.18149e-05
1.18149e-05
1.18149e-05
1.18149e-05
1.18149e-05
1.18149e-05
1.1815e-05
1.1815e-05
1.1815e-05
1.1815e-05
1.1815e-05
1.1815e-05
1.1815e-05
1.1815e-05
1.18151e-05
1.1815e-05
1.1815e-05
1.1815e-05
1.18151e-05
1.1815e-05
1.1815e-05
1.18151e-05
1.18151e-05
1.18151e-05
1.18151e-05
1.18151e-05
1.18151e-05
1.18151e-05
1.17518e-05
1.17522e-05
1.17526e-05
1.17527e-05
1.17527e-05
1.17527e-05
1.17527e-05
1.17527e-05
1.17527e-05
1.17527e-05
1.17526e-05
1.17525e-05
1.17524e-05
1.17524e-05
1.17524e-05
1.17524e-05
1.17524e-05
1.17524e-05
1.17525e-05
1.17525e-05
1.17525e-05
1.17525e-05
1.17525e-05
1.17525e-05
1.17525e-05
1.17525e-05
1.17526e-05
1.17525e-05
1.17526e-05
1.17526e-05
1.17526e-05
1.17525e-05
1.17526e-05
1.17526e-05
1.17526e-05
1.17526e-05
1.17526e-05
1.17526e-05
1.17526e-05
1.17523e-05
1.17586e-05
1.1759e-05
1.17594e-05
1.17596e-05
1.17597e-05
1.17597e-05
1.17597e-05
1.17597e-05
1.17597e-05
1.17598e-05
1.17597e-05
1.17596e-05
1.17595e-05
1.17595e-05
1.17595e-05
1.17595e-05
1.17595e-05
1.17595e-05
1.17595e-05
1.17596e-05
1.17596e-05
1.17596e-05
1.17596e-05
1.17596e-05
1.17596e-05
1.17596e-05
1.17596e-05
1.17597e-05
1.17597e-05
1.17597e-05
1.17596e-05
1.17596e-05
1.17597e-05
1.17597e-05
1.17597e-05
1.17597e-05
1.17597e-05
1.17597e-05
1.17597e-05
1.17594e-05
1.18132e-05
1.18137e-05
1.18142e-05
1.18143e-05
1.18144e-05
1.18145e-05
1.18145e-05
1.18145e-05
1.18145e-05
1.18144e-05
1.18143e-05
1.18142e-05
1.18141e-05
1.18141e-05
1.18142e-05
1.18142e-05
1.18142e-05
1.18142e-05
1.18142e-05
1.18142e-05
1.18143e-05
1.18143e-05
1.18143e-05
1.18143e-05
1.18143e-05
1.18143e-05
1.18143e-05
1.18143e-05
1.18143e-05
1.18143e-05
1.18143e-05
1.18143e-05
1.18144e-05
1.18144e-05
1.18144e-05
1.18144e-05
1.18144e-05
1.18144e-05
1.18144e-05
1.1814e-05
1.18994e-05
1.19e-05
1.19003e-05
1.19004e-05
1.19005e-05
1.19005e-05
1.19004e-05
1.19003e-05
1.19002e-05
1.19001e-05
1.19001e-05
1.19e-05
1.18999e-05
1.18999e-05
1.18999e-05
1.18999e-05
1.18999e-05
1.19e-05
1.19e-05
1.19e-05
1.19e-05
1.19e-05
1.19e-05
1.19e-05
1.19001e-05
1.19001e-05
1.19001e-05
1.19e-05
1.19e-05
1.19e-05
1.19001e-05
1.19001e-05
1.19001e-05
1.19001e-05
1.19001e-05
1.19001e-05
1.19001e-05
1.19001e-05
1.19001e-05
1.18998e-05
1.20046e-05
1.20048e-05
1.20048e-05
1.20048e-05
1.20047e-05
1.20046e-05
1.20045e-05
1.20043e-05
1.20042e-05
1.20041e-05
1.2004e-05
1.20039e-05
1.20038e-05
1.20038e-05
1.20038e-05
1.20038e-05
1.20039e-05
1.20039e-05
1.20039e-05
1.20039e-05
1.2004e-05
1.20039e-05
1.2004e-05
1.2004e-05
1.2004e-05
1.2004e-05
1.2004e-05
1.2004e-05
1.2004e-05
1.2004e-05
1.2004e-05
1.2004e-05
1.20041e-05
1.2004e-05
1.2004e-05
1.2004e-05
1.2004e-05
1.20041e-05
1.2004e-05
1.20042e-05
1.21164e-05
1.21167e-05
1.21167e-05
1.21166e-05
1.21165e-05
1.21163e-05
1.21161e-05
1.21159e-05
1.21157e-05
1.21156e-05
1.21155e-05
1.21154e-05
1.21153e-05
1.21153e-05
1.21153e-05
1.21154e-05
1.21154e-05
1.21154e-05
1.21154e-05
1.21154e-05
1.21154e-05
1.21154e-05
1.21154e-05
1.21154e-05
1.21154e-05
1.21154e-05
1.21154e-05
1.21155e-05
1.21155e-05
1.21155e-05
1.21155e-05
1.21155e-05
1.21155e-05
1.21155e-05
1.21155e-05
1.21155e-05
1.21155e-05
1.21156e-05
1.21156e-05
1.21157e-05
1.22265e-05
1.22268e-05
1.22268e-05
1.22268e-05
1.22267e-05
1.22265e-05
1.22262e-05
1.2226e-05
1.22258e-05
1.22257e-05
1.22256e-05
1.22255e-05
1.22254e-05
1.22254e-05
1.22254e-05
1.22254e-05
1.22254e-05
1.22254e-05
1.22255e-05
1.22255e-05
1.22255e-05
1.22254e-05
1.22255e-05
1.22255e-05
1.22255e-05
1.22255e-05
1.22255e-05
1.22255e-05
1.22255e-05
1.22255e-05
1.22255e-05
1.22255e-05
1.22255e-05
1.22255e-05
1.22255e-05
1.22255e-05
1.22256e-05
1.22256e-05
1.22256e-05
1.22258e-05
1.23272e-05
1.23275e-05
1.23275e-05
1.23275e-05
1.23274e-05
1.23272e-05
1.2327e-05
1.23267e-05
1.23265e-05
1.23264e-05
1.23263e-05
1.23262e-05
1.23261e-05
1.23261e-05
1.23261e-05
1.23261e-05
1.23261e-05
1.23261e-05
1.23262e-05
1.23261e-05
1.23261e-05
1.23262e-05
1.23262e-05
1.23262e-05
1.23262e-05
1.23262e-05
1.23262e-05
1.23262e-05
1.23262e-05
1.23262e-05
1.23262e-05
1.23262e-05
1.23262e-05
1.23262e-05
1.23262e-05
1.23262e-05
1.23263e-05
1.23263e-05
1.23263e-05
1.23265e-05
1.24115e-05
1.24117e-05
1.24117e-05
1.24117e-05
1.24117e-05
1.24115e-05
1.24112e-05
1.2411e-05
1.24109e-05
1.24107e-05
1.24106e-05
1.24105e-05
1.24104e-05
1.24104e-05
1.24104e-05
1.24104e-05
1.24104e-05
1.24104e-05
1.24104e-05
1.24105e-05
1.24105e-05
1.24105e-05
1.24105e-05
1.24105e-05
1.24105e-05
1.24105e-05
1.24105e-05
1.24105e-05
1.24105e-05
1.24105e-05
1.24105e-05
1.24105e-05
1.24105e-05
1.24105e-05
1.24106e-05
1.24106e-05
1.24106e-05
1.24106e-05
1.24106e-05
1.24108e-05
1.24729e-05
1.24731e-05
1.24732e-05
1.24732e-05
1.24731e-05
1.2473e-05
1.24728e-05
1.24726e-05
1.24725e-05
1.24724e-05
1.24723e-05
1.24722e-05
1.24721e-05
1.2472e-05
1.2472e-05
1.24721e-05
1.24721e-05
1.24721e-05
1.24721e-05
1.24721e-05
1.24721e-05
1.24721e-05
1.24721e-05
1.24721e-05
1.24721e-05
1.24721e-05
1.24721e-05
1.24721e-05
1.24721e-05
1.24721e-05
1.24721e-05
1.24722e-05
1.24722e-05
1.24722e-05
1.24722e-05
1.24722e-05
1.24722e-05
1.24722e-05
1.24723e-05
1.24724e-05
1.25059e-05
1.2506e-05
1.25062e-05
1.25062e-05
1.25062e-05
1.25062e-05
1.2506e-05
1.25059e-05
1.25057e-05
1.25056e-05
1.25055e-05
1.25054e-05
1.25054e-05
1.25053e-05
1.25053e-05
1.25053e-05
1.25053e-05
1.25053e-05
1.25054e-05
1.25054e-05
1.25054e-05
1.25054e-05
1.25054e-05
1.25054e-05
1.25054e-05
1.25054e-05
1.25054e-05
1.25054e-05
1.25054e-05
1.25054e-05
1.25054e-05
1.25054e-05
1.25054e-05
1.25055e-05
1.25055e-05
1.25055e-05
1.25055e-05
1.25055e-05
1.25055e-05
1.25055e-05
1.2505e-05
1.25056e-05
1.2506e-05
1.25061e-05
1.25062e-05
1.25061e-05
1.2506e-05
1.25058e-05
1.25057e-05
1.25056e-05
1.25055e-05
1.25054e-05
1.25054e-05
1.25053e-05
1.25054e-05
1.25054e-05
1.25054e-05
1.25054e-05
1.25054e-05
1.25054e-05
1.25054e-05
1.25054e-05
1.25054e-05
1.25054e-05
1.25054e-05
1.25054e-05
1.25054e-05
1.25054e-05
1.25054e-05
1.25054e-05
1.25055e-05
1.25055e-05
1.25055e-05
1.25055e-05
1.25055e-05
1.25055e-05
1.25055e-05
1.25055e-05
1.25055e-05
1.25053e-05
1.24727e-05
1.24729e-05
1.2473e-05
1.24731e-05
1.24731e-05
1.24729e-05
1.24727e-05
1.24726e-05
1.24724e-05
1.24723e-05
1.24722e-05
1.24722e-05
1.24721e-05
1.24721e-05
1.24721e-05
1.24721e-05
1.24721e-05
1.24721e-05
1.24721e-05
1.24721e-05
1.24721e-05
1.24722e-05
1.24722e-05
1.24722e-05
1.24722e-05
1.24721e-05
1.24722e-05
1.24722e-05
1.24722e-05
1.24722e-05
1.24722e-05
1.24723e-05
1.24723e-05
1.24723e-05
1.24723e-05
1.24723e-05
1.24723e-05
1.24723e-05
1.24723e-05
1.24723e-05
1.24114e-05
1.24117e-05
1.24117e-05
1.24117e-05
1.24116e-05
1.24114e-05
1.24112e-05
1.2411e-05
1.24108e-05
1.24107e-05
1.24106e-05
1.24105e-05
1.24105e-05
1.24105e-05
1.24105e-05
1.24105e-05
1.24105e-05
1.24105e-05
1.24105e-05
1.24105e-05
1.24105e-05
1.24105e-05
1.24105e-05
1.24105e-05
1.24105e-05
1.24105e-05
1.24105e-05
1.24106e-05
1.24106e-05
1.24106e-05
1.24106e-05
1.24106e-05
1.24106e-05
1.24107e-05
1.24107e-05
1.24106e-05
1.24106e-05
1.24107e-05
1.24107e-05
1.24108e-05
1.23272e-05
1.23275e-05
1.23276e-05
1.23275e-05
1.23274e-05
1.23271e-05
1.23269e-05
1.23266e-05
1.23265e-05
1.23263e-05
1.23262e-05
1.23261e-05
1.23261e-05
1.23261e-05
1.23261e-05
1.23262e-05
1.23262e-05
1.23262e-05
1.23262e-05
1.23262e-05
1.23262e-05
1.23262e-05
1.23262e-05
1.23262e-05
1.23262e-05
1.23262e-05
1.23262e-05
1.23262e-05
1.23263e-05
1.23263e-05
1.23263e-05
1.23263e-05
1.23263e-05
1.23263e-05
1.23263e-05
1.23263e-05
1.23263e-05
1.23263e-05
1.23264e-05
1.23265e-05
1.22265e-05
1.22269e-05
1.22269e-05
1.22269e-05
1.22268e-05
1.22265e-05
1.22262e-05
1.22259e-05
1.22258e-05
1.22256e-05
1.22255e-05
1.22254e-05
1.22254e-05
1.22254e-05
1.22254e-05
1.22254e-05
1.22254e-05
1.22254e-05
1.22255e-05
1.22255e-05
1.22255e-05
1.22255e-05
1.22255e-05
1.22255e-05
1.22255e-05
1.22255e-05
1.22255e-05
1.22255e-05
1.22255e-05
1.22255e-05
1.22256e-05
1.22256e-05
1.22256e-05
1.22256e-05
1.22256e-05
1.22256e-05
1.22256e-05
1.22256e-05
1.22257e-05
1.22258e-05
1.21165e-05
1.21168e-05
1.21169e-05
1.21169e-05
1.21168e-05
1.21165e-05
1.21162e-05
1.21159e-05
1.21157e-05
1.21155e-05
1.21154e-05
1.21153e-05
1.21153e-05
1.21153e-05
1.21153e-05
1.21153e-05
1.21154e-05
1.21154e-05
1.21154e-05
1.21154e-05
1.21155e-05
1.21155e-05
1.21155e-05
1.21155e-05
1.21155e-05
1.21154e-05
1.21154e-05
1.21155e-05
1.21155e-05
1.21155e-05
1.21155e-05
1.21155e-05
1.21155e-05
1.21155e-05
1.21155e-05
1.21155e-05
1.21156e-05
1.21156e-05
1.21156e-05
1.21157e-05
1.20049e-05
1.20053e-05
1.20054e-05
1.20054e-05
1.20053e-05
1.2005e-05
1.20046e-05
1.20043e-05
1.20041e-05
1.2004e-05
1.20038e-05
1.20038e-05
1.20037e-05
1.20038e-05
1.20038e-05
1.20038e-05
1.20038e-05
1.20038e-05
1.20039e-05
1.20039e-05
1.20039e-05
1.20039e-05
1.20039e-05
1.20039e-05
1.20039e-05
1.20039e-05
1.20039e-05
1.20039e-05
1.20039e-05
1.20039e-05
1.2004e-05
1.20039e-05
1.20039e-05
1.2004e-05
1.2004e-05
1.2004e-05
1.2004e-05
1.2004e-05
1.2004e-05
1.20041e-05
1.19008e-05
1.19013e-05
1.19014e-05
1.19014e-05
1.19013e-05
1.19009e-05
1.19006e-05
1.19003e-05
1.19001e-05
1.19e-05
1.18998e-05
1.18997e-05
1.18998e-05
1.18998e-05
1.18998e-05
1.18998e-05
1.18998e-05
1.18998e-05
1.18998e-05
1.18999e-05
1.18999e-05
1.18999e-05
1.18999e-05
1.18999e-05
1.18999e-05
1.18999e-05
1.18999e-05
1.18999e-05
1.18999e-05
1.18999e-05
1.18999e-05
1.19e-05
1.19e-05
1.19e-05
1.19e-05
1.19e-05
1.19e-05
1.19e-05
1.19e-05
1.19001e-05
1.1815e-05
1.18154e-05
1.18155e-05
1.18155e-05
1.18154e-05
1.1815e-05
1.18147e-05
1.18145e-05
1.18143e-05
1.18141e-05
1.1814e-05
1.18139e-05
1.18139e-05
1.18139e-05
1.18139e-05
1.18139e-05
1.18139e-05
1.18139e-05
1.1814e-05
1.1814e-05
1.1814e-05
1.1814e-05
1.1814e-05
1.1814e-05
1.1814e-05
1.18141e-05
1.18141e-05
1.18141e-05
1.18141e-05
1.18141e-05
1.18141e-05
1.18141e-05
1.18141e-05
1.18141e-05
1.18141e-05
1.18142e-05
1.18142e-05
1.18142e-05
1.18142e-05
1.18143e-05
1.17602e-05
1.17605e-05
1.17606e-05
1.17606e-05
1.17605e-05
1.17602e-05
1.17599e-05
1.17597e-05
1.17595e-05
1.17594e-05
1.17593e-05
1.17592e-05
1.17592e-05
1.17592e-05
1.17592e-05
1.17592e-05
1.17592e-05
1.17592e-05
1.17592e-05
1.17592e-05
1.17592e-05
1.17592e-05
1.17593e-05
1.17593e-05
1.17593e-05
1.17593e-05
1.17593e-05
1.17593e-05
1.17593e-05
1.17594e-05
1.17594e-05
1.17594e-05
1.17594e-05
1.17594e-05
1.17594e-05
1.17594e-05
1.17594e-05
1.17594e-05
1.17594e-05
1.17595e-05
1.17529e-05
1.17531e-05
1.17532e-05
1.17532e-05
1.17531e-05
1.17529e-05
1.17527e-05
1.17525e-05
1.17524e-05
1.17523e-05
1.17522e-05
1.17521e-05
1.1752e-05
1.1752e-05
1.1752e-05
1.17521e-05
1.17521e-05
1.17521e-05
1.17521e-05
1.17521e-05
1.17521e-05
1.17521e-05
1.17521e-05
1.17521e-05
1.17522e-05
1.17522e-05
1.17522e-05
1.17522e-05
1.17522e-05
1.17522e-05
1.17522e-05
1.17522e-05
1.17522e-05
1.17522e-05
1.17522e-05
1.17522e-05
1.17522e-05
1.17523e-05
1.17523e-05
1.17524e-05
1.1815e-05
1.18151e-05
1.18153e-05
1.18153e-05
1.18153e-05
1.18151e-05
1.1815e-05
1.18149e-05
1.18148e-05
1.18148e-05
1.18147e-05
1.18145e-05
1.18145e-05
1.18145e-05
1.18145e-05
1.18145e-05
1.18145e-05
1.18145e-05
1.18145e-05
1.18146e-05
1.18145e-05
1.18146e-05
1.18146e-05
1.18146e-05
1.18146e-05
1.18146e-05
1.18146e-05
1.18146e-05
1.18146e-05
1.18146e-05
1.18146e-05
1.18146e-05
1.18146e-05
1.18146e-05
1.18147e-05
1.18147e-05
1.18147e-05
1.18147e-05
1.18147e-05
1.18148e-05
1.19771e-05
1.19775e-05
1.19779e-05
1.19781e-05
1.19781e-05
1.19781e-05
1.1978e-05
1.1978e-05
1.19779e-05
1.19779e-05
1.19778e-05
1.19777e-05
1.19776e-05
1.19776e-05
1.19776e-05
1.19776e-05
1.19776e-05
1.19776e-05
1.19776e-05
1.19776e-05
1.19776e-05
1.19777e-05
1.19777e-05
1.19777e-05
1.19777e-05
1.19777e-05
1.19777e-05
1.19777e-05
1.19777e-05
1.19777e-05
1.19777e-05
1.19777e-05
1.19777e-05
1.19777e-05
1.19777e-05
1.19778e-05
1.19778e-05
1.19778e-05
1.19778e-05
1.19776e-05
1.2287e-05
1.22874e-05
1.22878e-05
1.2288e-05
1.22881e-05
1.22881e-05
1.22881e-05
1.22881e-05
1.22881e-05
1.22881e-05
1.2288e-05
1.22879e-05
1.22878e-05
1.22878e-05
1.22878e-05
1.22878e-05
1.22878e-05
1.22878e-05
1.22878e-05
1.22878e-05
1.22878e-05
1.22878e-05
1.22878e-05
1.22879e-05
1.22878e-05
1.22878e-05
1.22878e-05
1.22878e-05
1.22878e-05
1.22878e-05
1.22879e-05
1.22879e-05
1.22879e-05
1.22879e-05
1.22879e-05
1.22879e-05
1.22879e-05
1.22879e-05
1.22879e-05
1.22877e-05
1.28187e-05
1.28191e-05
1.28194e-05
1.28196e-05
1.28196e-05
1.28196e-05
1.28197e-05
1.28197e-05
1.28197e-05
1.28197e-05
1.28196e-05
1.28195e-05
1.28194e-05
1.28194e-05
1.28193e-05
1.28194e-05
1.28194e-05
1.28194e-05
1.28194e-05
1.28194e-05
1.28194e-05
1.28194e-05
1.28194e-05
1.28194e-05
1.28194e-05
1.28194e-05
1.28194e-05
1.28194e-05
1.28194e-05
1.28194e-05
1.28194e-05
1.28194e-05
1.28194e-05
1.28194e-05
1.28194e-05
1.28195e-05
1.28195e-05
1.28195e-05
1.28195e-05
1.28193e-05
1.37005e-05
1.37007e-05
1.37009e-05
1.3701e-05
1.3701e-05
1.3701e-05
1.3701e-05
1.3701e-05
1.3701e-05
1.3701e-05
1.37009e-05
1.37008e-05
1.37008e-05
1.37007e-05
1.37007e-05
1.37007e-05
1.37007e-05
1.37007e-05
1.37007e-05
1.37007e-05
1.37007e-05
1.37007e-05
1.37007e-05
1.37007e-05
1.37007e-05
1.37007e-05
1.37007e-05
1.37008e-05
1.37008e-05
1.37008e-05
1.37008e-05
1.37008e-05
1.37008e-05
1.37008e-05
1.37008e-05
1.37008e-05
1.37008e-05
1.37008e-05
1.37008e-05
1.37008e-05
1.51754e-05
1.51757e-05
1.51758e-05
1.51758e-05
1.51758e-05
1.51758e-05
1.51758e-05
1.51758e-05
1.51758e-05
1.51758e-05
1.51758e-05
1.51757e-05
1.51756e-05
1.51756e-05
1.51756e-05
1.51755e-05
1.51755e-05
1.51755e-05
1.51756e-05
1.51756e-05
1.51756e-05
1.51756e-05
1.51756e-05
1.51756e-05
1.51756e-05
1.51756e-05
1.51756e-05
1.51756e-05
1.51756e-05
1.51756e-05
1.51756e-05
1.51756e-05
1.51756e-05
1.51756e-05
1.51756e-05
1.51757e-05
1.51757e-05
1.51757e-05
1.51757e-05
1.51758e-05
1.7764e-05
1.77642e-05
1.77643e-05
1.77643e-05
1.77643e-05
1.77643e-05
1.77643e-05
1.77643e-05
1.77643e-05
1.77643e-05
1.77642e-05
1.77642e-05
1.77641e-05
1.77641e-05
1.7764e-05
1.7764e-05
1.7764e-05
1.7764e-05
1.7764e-05
1.7764e-05
1.7764e-05
1.7764e-05
1.7764e-05
1.7764e-05
1.77641e-05
1.77641e-05
1.77641e-05
1.77641e-05
1.77641e-05
1.77641e-05
1.77641e-05
1.77641e-05
1.77641e-05
1.77641e-05
1.77642e-05
1.77642e-05
1.77642e-05
1.77642e-05
1.77642e-05
1.77644e-05
2.27548e-05
2.27549e-05
2.27549e-05
2.27549e-05
2.27549e-05
2.27549e-05
2.27549e-05
2.27549e-05
2.27549e-05
2.27549e-05
2.27548e-05
2.27548e-05
2.27547e-05
2.27547e-05
2.27546e-05
2.27546e-05
2.27546e-05
2.27546e-05
2.27546e-05
2.27546e-05
2.27546e-05
2.27546e-05
2.27547e-05
2.27547e-05
2.27547e-05
2.27547e-05
2.27547e-05
2.27547e-05
2.27547e-05
2.27548e-05
2.27548e-05
2.27548e-05
2.27548e-05
2.27548e-05
2.27548e-05
2.27548e-05
2.27549e-05
2.27548e-05
2.27549e-05
2.27552e-05
3.32652e-05
3.32652e-05
3.32651e-05
3.3265e-05
3.32649e-05
3.32649e-05
3.3265e-05
3.3265e-05
3.3265e-05
3.32649e-05
3.32648e-05
3.32648e-05
3.32647e-05
3.32646e-05
3.32645e-05
3.32645e-05
3.32645e-05
3.32645e-05
3.32645e-05
3.32645e-05
3.32645e-05
3.32645e-05
3.32646e-05
3.32646e-05
3.32646e-05
3.32646e-05
3.32647e-05
3.32647e-05
3.32647e-05
3.32648e-05
3.32648e-05
3.32648e-05
3.32648e-05
3.32648e-05
3.32649e-05
3.32649e-05
3.32649e-05
3.32649e-05
3.32649e-05
3.32651e-05
)
;

boundaryField
{
    bottomWall
    {
        type            epsilonWallFunction;
        value           nonuniform List<scalar> 
40
(
3.32661e-05
3.3266e-05
3.32659e-05
3.32659e-05
3.32658e-05
3.32659e-05
3.32659e-05
3.3266e-05
3.3266e-05
3.3266e-05
3.3266e-05
3.32659e-05
3.32658e-05
3.32657e-05
3.32656e-05
3.32656e-05
3.32655e-05
3.32655e-05
3.32655e-05
3.32655e-05
3.32655e-05
3.32656e-05
3.32656e-05
3.32656e-05
3.32656e-05
3.32656e-05
3.32656e-05
3.32657e-05
3.32657e-05
3.32657e-05
3.32657e-05
3.32657e-05
3.32658e-05
3.32658e-05
3.32658e-05
3.32658e-05
3.32658e-05
3.32658e-05
3.32658e-05
3.32659e-05
)
;
    }
    topWall
    {
        type            epsilonWallFunction;
        value           nonuniform List<scalar> 
40
(
3.32652e-05
3.32652e-05
3.32651e-05
3.3265e-05
3.32649e-05
3.32649e-05
3.3265e-05
3.3265e-05
3.3265e-05
3.32649e-05
3.32648e-05
3.32648e-05
3.32647e-05
3.32646e-05
3.32645e-05
3.32645e-05
3.32645e-05
3.32645e-05
3.32645e-05
3.32645e-05
3.32645e-05
3.32645e-05
3.32646e-05
3.32646e-05
3.32646e-05
3.32646e-05
3.32647e-05
3.32647e-05
3.32647e-05
3.32648e-05
3.32648e-05
3.32648e-05
3.32648e-05
3.32648e-05
3.32649e-05
3.32649e-05
3.32649e-05
3.32649e-05
3.32649e-05
3.32651e-05
)
;
    }
    sides1_half0
    {
        type            empty;
    }
    sides1_half1
    {
        type            empty;
    }
    sides2_half0
    {
        type            empty;
    }
    sides2_half1
    {
        type            empty;
    }
    inout1_half0
    {
        type            cyclic;
    }
    inout1_half1
    {
        type            cyclic;
    }
    inout2_half0
    {
        type            cyclic;
    }
    inout2_half1
    {
        type            cyclic;
    }
}


// ************************************************************************* //
